UNINTEGRATED	1CMET2-PWY:_folate_transformations_III_(E._coli)	4	0.13333333333333333	0.0010663939540214162
UNINTEGRATED	ANAGLYCOLYSIS-PWY:_glycolysis_III_(from_glucose)	6	0.2	0.00015188331480586736
UNINTEGRATED	ARGININE-SYN4-PWY:_L-ornithine_biosynthesis_II	2	0.06666666666666667	0.0008751658042799315
UNINTEGRATED	ARGSYN-PWY:_L-arginine_biosynthesis_I_(via_L-ornithine)	8	0.26666666666666666	0.00023689939402871119
UNINTEGRATED	ARGSYNBSUB-PWY:_L-arginine_biosynthesis_II_(acetyl_cycle)	10	0.3333333333333333	0.00024599372521338925
UNINTEGRATED	ARO-PWY:_chorismate_biosynthesis_I	12	0.4	0.001182161453886832
UNINTEGRATED	ASPASN-PWY:_superpathway_of_L-aspartate_and_L-asparagine_biosynthesis	1	0.03333333333333333	0.000931949360429174
UNINTEGRATED	BRANCHED-CHAIN-AA-SYN-PWY:_superpathway_of_branched_chain_amino_acid_biosynthesis	10	0.3333333333333333	0.0002666028096077744
UNINTEGRATED	CALVIN-PWY:_Calvin-Benson-Bassham_cycle	4	0.13333333333333333	4.654470235565533e-05
UNINTEGRATED	COA-PWY-1:_superpathway_of_coenzyme_A_biosynthesis_III_(mammals)	11	0.36666666666666664	0.0010189165401620626
UNINTEGRATED	COA-PWY:_coenzyme_A_biosynthesis_I_(prokaryotic)	18	0.6	0.0010793964877744422
UNINTEGRATED	COBALSYN-PWY:_superpathway_of_adenosylcobalamin_salvage_from_cobinamide_I	2	0.06666666666666667	9.135475029053985e-05
UNINTEGRATED	COMPLETE-ARO-PWY:_superpathway_of_aromatic_amino_acid_biosynthesis	3	0.1	3.1899451666705936e-05
UNINTEGRATED	DTDPRHAMSYN-PWY:_dTDP-&beta;-L-rhamnose_biosynthesis	12	0.4	0.002360363300656587
UNINTEGRATED	GALACTARDEG-PWY:_D-galactarate_degradation_I	1	0.03333333333333333	4.785153980280121e-06
UNINTEGRATED	GALACTUROCAT-PWY:_D-galacturonate_degradation_I	2	0.06666666666666667	0.00013712623260730972
UNINTEGRATED	GLCMANNANAUT-PWY:_superpathway_of_N-acetylglucosamine,_N-acetylmannosamine_and_N-acetylneuraminate_degradation	2	0.06666666666666667	8.746780516222241e-05
UNINTEGRATED	GLUCARGALACTSUPER-PWY:_superpathway_of_D-glucarate_and_D-galactarate_degradation	1	0.03333333333333333	4.785153980280121e-06
UNINTEGRATED	GLUCUROCAT-PWY:_superpathway_of_&beta;-D-glucuronosides_degradation	1	0.03333333333333333	8.748137992953264e-05
UNINTEGRATED	GLUTORN-PWY:_L-ornithine_biosynthesis_I	8	0.26666666666666666	0.00017277589448383424
UNINTEGRATED	GLYCOCAT-PWY:_glycogen_degradation_I	1	0.03333333333333333	1.3134317982221866e-05
UNINTEGRATED	GLYCOGENSYNTH-PWY:_glycogen_biosynthesis_I_(from_ADP-D-Glucose)	14	0.4666666666666667	0.0005921958751942125
UNINTEGRATED	GOLPDLCAT-PWY:_superpathway_of_glycerol_degradation_to_1,3-propanediol	1	0.03333333333333333	4.678194027940563e-06
UNINTEGRATED	HEME-BIOSYNTHESIS-II:_heme_b_biosynthesis_I_(aerobic)	2	0.06666666666666667	9.334793621973425e-06
UNINTEGRATED	HEMESYN2-PWY:_heme_b_biosynthesis_II_(oxygen-independent)	2	0.06666666666666667	9.374431851338905e-06
UNINTEGRATED	HISDEG-PWY:_L-histidine_degradation_I	4	0.13333333333333333	0.0009111648249083837
UNINTEGRATED	HISTSYN-PWY:_L-histidine_biosynthesis	5	0.16666666666666666	0.001032622399347427
UNINTEGRATED	HSERMETANA-PWY:_L-methionine_biosynthesis_III	6	0.2	6.498189315784497e-05
UNINTEGRATED	ILEUSYN-PWY:_L-isoleucine_biosynthesis_I_(from_threonine)	12	0.4	0.0002799793140808582
UNINTEGRATED	NONMEVIPP-PWY:_methylerythritol_phosphate_pathway_I	7	0.23333333333333334	0.0011057489936600051
UNINTEGRATED	NONOXIPENT-PWY:_pentose_phosphate_pathway_(non-oxidative_branch)_I	7	0.23333333333333334	0.0002715305274390012
UNINTEGRATED	P41-PWY:_pyruvate_fermentation_to_acetate_and_(S)-lactate_I	5	0.16666666666666666	4.962011399078925e-05
UNINTEGRATED	PANTO-PWY:_phosphopantothenate_biosynthesis_I	8	0.26666666666666666	0.0009396980655249632
UNINTEGRATED	PANTOSYN-PWY:_superpathway_of_coenzyme_A_biosynthesis_I_(bacteria)	6	0.2	0.0009156273149459881
UNINTEGRATED	PENTOSE-P-PWY:_pentose_phosphate_pathway	1	0.03333333333333333	0.0001734118085833236
UNINTEGRATED	PEPTIDOGLYCANSYN-PWY:_peptidoglycan_biosynthesis_I_(meso-diaminopimelate_containing)	13	0.43333333333333335	0.0012162058026932154
UNINTEGRATED	PWY-1042:_glycolysis_IV	13	0.43333333333333335	0.00191506539689823
UNINTEGRATED	PWY-1269:_CMP-3-deoxy-D-manno-octulosonate_biosynthesis	2	0.06666666666666667	0.00016800756180079812
UNINTEGRATED	PWY-2942:_L-lysine_biosynthesis_III	5	0.16666666666666666	0.0008978546894209405
UNINTEGRATED	PWY-3841:_folate_transformations_II_(plants)	10	0.3333333333333333	0.0010648056697423192
UNINTEGRATED	PWY-5005:_biotin_biosynthesis_II	2	0.06666666666666667	7.138830606989721e-06
UNINTEGRATED	PWY-5030:_L-histidine_degradation_III	4	0.13333333333333333	0.0009509173971277152
UNINTEGRATED	PWY-5097:_L-lysine_biosynthesis_VI	5	0.16666666666666666	0.0009288905250702806
UNINTEGRATED	PWY-5100:_pyruvate_fermentation_to_acetate_and_lactate_II	6	0.2	6.904025518006396e-05
UNINTEGRATED	PWY-5103:_L-isoleucine_biosynthesis_III	12	0.4	0.0002574874174032793
UNINTEGRATED	PWY-5121:_superpathway_of_geranylgeranyl_diphosphate_biosynthesis_II_(via_MEP)	1	0.03333333333333333	0.0007950753523552345
UNINTEGRATED	PWY-5130:_2-oxobutanoate_degradation_I	4	0.13333333333333333	0.0001199062206682644
UNINTEGRATED	PWY-5188:_tetrapyrrole_biosynthesis_I_(from_glutamate)	8	0.26666666666666666	6.1001397640314536e-05
UNINTEGRATED	PWY-5384:_sucrose_degradation_IV_(sucrose_phosphorylase)	3	0.1	0.00019304411601217542
UNINTEGRATED	PWY-5659:_GDP-mannose_biosynthesis	4	0.13333333333333333	0.00010302003758411171
UNINTEGRATED	PWY-5667:_CDP-diacylglycerol_biosynthesis_I	8	0.26666666666666666	0.0010640243782474856
UNINTEGRATED	PWY-5686:_UMP_biosynthesis_I	17	0.5666666666666667	0.001304156318306049
UNINTEGRATED	PWY-5695:_inosine_5'-phosphate_degradation	12	0.4	0.0013688550945873956
UNINTEGRATED	PWY-5837:_2-carboxy-1,4-naphthoquinol_biosynthesis	2	0.06666666666666667	6.24701855134191e-06
UNINTEGRATED	PWY-5941:_glycogen_degradation_II	7	0.23333333333333334	0.00022577938109458184
UNINTEGRATED	PWY-5973:_cis-vaccenate_biosynthesis	2	0.06666666666666667	0.001112737713608869
UNINTEGRATED	PWY-6121:_5-aminoimidazole_ribonucleotide_biosynthesis_I	20	0.6666666666666666	0.0011887083961216183
UNINTEGRATED	PWY-6122:_5-aminoimidazole_ribonucleotide_biosynthesis_II	24	0.8	0.001165514306524118
UNINTEGRATED	PWY-6123:_inosine-5'-phosphate_biosynthesis_I	7	0.23333333333333334	0.0011154911573401094
UNINTEGRATED	PWY-6124:_inosine-5'-phosphate_biosynthesis_II	10	0.3333333333333333	0.0011527014292027626
UNINTEGRATED	PWY-6125:_superpathway_of_guanosine_nucleotides_de_novo_biosynthesis_II	2	0.06666666666666667	0.0009594156061052406
UNINTEGRATED	PWY-6126:_superpathway_of_adenosine_nucleotides_de_novo_biosynthesis_II	2	0.06666666666666667	0.0011981180773910083
UNINTEGRATED	PWY-6147:_6-hydroxymethyl-dihydropterin_diphosphate_biosynthesis_I	3	0.1	0.001088107080354006
UNINTEGRATED	PWY-6151:_S-adenosyl-L-methionine_salvage_I	14	0.4666666666666667	0.001038256652810765
UNINTEGRATED	PWY-6163:_chorismate_biosynthesis_from_3-dehydroquinate	16	0.5333333333333333	0.001317111930144832
UNINTEGRATED	PWY-621:_sucrose_degradation_III_(sucrose_invertase)	4	0.13333333333333333	0.000200503073629843
UNINTEGRATED	PWY-6270:_isoprene_biosynthesis_I	2	0.06666666666666667	0.0001966816301589569
UNINTEGRATED	PWY-6277:_superpathway_of_5-aminoimidazole_ribonucleotide_biosynthesis	24	0.8	0.001165514306524118
UNINTEGRATED	PWY-6317:_D-galactose_degradation_I_(Leloir_pathway)	8	0.26666666666666666	0.00017409492437769902
UNINTEGRATED	PWY-6385:_peptidoglycan_biosynthesis_III_(mycobacteria)	13	0.43333333333333335	0.0010873879391174457
UNINTEGRATED	PWY-6386:_UDP-N-acetylmuramoyl-pentapeptide_biosynthesis_II_(lysine-containing)	11	0.36666666666666664	0.0011699431301710472
UNINTEGRATED	PWY-6387:_UDP-N-acetylmuramoyl-pentapeptide_biosynthesis_I_(meso-diaminopimelate_containing)	15	0.5	0.0012555496925199527
UNINTEGRATED	PWY-6507:_4-deoxy-L-threo-hex-4-enopyranuronate_degradation	1	0.03333333333333333	0.00010897444186441785
UNINTEGRATED	PWY-6527:_stachyose_degradation	8	0.26666666666666666	0.00010847380658307593
UNINTEGRATED	PWY-6572:_chondroitin_sulfate_degradation_I_(bacterial)	1	0.03333333333333333	0.0002624833342839139
UNINTEGRATED	PWY-6588:_pyruvate_fermentation_to_acetone	1	0.03333333333333333	7.75391242469059e-06
UNINTEGRATED	PWY-6608:_guanosine_nucleotides_degradation_III	2	0.06666666666666667	5.8831383384805314e-05
UNINTEGRATED	PWY-6609:_adenine_and_adenosine_salvage_III	17	0.5666666666666667	0.001418772351338915
UNINTEGRATED	PWY-6700:_queuosine_biosynthesis_I_(de_novo)	18	0.6	0.0013142627632922732
UNINTEGRATED	PWY-6703:_preQ0_biosynthesis	7	0.23333333333333334	0.0010928591902159557
UNINTEGRATED	PWY-6823:_molybdopterin_biosynthesis	7	0.23333333333333334	0.00013182180288928702
UNINTEGRATED	PWY-6876:_isopropanol_biosynthesis_(engineered)	1	0.03333333333333333	6.457510933199906e-06
UNINTEGRATED	PWY-6897:_thiamine_diphosphate_salvage_II	3	0.1	0.00011485188026094661
UNINTEGRATED	PWY-6902:_chitin_degradation_II_(Vibrio)	2	0.06666666666666667	0.0004723124285836988
UNINTEGRATED	PWY-6936:_seleno-amino_acid_biosynthesis_(plants)	7	0.23333333333333334	6.917049298704736e-05
UNINTEGRATED	PWY-7111:_pyruvate_fermentation_to_isobutanol_(engineered)	8	0.26666666666666666	9.167887776462269e-05
UNINTEGRATED	PWY-7199:_pyrimidine_deoxyribonucleosides_salvage	3	0.1	0.0008249183187876152
UNINTEGRATED	PWY-7220:_adenosine_deoxyribonucleotides_de_novo_biosynthesis_II	2	0.06666666666666667	0.0011108848376685243
UNINTEGRATED	PWY-7221:_guanosine_ribonucleotides_de_novo_biosynthesis	16	0.5333333333333333	0.0013375119356300313
UNINTEGRATED	PWY-7222:_guanosine_deoxyribonucleotides_de_novo_biosynthesis_II	2	0.06666666666666667	0.0011108848376685243
UNINTEGRATED	PWY-7228:_superpathway_of_guanosine_nucleotides_de_novo_biosynthesis_I	3	0.1	0.0011070611405171737
UNINTEGRATED	PWY-7229:_superpathway_of_adenosine_nucleotides_de_novo_biosynthesis_I	2	0.06666666666666667	0.0012690852984633683
UNINTEGRATED	PWY-7234:_inosine-5'-phosphate_biosynthesis_III	1	0.03333333333333333	7.262367351579258e-05
UNINTEGRATED	PWY-7237:_myo-,_chiro-_and_scyllo-inositol_degradation	10	0.3333333333333333	0.00023359672418554744
UNINTEGRATED	PWY-7238:_sucrose_biosynthesis_II	13	0.43333333333333335	0.0004434571081219918
UNINTEGRATED	PWY-7242:_D-fructuronate_degradation	1	0.03333333333333333	0.00010542860194551196
UNINTEGRATED	PWY-724:_superpathway_of_L-lysine,_L-threonine_and_L-methionine_biosynthesis_II	1	0.03333333333333333	5.313237843673768e-05
UNINTEGRATED	PWY-7357:_thiamine_phosphate_formation_from_pyrithiamine_and_oxythiamine_(yeast)	5	0.16666666666666666	0.00014809672276205887
UNINTEGRATED	PWY-7456:_&beta;-(1,4)-mannan_degradation	1	0.03333333333333333	1.2275457135113577e-05
UNINTEGRATED	PWY-7560:_methylerythritol_phosphate_pathway_II	2	0.06666666666666667	0.0001956502193509735
UNINTEGRATED	PWY-7663:_gondoate_biosynthesis_(anaerobic)	2	0.06666666666666667	0.001088273476898216
UNINTEGRATED	PWY-7790:_UMP_biosynthesis_II	17	0.5666666666666667	0.0012998837340684188
UNINTEGRATED	PWY-7791:_UMP_biosynthesis_III	17	0.5666666666666667	0.0013729486979319194
UNINTEGRATED	PWY-7851:_coenzyme_A_biosynthesis_II_(eukaryotic)	11	0.36666666666666664	0.0010226901745873374
UNINTEGRATED	PWY-7953:_UDP-N-acetylmuramoyl-pentapeptide_biosynthesis_III_(meso-diaminopimelate_containing)	12	0.4	0.001057211326621177
UNINTEGRATED	PWY-7977:_L-methionine_biosynthesis_IV	6	0.2	0.0011009689473009399
UNINTEGRATED	PWY-8178:_pentose_phosphate_pathway_(non-oxidative_branch)_II	7	0.23333333333333334	0.00027171528026326275
UNINTEGRATED	PWY-I9:_L-cysteine_biosynthesis_VI_(from_L-methionine)	1	0.03333333333333333	5.932690515519923e-07
UNINTEGRATED	PWY0-1061:_superpathway_of_L-alanine_biosynthesis	2	0.06666666666666667	9.611782985086137e-06
UNINTEGRATED	PWY0-1241:_ADP-L-glycero-&beta;-D-manno-heptose_biosynthesis	2	0.06666666666666667	7.112627341099298e-06
UNINTEGRATED	PWY0-1296:_purine_ribonucleosides_degradation	8	0.26666666666666666	0.00024440756064647573
UNINTEGRATED	PWY0-1319:_CDP-diacylglycerol_biosynthesis_II	8	0.26666666666666666	0.0010640243782474856
UNINTEGRATED	PWY0-1477:_ethanolamine_utilization	1	0.03333333333333333	7.845675599749136e-06
UNINTEGRATED	PWY0-1586:_peptidoglycan_maturation_(meso-diaminopimelate_containing)	5	0.16666666666666666	0.0009475140482652078
UNINTEGRATED	PWY0-162:_superpathway_of_pyrimidine_ribonucleotides_de_novo_biosynthesis	1	0.03333333333333333	0.00016713154146008602
UNINTEGRATED	PWY0-845:_superpathway_of_pyridoxal_5'-phosphate_biosynthesis_and_salvage	1	0.03333333333333333	0.00017524464144513807
UNINTEGRATED	PWY66-429:_fatty_acid_biosynthesis_initiation_(mitochondria)	10	0.3333333333333333	0.0012101330272455968
UNINTEGRATED	PYRIDNUCSYN-PWY:_NAD_de_novo_biosynthesis_I_(from_aspartate)	6	0.2	0.001136763354549819
UNINTEGRATED	PYRIDOXSYN-PWY:_pyridoxal_5'-phosphate_biosynthesis_I	1	0.03333333333333333	0.00017681954688275603
UNINTEGRATED	RHAMCAT-PWY:_L-rhamnose_degradation_I	4	0.13333333333333333	0.0010970749388287127
UNINTEGRATED	RIBOSYN2-PWY:_flavin_biosynthesis_I_(bacteria_and_plants)	8	0.26666666666666666	0.0012155295229684393
UNINTEGRATED	SALVADEHYPOX-PWY:_adenosine_nucleotides_degradation_II	1	0.03333333333333333	4.842965144302713e-05
UNINTEGRATED	SER-GLYSYN-PWY:_superpathway_of_L-serine_and_glycine_biosynthesis_I	10	0.3333333333333333	0.0009704635758441826
UNINTEGRATED	THISYNARA-PWY:_superpathway_of_thiamine_diphosphate_biosynthesis_III_(eukaryotes)	3	0.1	5.308913162049844e-05
UNINTEGRATED	THRESYN-PWY:_superpathway_of_L-threonine_biosynthesis	3	0.1	0.0007780355571160857
UNINTEGRATED	TRNA-CHARGING-PWY:_tRNA_charging	7	0.23333333333333334	0.0011413343826629507
UNINTEGRATED	UDPNAGSYN-PWY:_UDP-N-acetyl-D-glucosamine_biosynthesis_I	7	0.23333333333333334	5.133357867515009e-05
UNINTEGRATED	VALSYN-PWY:_L-valine_biosynthesis	22	0.7333333333333333	0.0013281832481175648
1CMET2-PWY:_folate_transformations_III_(E._coli)	ANAGLYCOLYSIS-PWY:_glycolysis_III_(from_glucose)	1	0.1111111111111111	0.0031110884064000643
1CMET2-PWY:_folate_transformations_III_(E._coli)	ARGININE-SYN4-PWY:_L-ornithine_biosynthesis_II	2	0.5	0.8922383158333743
1CMET2-PWY:_folate_transformations_III_(E._coli)	ARGSYN-PWY:_L-arginine_biosynthesis_I_(via_L-ornithine)	1	0.09090909090909091	0.002908200204540967
1CMET2-PWY:_folate_transformations_III_(E._coli)	ARGSYNBSUB-PWY:_L-arginine_biosynthesis_II_(acetyl_cycle)	1	0.07692307692307693	0.0028880518512165443
1CMET2-PWY:_folate_transformations_III_(E._coli)	ARO-PWY:_chorismate_biosynthesis_I	3	0.23076923076923078	0.8135665731586387
1CMET2-PWY:_folate_transformations_III_(E._coli)	ASPASN-PWY:_superpathway_of_L-aspartate_and_L-asparagine_biosynthesis	1	0.25	0.8213213191325833
1CMET2-PWY:_folate_transformations_III_(E._coli)	BRANCHED-CHAIN-AA-SYN-PWY:_superpathway_of_branched_chain_amino_acid_biosynthesis	2	0.16666666666666666	0.250224532499831
1CMET2-PWY:_folate_transformations_III_(E._coli)	CALVIN-PWY:_Calvin-Benson-Bassham_cycle	1	0.14285714285714285	0.0034054285136218
1CMET2-PWY:_folate_transformations_III_(E._coli)	COA-PWY-1:_superpathway_of_coenzyme_A_biosynthesis_III_(mammals)	4	0.36363636363636365	0.8203852742876837
1CMET2-PWY:_folate_transformations_III_(E._coli)	COA-PWY:_coenzyme_A_biosynthesis_I_(prokaryotic)	4	0.2222222222222222	0.8068049155358255
1CMET2-PWY:_folate_transformations_III_(E._coli)	COMPLETE-ARO-PWY:_superpathway_of_aromatic_amino_acid_biosynthesis	1	0.16666666666666666	0.0034508166273693464
1CMET2-PWY:_folate_transformations_III_(E._coli)	DTDPRHAMSYN-PWY:_dTDP-&beta;-L-rhamnose_biosynthesis	3	0.23076923076923078	0.6194787687538215
1CMET2-PWY:_folate_transformations_III_(E._coli)	GLUTORN-PWY:_L-ornithine_biosynthesis_I	1	0.09090909090909091	0.003058651203655338
1CMET2-PWY:_folate_transformations_III_(E._coli)	GLYCOGENSYNTH-PWY:_glycogen_biosynthesis_I_(from_ADP-D-Glucose)	2	0.125	0.20121998192943025
1CMET2-PWY:_folate_transformations_III_(E._coli)	HISDEG-PWY:_L-histidine_degradation_I	3	0.6	0.9038021963005596
1CMET2-PWY:_folate_transformations_III_(E._coli)	HISTSYN-PWY:_L-histidine_biosynthesis	3	0.5	0.8663361938977334
1CMET2-PWY:_folate_transformations_III_(E._coli)	ILEUSYN-PWY:_L-isoleucine_biosynthesis_I_(from_threonine)	2	0.14285714285714285	0.24727140374940582
1CMET2-PWY:_folate_transformations_III_(E._coli)	NONMEVIPP-PWY:_methylerythritol_phosphate_pathway_I	4	0.5714285714285714	0.9451570434203997
1CMET2-PWY:_folate_transformations_III_(E._coli)	NONOXIPENT-PWY:_pentose_phosphate_pathway_(non-oxidative_branch)_I	2	0.2222222222222222	0.2494461243537327
1CMET2-PWY:_folate_transformations_III_(E._coli)	P41-PWY:_pyruvate_fermentation_to_acetate_and_(S)-lactate_I	1	0.125	0.003396048479353375
1CMET2-PWY:_folate_transformations_III_(E._coli)	PANTO-PWY:_phosphopantothenate_biosynthesis_I	4	0.5	0.8866055145615599
1CMET2-PWY:_folate_transformations_III_(E._coli)	PANTOSYN-PWY:_superpathway_of_coenzyme_A_biosynthesis_I_(bacteria)	4	0.6666666666666666	0.8885006270331244
1CMET2-PWY:_folate_transformations_III_(E._coli)	PENTOSE-P-PWY:_pentose_phosphate_pathway	1	0.25	0.26612540347873526
1CMET2-PWY:_folate_transformations_III_(E._coli)	PEPTIDOGLYCANSYN-PWY:_peptidoglycan_biosynthesis_I_(meso-diaminopimelate_containing)	4	0.3076923076923077	0.8931701211229126
1CMET2-PWY:_folate_transformations_III_(E._coli)	PWY-1042:_glycolysis_IV	3	0.21428571428571427	0.6045271010014897
1CMET2-PWY:_folate_transformations_III_(E._coli)	PWY-1269:_CMP-3-deoxy-D-manno-octulosonate_biosynthesis	1	0.2	0.23529181911513952
1CMET2-PWY:_folate_transformations_III_(E._coli)	PWY-2942:_L-lysine_biosynthesis_III	2	0.2857142857142857	0.8485015156081823
1CMET2-PWY:_folate_transformations_III_(E._coli)	PWY-3841:_folate_transformations_II_(plants)	4	0.4	0.92958057898384
1CMET2-PWY:_folate_transformations_III_(E._coli)	PWY-5030:_L-histidine_degradation_III	3	0.6	0.925551118855148
1CMET2-PWY:_folate_transformations_III_(E._coli)	PWY-5097:_L-lysine_biosynthesis_VI	2	0.2857142857142857	0.7992347852973233
1CMET2-PWY:_folate_transformations_III_(E._coli)	PWY-5100:_pyruvate_fermentation_to_acetate_and_lactate_II	1	0.1111111111111111	0.0033379892055104277
1CMET2-PWY:_folate_transformations_III_(E._coli)	PWY-5103:_L-isoleucine_biosynthesis_III	2	0.14285714285714285	0.2507030441767273
1CMET2-PWY:_folate_transformations_III_(E._coli)	PWY-5121:_superpathway_of_geranylgeranyl_diphosphate_biosynthesis_II_(via_MEP)	1	0.25	0.8541785043314304
1CMET2-PWY:_folate_transformations_III_(E._coli)	PWY-5130:_2-oxobutanoate_degradation_I	1	0.14285714285714285	0.13306228838305
1CMET2-PWY:_folate_transformations_III_(E._coli)	PWY-5384:_sucrose_degradation_IV_(sucrose_phosphorylase)	1	0.16666666666666666	0.2619781757202648
1CMET2-PWY:_folate_transformations_III_(E._coli)	PWY-5667:_CDP-diacylglycerol_biosynthesis_I	2	0.2	0.8455640121576116
1CMET2-PWY:_folate_transformations_III_(E._coli)	PWY-5686:_UMP_biosynthesis_I	4	0.23529411764705882	0.8497229007750664
1CMET2-PWY:_folate_transformations_III_(E._coli)	PWY-5695:_inosine_5'-phosphate_degradation	3	0.23076923076923078	0.8741680318873294
1CMET2-PWY:_folate_transformations_III_(E._coli)	PWY-5941:_glycogen_degradation_II	1	0.1	0.0029332214870468887
1CMET2-PWY:_folate_transformations_III_(E._coli)	PWY-5973:_cis-vaccenate_biosynthesis	2	0.5	0.9045485337821978
1CMET2-PWY:_folate_transformations_III_(E._coli)	PWY-6121:_5-aminoimidazole_ribonucleotide_biosynthesis_I	4	0.2	0.8232026805421813
1CMET2-PWY:_folate_transformations_III_(E._coli)	PWY-6122:_5-aminoimidazole_ribonucleotide_biosynthesis_II	4	0.16666666666666666	0.786225574450521
1CMET2-PWY:_folate_transformations_III_(E._coli)	PWY-6123:_inosine-5'-phosphate_biosynthesis_I	3	0.375	0.9054173081299846
1CMET2-PWY:_folate_transformations_III_(E._coli)	PWY-6124:_inosine-5'-phosphate_biosynthesis_II	3	0.2727272727272727	0.9030318032764264
1CMET2-PWY:_folate_transformations_III_(E._coli)	PWY-6125:_superpathway_of_guanosine_nucleotides_de_novo_biosynthesis_II	2	0.5	0.9374807753435729
1CMET2-PWY:_folate_transformations_III_(E._coli)	PWY-6126:_superpathway_of_adenosine_nucleotides_de_novo_biosynthesis_II	2	0.5	0.8704237101998664
1CMET2-PWY:_folate_transformations_III_(E._coli)	PWY-6147:_6-hydroxymethyl-dihydropterin_diphosphate_biosynthesis_I	3	0.75	0.9657145764383157
1CMET2-PWY:_folate_transformations_III_(E._coli)	PWY-6151:_S-adenosyl-L-methionine_salvage_I	2	0.125	0.7816175563513423
1CMET2-PWY:_folate_transformations_III_(E._coli)	PWY-6163:_chorismate_biosynthesis_from_3-dehydroquinate	3	0.17647058823529413	0.8285302612327684
1CMET2-PWY:_folate_transformations_III_(E._coli)	PWY-621:_sucrose_degradation_III_(sucrose_invertase)	1	0.14285714285714285	0.26043617160395605
1CMET2-PWY:_folate_transformations_III_(E._coli)	PWY-6270:_isoprene_biosynthesis_I	1	0.2	0.26122391258500155
1CMET2-PWY:_folate_transformations_III_(E._coli)	PWY-6277:_superpathway_of_5-aminoimidazole_ribonucleotide_biosynthesis	4	0.16666666666666666	0.786225574450521
1CMET2-PWY:_folate_transformations_III_(E._coli)	PWY-6317:_D-galactose_degradation_I_(Leloir_pathway)	1	0.09090909090909091	0.003055399861961572
1CMET2-PWY:_folate_transformations_III_(E._coli)	PWY-6385:_peptidoglycan_biosynthesis_III_(mycobacteria)	4	0.3076923076923077	0.8926086678522483
1CMET2-PWY:_folate_transformations_III_(E._coli)	PWY-6386:_UDP-N-acetylmuramoyl-pentapeptide_biosynthesis_II_(lysine-containing)	4	0.36363636363636365	0.8930421481526459
1CMET2-PWY:_folate_transformations_III_(E._coli)	PWY-6387:_UDP-N-acetylmuramoyl-pentapeptide_biosynthesis_I_(meso-diaminopimelate_containing)	4	0.26666666666666666	0.8903554806304144
1CMET2-PWY:_folate_transformations_III_(E._coli)	PWY-6572:_chondroitin_sulfate_degradation_I_(bacterial)	1	0.25	0.2482918509786639
1CMET2-PWY:_folate_transformations_III_(E._coli)	PWY-6609:_adenine_and_adenosine_salvage_III	4	0.23529411764705882	0.8581209413017092
1CMET2-PWY:_folate_transformations_III_(E._coli)	PWY-6700:_queuosine_biosynthesis_I_(de_novo)	3	0.15789473684210525	0.8295225537288926
1CMET2-PWY:_folate_transformations_III_(E._coli)	PWY-6703:_preQ0_biosynthesis	2	0.2222222222222222	0.9038642676710841
1CMET2-PWY:_folate_transformations_III_(E._coli)	PWY-6823:_molybdopterin_biosynthesis	1	0.1	0.0031631590920460084
1CMET2-PWY:_folate_transformations_III_(E._coli)	PWY-6902:_chitin_degradation_II_(Vibrio)	1	0.2	0.2144355135375422
1CMET2-PWY:_folate_transformations_III_(E._coli)	PWY-7111:_pyruvate_fermentation_to_isobutanol_(engineered)	1	0.09090909090909091	0.0016502656726731235
1CMET2-PWY:_folate_transformations_III_(E._coli)	PWY-7199:_pyrimidine_deoxyribonucleosides_salvage	2	0.4	0.8662067311894891
1CMET2-PWY:_folate_transformations_III_(E._coli)	PWY-7220:_adenosine_deoxyribonucleotides_de_novo_biosynthesis_II	2	0.5	0.9053187463543062
1CMET2-PWY:_folate_transformations_III_(E._coli)	PWY-7221:_guanosine_ribonucleotides_de_novo_biosynthesis	4	0.25	0.8807751215225644
1CMET2-PWY:_folate_transformations_III_(E._coli)	PWY-7222:_guanosine_deoxyribonucleotides_de_novo_biosynthesis_II	2	0.5	0.9053187463543062
1CMET2-PWY:_folate_transformations_III_(E._coli)	PWY-7228:_superpathway_of_guanosine_nucleotides_de_novo_biosynthesis_I	2	0.4	0.9069123486872636
1CMET2-PWY:_folate_transformations_III_(E._coli)	PWY-7229:_superpathway_of_adenosine_nucleotides_de_novo_biosynthesis_I	2	0.5	0.8439574332489128
1CMET2-PWY:_folate_transformations_III_(E._coli)	PWY-7234:_inosine-5'-phosphate_biosynthesis_III	1	0.25	0.12746051449242746
1CMET2-PWY:_folate_transformations_III_(E._coli)	PWY-7237:_myo-,_chiro-_and_scyllo-inositol_degradation	1	0.07692307692307693	0.0029155869353134634
1CMET2-PWY:_folate_transformations_III_(E._coli)	PWY-7238:_sucrose_biosynthesis_II	1	0.0625	0.0025103794141114744
1CMET2-PWY:_folate_transformations_III_(E._coli)	PWY-7357:_thiamine_phosphate_formation_from_pyrithiamine_and_oxythiamine_(yeast)	1	0.125	0.003120785118905234
1CMET2-PWY:_folate_transformations_III_(E._coli)	PWY-7560:_methylerythritol_phosphate_pathway_II	1	0.2	0.2614373413442397
1CMET2-PWY:_folate_transformations_III_(E._coli)	PWY-7663:_gondoate_biosynthesis_(anaerobic)	2	0.5	0.8584740264505226
1CMET2-PWY:_folate_transformations_III_(E._coli)	PWY-7790:_UMP_biosynthesis_II	4	0.23529411764705882	0.8481666962374332
1CMET2-PWY:_folate_transformations_III_(E._coli)	PWY-7791:_UMP_biosynthesis_III	4	0.23529411764705882	0.8704110418506816
1CMET2-PWY:_folate_transformations_III_(E._coli)	PWY-7851:_coenzyme_A_biosynthesis_II_(eukaryotic)	4	0.36363636363636365	0.8287164918832699
1CMET2-PWY:_folate_transformations_III_(E._coli)	PWY-7953:_UDP-N-acetylmuramoyl-pentapeptide_biosynthesis_III_(meso-diaminopimelate_containing)	4	0.3333333333333333	0.9256704172756429
1CMET2-PWY:_folate_transformations_III_(E._coli)	PWY-7977:_L-methionine_biosynthesis_IV	3	0.42857142857142855	0.8807011000329339
1CMET2-PWY:_folate_transformations_III_(E._coli)	PWY-8178:_pentose_phosphate_pathway_(non-oxidative_branch)_II	2	0.2222222222222222	0.2494116895452595
1CMET2-PWY:_folate_transformations_III_(E._coli)	PWY0-1061:_superpathway_of_L-alanine_biosynthesis	1	0.2	0.0035222582608482877
1CMET2-PWY:_folate_transformations_III_(E._coli)	PWY0-1296:_purine_ribonucleosides_degradation	1	0.09090909090909091	0.0028915458636930014
1CMET2-PWY:_folate_transformations_III_(E._coli)	PWY0-1319:_CDP-diacylglycerol_biosynthesis_II	2	0.2	0.8455640121576116
1CMET2-PWY:_folate_transformations_III_(E._coli)	PWY0-1586:_peptidoglycan_maturation_(meso-diaminopimelate_containing)	2	0.2857142857142857	0.8354207867440198
1CMET2-PWY:_folate_transformations_III_(E._coli)	PWY0-162:_superpathway_of_pyrimidine_ribonucleotides_de_novo_biosynthesis	1	0.25	0.26747992248874053
1CMET2-PWY:_folate_transformations_III_(E._coli)	PWY0-845:_superpathway_of_pyridoxal_5'-phosphate_biosynthesis_and_salvage	1	0.25	0.26573268133109584
1CMET2-PWY:_folate_transformations_III_(E._coli)	PWY66-429:_fatty_acid_biosynthesis_initiation_(mitochondria)	2	0.16666666666666666	0.8658269193070594
1CMET2-PWY:_folate_transformations_III_(E._coli)	PYRIDNUCSYN-PWY:_NAD_de_novo_biosynthesis_I_(from_aspartate)	3	0.42857142857142855	0.9603549394278857
1CMET2-PWY:_folate_transformations_III_(E._coli)	PYRIDOXSYN-PWY:_pyridoxal_5'-phosphate_biosynthesis_I	1	0.25	0.26539614958523594
1CMET2-PWY:_folate_transformations_III_(E._coli)	RHAMCAT-PWY:_L-rhamnose_degradation_I	2	0.3333333333333333	0.8721549934271133
1CMET2-PWY:_folate_transformations_III_(E._coli)	RIBOSYN2-PWY:_flavin_biosynthesis_I_(bacteria_and_plants)	3	0.3333333333333333	0.865438816222311
1CMET2-PWY:_folate_transformations_III_(E._coli)	SER-GLYSYN-PWY:_superpathway_of_L-serine_and_glycine_biosynthesis_I	4	0.4	0.8648719956490953
1CMET2-PWY:_folate_transformations_III_(E._coli)	THISYNARA-PWY:_superpathway_of_thiamine_diphosphate_biosynthesis_III_(eukaryotes)	1	0.16666666666666666	0.0033855297334485224
1CMET2-PWY:_folate_transformations_III_(E._coli)	THRESYN-PWY:_superpathway_of_L-threonine_biosynthesis	1	0.16666666666666666	0.7946409523363852
1CMET2-PWY:_folate_transformations_III_(E._coli)	TRNA-CHARGING-PWY:_tRNA_charging	4	0.5714285714285714	0.873408158982231
1CMET2-PWY:_folate_transformations_III_(E._coli)	VALSYN-PWY:_L-valine_biosynthesis	3	0.13043478260869565	0.8057760587006058
ANAGLYCOLYSIS-PWY:_glycolysis_III_(from_glucose)	ARGSYN-PWY:_L-arginine_biosynthesis_I_(via_L-ornithine)	5	0.5555555555555556	0.6998472597285659
ANAGLYCOLYSIS-PWY:_glycolysis_III_(from_glucose)	ARGSYNBSUB-PWY:_L-arginine_biosynthesis_II_(acetyl_cycle)	6	0.6	0.7295851110878468
ANAGLYCOLYSIS-PWY:_glycolysis_III_(from_glucose)	ARO-PWY:_chorismate_biosynthesis_I	6	0.5	0.2087888408309666
ANAGLYCOLYSIS-PWY:_glycolysis_III_(from_glucose)	BRANCHED-CHAIN-AA-SYN-PWY:_superpathway_of_branched_chain_amino_acid_biosynthesis	4	0.3333333333333333	0.17973378617986935
ANAGLYCOLYSIS-PWY:_glycolysis_III_(from_glucose)	CALVIN-PWY:_Calvin-Benson-Bassham_cycle	4	0.6666666666666666	0.4437396652252593
ANAGLYCOLYSIS-PWY:_glycolysis_III_(from_glucose)	COA-PWY-1:_superpathway_of_coenzyme_A_biosynthesis_III_(mammals)	4	0.3076923076923077	0.21065327053330296
ANAGLYCOLYSIS-PWY:_glycolysis_III_(from_glucose)	COA-PWY:_coenzyme_A_biosynthesis_I_(prokaryotic)	6	0.3333333333333333	0.2068481040555673
ANAGLYCOLYSIS-PWY:_glycolysis_III_(from_glucose)	COBALSYN-PWY:_superpathway_of_adenosylcobalamin_salvage_from_cobinamide_I	2	0.3333333333333333	0.7511408525756242
ANAGLYCOLYSIS-PWY:_glycolysis_III_(from_glucose)	COMPLETE-ARO-PWY:_superpathway_of_aromatic_amino_acid_biosynthesis	3	0.5	0.32819706012574923
ANAGLYCOLYSIS-PWY:_glycolysis_III_(from_glucose)	DTDPRHAMSYN-PWY:_dTDP-&beta;-L-rhamnose_biosynthesis	3	0.2	0.09810886882358649
ANAGLYCOLYSIS-PWY:_glycolysis_III_(from_glucose)	GALACTUROCAT-PWY:_D-galacturonate_degradation_I	1	0.14285714285714285	0.6299364011644314
ANAGLYCOLYSIS-PWY:_glycolysis_III_(from_glucose)	GLCMANNANAUT-PWY:_superpathway_of_N-acetylglucosamine,_N-acetylmannosamine_and_N-acetylneuraminate_degradation	1	0.14285714285714285	0.6821281734845039
ANAGLYCOLYSIS-PWY:_glycolysis_III_(from_glucose)	GLUCUROCAT-PWY:_superpathway_of_&beta;-D-glucuronosides_degradation	1	0.16666666666666666	0.7309314556566696
ANAGLYCOLYSIS-PWY:_glycolysis_III_(from_glucose)	GLUTORN-PWY:_L-ornithine_biosynthesis_I	5	0.5555555555555556	0.82235991016917
ANAGLYCOLYSIS-PWY:_glycolysis_III_(from_glucose)	GLYCOGENSYNTH-PWY:_glycogen_biosynthesis_I_(from_ADP-D-Glucose)	6	0.42857142857142855	0.40259325303725046
ANAGLYCOLYSIS-PWY:_glycolysis_III_(from_glucose)	HISTSYN-PWY:_L-histidine_biosynthesis	2	0.2222222222222222	0.13719334430360453
ANAGLYCOLYSIS-PWY:_glycolysis_III_(from_glucose)	HSERMETANA-PWY:_L-methionine_biosynthesis_III	3	0.3333333333333333	0.35934079408947617
ANAGLYCOLYSIS-PWY:_glycolysis_III_(from_glucose)	ILEUSYN-PWY:_L-isoleucine_biosynthesis_I_(from_threonine)	4	0.2857142857142857	0.17445320266197262
ANAGLYCOLYSIS-PWY:_glycolysis_III_(from_glucose)	NONMEVIPP-PWY:_methylerythritol_phosphate_pathway_I	3	0.3	0.06391914196784865
ANAGLYCOLYSIS-PWY:_glycolysis_III_(from_glucose)	NONOXIPENT-PWY:_pentose_phosphate_pathway_(non-oxidative_branch)_I	5	0.625	0.2801278261227448
ANAGLYCOLYSIS-PWY:_glycolysis_III_(from_glucose)	P41-PWY:_pyruvate_fermentation_to_acetate_and_(S)-lactate_I	4	0.5714285714285714	0.2680484819333543
ANAGLYCOLYSIS-PWY:_glycolysis_III_(from_glucose)	PANTO-PWY:_phosphopantothenate_biosynthesis_I	3	0.2727272727272727	0.0356810140572017
ANAGLYCOLYSIS-PWY:_glycolysis_III_(from_glucose)	PANTOSYN-PWY:_superpathway_of_coenzyme_A_biosynthesis_I_(bacteria)	1	0.09090909090909091	0.009263384502725236
ANAGLYCOLYSIS-PWY:_glycolysis_III_(from_glucose)	PEPTIDOGLYCANSYN-PWY:_peptidoglycan_biosynthesis_I_(meso-diaminopimelate_containing)	4	0.26666666666666666	0.17878282958360403
ANAGLYCOLYSIS-PWY:_glycolysis_III_(from_glucose)	PWY-1042:_glycolysis_IV	6	0.46153846153846156	0.14684373798596984
ANAGLYCOLYSIS-PWY:_glycolysis_III_(from_glucose)	PWY-2942:_L-lysine_biosynthesis_III	1	0.1	0.042533421956118866
ANAGLYCOLYSIS-PWY:_glycolysis_III_(from_glucose)	PWY-3841:_folate_transformations_II_(plants)	3	0.23076923076923078	0.045612414750359154
ANAGLYCOLYSIS-PWY:_glycolysis_III_(from_glucose)	PWY-5097:_L-lysine_biosynthesis_VI	3	0.375	0.21948226669364967
ANAGLYCOLYSIS-PWY:_glycolysis_III_(from_glucose)	PWY-5100:_pyruvate_fermentation_to_acetate_and_lactate_II	4	0.5	0.274668584904593
ANAGLYCOLYSIS-PWY:_glycolysis_III_(from_glucose)	PWY-5103:_L-isoleucine_biosynthesis_III	4	0.2857142857142857	0.17660678401386942
ANAGLYCOLYSIS-PWY:_glycolysis_III_(from_glucose)	PWY-5188:_tetrapyrrole_biosynthesis_I_(from_glutamate)	2	0.16666666666666666	0.2760925455132508
ANAGLYCOLYSIS-PWY:_glycolysis_III_(from_glucose)	PWY-5384:_sucrose_degradation_IV_(sucrose_phosphorylase)	1	0.125	0.05207532121078251
ANAGLYCOLYSIS-PWY:_glycolysis_III_(from_glucose)	PWY-5659:_GDP-mannose_biosynthesis	2	0.25	0.5040674436093987
ANAGLYCOLYSIS-PWY:_glycolysis_III_(from_glucose)	PWY-5667:_CDP-diacylglycerol_biosynthesis_I	4	0.4	0.20769626719202006
ANAGLYCOLYSIS-PWY:_glycolysis_III_(from_glucose)	PWY-5686:_UMP_biosynthesis_I	6	0.35294117647058826	0.202290167513678
ANAGLYCOLYSIS-PWY:_glycolysis_III_(from_glucose)	PWY-5695:_inosine_5'-phosphate_degradation	4	0.2857142857142857	0.13056332853118402
ANAGLYCOLYSIS-PWY:_glycolysis_III_(from_glucose)	PWY-5941:_glycogen_degradation_II	5	0.625	0.738802757077671
ANAGLYCOLYSIS-PWY:_glycolysis_III_(from_glucose)	PWY-6121:_5-aminoimidazole_ribonucleotide_biosynthesis_I	6	0.3	0.21276169681934765
ANAGLYCOLYSIS-PWY:_glycolysis_III_(from_glucose)	PWY-6122:_5-aminoimidazole_ribonucleotide_biosynthesis_II	6	0.25	0.21621824532841494
ANAGLYCOLYSIS-PWY:_glycolysis_III_(from_glucose)	PWY-6123:_inosine-5'-phosphate_biosynthesis_I	1	0.08333333333333333	0.14358801335554827
ANAGLYCOLYSIS-PWY:_glycolysis_III_(from_glucose)	PWY-6124:_inosine-5'-phosphate_biosynthesis_II	1	0.06666666666666667	0.13948997204601155
ANAGLYCOLYSIS-PWY:_glycolysis_III_(from_glucose)	PWY-6151:_S-adenosyl-L-methionine_salvage_I	5	0.3333333333333333	0.21436194613629533
ANAGLYCOLYSIS-PWY:_glycolysis_III_(from_glucose)	PWY-6163:_chorismate_biosynthesis_from_3-dehydroquinate	6	0.375	0.18857962412021767
ANAGLYCOLYSIS-PWY:_glycolysis_III_(from_glucose)	PWY-621:_sucrose_degradation_III_(sucrose_invertase)	1	0.1111111111111111	0.0479167725213383
ANAGLYCOLYSIS-PWY:_glycolysis_III_(from_glucose)	PWY-6270:_isoprene_biosynthesis_I	1	0.14285714285714285	0.1281328942059604
ANAGLYCOLYSIS-PWY:_glycolysis_III_(from_glucose)	PWY-6277:_superpathway_of_5-aminoimidazole_ribonucleotide_biosynthesis	6	0.25	0.21621824532841494
ANAGLYCOLYSIS-PWY:_glycolysis_III_(from_glucose)	PWY-6317:_D-galactose_degradation_I_(Leloir_pathway)	5	0.5555555555555556	0.8293305818805885
ANAGLYCOLYSIS-PWY:_glycolysis_III_(from_glucose)	PWY-6385:_peptidoglycan_biosynthesis_III_(mycobacteria)	4	0.26666666666666666	0.11144995155881532
ANAGLYCOLYSIS-PWY:_glycolysis_III_(from_glucose)	PWY-6386:_UDP-N-acetylmuramoyl-pentapeptide_biosynthesis_II_(lysine-containing)	4	0.3076923076923077	0.1895622044738574
ANAGLYCOLYSIS-PWY:_glycolysis_III_(from_glucose)	PWY-6387:_UDP-N-acetylmuramoyl-pentapeptide_biosynthesis_I_(meso-diaminopimelate_containing)	4	0.23529411764705882	0.1796094854075886
ANAGLYCOLYSIS-PWY:_glycolysis_III_(from_glucose)	PWY-6507:_4-deoxy-L-threo-hex-4-enopyranuronate_degradation	1	0.16666666666666666	0.6979230019378038
ANAGLYCOLYSIS-PWY:_glycolysis_III_(from_glucose)	PWY-6527:_stachyose_degradation	3	0.2727272727272727	0.34777304628183925
ANAGLYCOLYSIS-PWY:_glycolysis_III_(from_glucose)	PWY-6608:_guanosine_nucleotides_degradation_III	2	0.3333333333333333	0.5583797508187593
ANAGLYCOLYSIS-PWY:_glycolysis_III_(from_glucose)	PWY-6609:_adenine_and_adenosine_salvage_III	5	0.2777777777777778	0.17127298503568744
ANAGLYCOLYSIS-PWY:_glycolysis_III_(from_glucose)	PWY-6700:_queuosine_biosynthesis_I_(de_novo)	6	0.3333333333333333	0.17163229318722162
ANAGLYCOLYSIS-PWY:_glycolysis_III_(from_glucose)	PWY-6703:_preQ0_biosynthesis	1	0.08333333333333333	0.035866653294970074
ANAGLYCOLYSIS-PWY:_glycolysis_III_(from_glucose)	PWY-6823:_molybdopterin_biosynthesis	4	0.4444444444444444	0.8037351008161099
ANAGLYCOLYSIS-PWY:_glycolysis_III_(from_glucose)	PWY-6897:_thiamine_diphosphate_salvage_II	2	0.2857142857142857	0.7320558818303579
ANAGLYCOLYSIS-PWY:_glycolysis_III_(from_glucose)	PWY-6936:_seleno-amino_acid_biosynthesis_(plants)	1	0.08333333333333333	0.2020493481630129
ANAGLYCOLYSIS-PWY:_glycolysis_III_(from_glucose)	PWY-7111:_pyruvate_fermentation_to_isobutanol_(engineered)	5	0.5555555555555556	0.5383286699967014
ANAGLYCOLYSIS-PWY:_glycolysis_III_(from_glucose)	PWY-7221:_guanosine_ribonucleotides_de_novo_biosynthesis	6	0.375	0.18409429789900644
ANAGLYCOLYSIS-PWY:_glycolysis_III_(from_glucose)	PWY-7237:_myo-,_chiro-_and_scyllo-inositol_degradation	5	0.45454545454545453	0.706852337819138
ANAGLYCOLYSIS-PWY:_glycolysis_III_(from_glucose)	PWY-7238:_sucrose_biosynthesis_II	6	0.46153846153846156	0.49697779786154295
ANAGLYCOLYSIS-PWY:_glycolysis_III_(from_glucose)	PWY-7242:_D-fructuronate_degradation	1	0.16666666666666666	0.7075409947094142
ANAGLYCOLYSIS-PWY:_glycolysis_III_(from_glucose)	PWY-724:_superpathway_of_L-lysine,_L-threonine_and_L-methionine_biosynthesis_II	1	0.16666666666666666	0.5183060279937501
ANAGLYCOLYSIS-PWY:_glycolysis_III_(from_glucose)	PWY-7357:_thiamine_phosphate_formation_from_pyrithiamine_and_oxythiamine_(yeast)	4	0.5714285714285714	0.7507152554803931
ANAGLYCOLYSIS-PWY:_glycolysis_III_(from_glucose)	PWY-7560:_methylerythritol_phosphate_pathway_II	1	0.14285714285714285	0.12851320833636537
ANAGLYCOLYSIS-PWY:_glycolysis_III_(from_glucose)	PWY-7790:_UMP_biosynthesis_II	6	0.35294117647058826	0.2028859364323642
ANAGLYCOLYSIS-PWY:_glycolysis_III_(from_glucose)	PWY-7791:_UMP_biosynthesis_III	6	0.35294117647058826	0.19315739152192568
ANAGLYCOLYSIS-PWY:_glycolysis_III_(from_glucose)	PWY-7851:_coenzyme_A_biosynthesis_II_(eukaryotic)	4	0.3076923076923077	0.1958282998726658
ANAGLYCOLYSIS-PWY:_glycolysis_III_(from_glucose)	PWY-7953:_UDP-N-acetylmuramoyl-pentapeptide_biosynthesis_III_(meso-diaminopimelate_containing)	3	0.2	0.05219035789350046
ANAGLYCOLYSIS-PWY:_glycolysis_III_(from_glucose)	PWY-7977:_L-methionine_biosynthesis_IV	2	0.2	0.13980487282134502
ANAGLYCOLYSIS-PWY:_glycolysis_III_(from_glucose)	PWY-8178:_pentose_phosphate_pathway_(non-oxidative_branch)_II	5	0.625	0.2851821899111683
ANAGLYCOLYSIS-PWY:_glycolysis_III_(from_glucose)	PWY0-1061:_superpathway_of_L-alanine_biosynthesis	2	0.3333333333333333	0.11902701770847246
ANAGLYCOLYSIS-PWY:_glycolysis_III_(from_glucose)	PWY0-1296:_purine_ribonucleosides_degradation	5	0.5555555555555556	0.6783533264360626
ANAGLYCOLYSIS-PWY:_glycolysis_III_(from_glucose)	PWY0-1319:_CDP-diacylglycerol_biosynthesis_II	4	0.4	0.20769626719202006
ANAGLYCOLYSIS-PWY:_glycolysis_III_(from_glucose)	PWY0-1586:_peptidoglycan_maturation_(meso-diaminopimelate_containing)	2	0.2222222222222222	0.05135619945543746
ANAGLYCOLYSIS-PWY:_glycolysis_III_(from_glucose)	PWY66-429:_fatty_acid_biosynthesis_initiation_(mitochondria)	1	0.06666666666666667	0.032776552289095484
ANAGLYCOLYSIS-PWY:_glycolysis_III_(from_glucose)	PYRIDNUCSYN-PWY:_NAD_de_novo_biosynthesis_I_(from_aspartate)	1	0.09090909090909091	0.01250356252169682
ANAGLYCOLYSIS-PWY:_glycolysis_III_(from_glucose)	RHAMCAT-PWY:_L-rhamnose_degradation_I	2	0.25	0.04846312827763
ANAGLYCOLYSIS-PWY:_glycolysis_III_(from_glucose)	RIBOSYN2-PWY:_flavin_biosynthesis_I_(bacteria_and_plants)	4	0.4	0.17304868952438301
ANAGLYCOLYSIS-PWY:_glycolysis_III_(from_glucose)	SALVADEHYPOX-PWY:_adenosine_nucleotides_degradation_II	1	0.16666666666666666	0.483520890620155
ANAGLYCOLYSIS-PWY:_glycolysis_III_(from_glucose)	SER-GLYSYN-PWY:_superpathway_of_L-serine_and_glycine_biosynthesis_I	4	0.3333333333333333	0.07231014491217347
ANAGLYCOLYSIS-PWY:_glycolysis_III_(from_glucose)	THISYNARA-PWY:_superpathway_of_thiamine_diphosphate_biosynthesis_III_(eukaryotes)	3	0.5	0.5179934108346136
ANAGLYCOLYSIS-PWY:_glycolysis_III_(from_glucose)	THRESYN-PWY:_superpathway_of_L-threonine_biosynthesis	1	0.125	0.08764310326854496
ANAGLYCOLYSIS-PWY:_glycolysis_III_(from_glucose)	TRNA-CHARGING-PWY:_tRNA_charging	3	0.3	0.16438220870740672
ANAGLYCOLYSIS-PWY:_glycolysis_III_(from_glucose)	VALSYN-PWY:_L-valine_biosynthesis	6	0.2727272727272727	0.20221985793961117
ARGININE-SYN4-PWY:_L-ornithine_biosynthesis_II	ARO-PWY:_chorismate_biosynthesis_I	2	0.16666666666666666	0.8507043019928988
ARGININE-SYN4-PWY:_L-ornithine_biosynthesis_II	ASPASN-PWY:_superpathway_of_L-aspartate_and_L-asparagine_biosynthesis	1	0.5	0.7760710281873537
ARGININE-SYN4-PWY:_L-ornithine_biosynthesis_II	BRANCHED-CHAIN-AA-SYN-PWY:_superpathway_of_branched_chain_amino_acid_biosynthesis	1	0.09090909090909091	0.30469050971563594
ARGININE-SYN4-PWY:_L-ornithine_biosynthesis_II	COA-PWY-1:_superpathway_of_coenzyme_A_biosynthesis_III_(mammals)	2	0.18181818181818182	0.8179117558687508
ARGININE-SYN4-PWY:_L-ornithine_biosynthesis_II	COA-PWY:_coenzyme_A_biosynthesis_I_(prokaryotic)	2	0.1111111111111111	0.8030786847587386
ARGININE-SYN4-PWY:_L-ornithine_biosynthesis_II	DTDPRHAMSYN-PWY:_dTDP-&beta;-L-rhamnose_biosynthesis	2	0.16666666666666666	0.5406790445327637
ARGININE-SYN4-PWY:_L-ornithine_biosynthesis_II	GLYCOGENSYNTH-PWY:_glycogen_biosynthesis_I_(from_ADP-D-Glucose)	1	0.06666666666666667	0.23707938903398118
ARGININE-SYN4-PWY:_L-ornithine_biosynthesis_II	HISDEG-PWY:_L-histidine_degradation_I	2	0.5	0.9188832252970471
ARGININE-SYN4-PWY:_L-ornithine_biosynthesis_II	HISTSYN-PWY:_L-histidine_biosynthesis	2	0.4	0.9174273029782558
ARGININE-SYN4-PWY:_L-ornithine_biosynthesis_II	ILEUSYN-PWY:_L-isoleucine_biosynthesis_I_(from_threonine)	1	0.07692307692307693	0.301162539047268
ARGININE-SYN4-PWY:_L-ornithine_biosynthesis_II	NONMEVIPP-PWY:_methylerythritol_phosphate_pathway_I	2	0.2857142857142857	0.8835407313576633
ARGININE-SYN4-PWY:_L-ornithine_biosynthesis_II	NONOXIPENT-PWY:_pentose_phosphate_pathway_(non-oxidative_branch)_I	1	0.125	0.3033812851067874
ARGININE-SYN4-PWY:_L-ornithine_biosynthesis_II	PANTO-PWY:_phosphopantothenate_biosynthesis_I	2	0.25	0.8910050551877075
ARGININE-SYN4-PWY:_L-ornithine_biosynthesis_II	PANTOSYN-PWY:_superpathway_of_coenzyme_A_biosynthesis_I_(bacteria)	2	0.3333333333333333	0.8931618056456927
ARGININE-SYN4-PWY:_L-ornithine_biosynthesis_II	PENTOSE-P-PWY:_pentose_phosphate_pathway	1	0.5	0.3306593913968685
ARGININE-SYN4-PWY:_L-ornithine_biosynthesis_II	PEPTIDOGLYCANSYN-PWY:_peptidoglycan_biosynthesis_I_(meso-diaminopimelate_containing)	2	0.15384615384615385	0.8318005868489374
ARGININE-SYN4-PWY:_L-ornithine_biosynthesis_II	PWY-1042:_glycolysis_IV	1	0.07142857142857142	0.5024563818027105
ARGININE-SYN4-PWY:_L-ornithine_biosynthesis_II	PWY-1269:_CMP-3-deoxy-D-manno-octulosonate_biosynthesis	1	0.3333333333333333	0.27844954181482184
ARGININE-SYN4-PWY:_L-ornithine_biosynthesis_II	PWY-2942:_L-lysine_biosynthesis_III	2	0.4	0.948438169242717
ARGININE-SYN4-PWY:_L-ornithine_biosynthesis_II	PWY-3841:_folate_transformations_II_(plants)	2	0.2	0.900890497986186
ARGININE-SYN4-PWY:_L-ornithine_biosynthesis_II	PWY-5030:_L-histidine_degradation_III	2	0.5	0.937216631495616
ARGININE-SYN4-PWY:_L-ornithine_biosynthesis_II	PWY-5097:_L-lysine_biosynthesis_VI	2	0.4	0.8903255394294068
ARGININE-SYN4-PWY:_L-ornithine_biosynthesis_II	PWY-5103:_L-isoleucine_biosynthesis_III	1	0.07692307692307693	0.30714234646055105
ARGININE-SYN4-PWY:_L-ornithine_biosynthesis_II	PWY-5121:_superpathway_of_geranylgeranyl_diphosphate_biosynthesis_II_(via_MEP)	1	0.5	0.8396973145273985
ARGININE-SYN4-PWY:_L-ornithine_biosynthesis_II	PWY-5384:_sucrose_degradation_IV_(sucrose_phosphorylase)	1	0.25	0.32198990881426015
ARGININE-SYN4-PWY:_L-ornithine_biosynthesis_II	PWY-5667:_CDP-diacylglycerol_biosynthesis_I	2	0.25	0.8592294941177174
ARGININE-SYN4-PWY:_L-ornithine_biosynthesis_II	PWY-5686:_UMP_biosynthesis_I	2	0.11764705882352941	0.8030510047564763
ARGININE-SYN4-PWY:_L-ornithine_biosynthesis_II	PWY-5695:_inosine_5'-phosphate_degradation	2	0.16666666666666666	0.7761690962855975
ARGININE-SYN4-PWY:_L-ornithine_biosynthesis_II	PWY-5973:_cis-vaccenate_biosynthesis	2	1.0	0.8804326540709658
ARGININE-SYN4-PWY:_L-ornithine_biosynthesis_II	PWY-6121:_5-aminoimidazole_ribonucleotide_biosynthesis_I	2	0.1	0.8211939343526806
ARGININE-SYN4-PWY:_L-ornithine_biosynthesis_II	PWY-6122:_5-aminoimidazole_ribonucleotide_biosynthesis_II	2	0.08333333333333333	0.7807273687553836
ARGININE-SYN4-PWY:_L-ornithine_biosynthesis_II	PWY-6123:_inosine-5'-phosphate_biosynthesis_I	2	0.2857142857142857	0.879214111885213
ARGININE-SYN4-PWY:_L-ornithine_biosynthesis_II	PWY-6124:_inosine-5'-phosphate_biosynthesis_II	2	0.2	0.8630710359413565
ARGININE-SYN4-PWY:_L-ornithine_biosynthesis_II	PWY-6125:_superpathway_of_guanosine_nucleotides_de_novo_biosynthesis_II	2	1.0	0.9540557980729397
ARGININE-SYN4-PWY:_L-ornithine_biosynthesis_II	PWY-6126:_superpathway_of_adenosine_nucleotides_de_novo_biosynthesis_II	2	1.0	0.844152703854328
ARGININE-SYN4-PWY:_L-ornithine_biosynthesis_II	PWY-6147:_6-hydroxymethyl-dihydropterin_diphosphate_biosynthesis_I	2	0.6666666666666666	0.8914849719603011
ARGININE-SYN4-PWY:_L-ornithine_biosynthesis_II	PWY-6151:_S-adenosyl-L-methionine_salvage_I	1	0.06666666666666667	0.7329318086294427
ARGININE-SYN4-PWY:_L-ornithine_biosynthesis_II	PWY-6163:_chorismate_biosynthesis_from_3-dehydroquinate	2	0.125	0.7983017321371015
ARGININE-SYN4-PWY:_L-ornithine_biosynthesis_II	PWY-621:_sucrose_degradation_III_(sucrose_invertase)	1	0.2	0.3197575474951039
ARGININE-SYN4-PWY:_L-ornithine_biosynthesis_II	PWY-6270:_isoprene_biosynthesis_I	1	0.3333333333333333	0.3144181169422766
ARGININE-SYN4-PWY:_L-ornithine_biosynthesis_II	PWY-6277:_superpathway_of_5-aminoimidazole_ribonucleotide_biosynthesis	2	0.08333333333333333	0.7807273687553836
ARGININE-SYN4-PWY:_L-ornithine_biosynthesis_II	PWY-6385:_peptidoglycan_biosynthesis_III_(mycobacteria)	2	0.15384615384615385	0.8918118333055914
ARGININE-SYN4-PWY:_L-ornithine_biosynthesis_II	PWY-6386:_UDP-N-acetylmuramoyl-pentapeptide_biosynthesis_II_(lysine-containing)	2	0.18181818181818182	0.8398826896314038
ARGININE-SYN4-PWY:_L-ornithine_biosynthesis_II	PWY-6387:_UDP-N-acetylmuramoyl-pentapeptide_biosynthesis_I_(meso-diaminopimelate_containing)	2	0.13333333333333333	0.8150758922070642
ARGININE-SYN4-PWY:_L-ornithine_biosynthesis_II	PWY-6572:_chondroitin_sulfate_degradation_I_(bacterial)	1	0.5	0.3057936938510052
ARGININE-SYN4-PWY:_L-ornithine_biosynthesis_II	PWY-6609:_adenine_and_adenosine_salvage_III	2	0.11764705882352941	0.7609097616656039
ARGININE-SYN4-PWY:_L-ornithine_biosynthesis_II	PWY-6700:_queuosine_biosynthesis_I_(de_novo)	2	0.1111111111111111	0.7990316247886621
ARGININE-SYN4-PWY:_L-ornithine_biosynthesis_II	PWY-6703:_preQ0_biosynthesis	2	0.2857142857142857	0.8893310633922756
ARGININE-SYN4-PWY:_L-ornithine_biosynthesis_II	PWY-6902:_chitin_degradation_II_(Vibrio)	1	0.3333333333333333	0.2581755308851945
ARGININE-SYN4-PWY:_L-ornithine_biosynthesis_II	PWY-7199:_pyrimidine_deoxyribonucleosides_salvage	2	0.6666666666666666	0.9636922008770835
ARGININE-SYN4-PWY:_L-ornithine_biosynthesis_II	PWY-7220:_adenosine_deoxyribonucleotides_de_novo_biosynthesis_II	2	1.0	0.8802250378245168
ARGININE-SYN4-PWY:_L-ornithine_biosynthesis_II	PWY-7221:_guanosine_ribonucleotides_de_novo_biosynthesis	2	0.125	0.79093618489972
ARGININE-SYN4-PWY:_L-ornithine_biosynthesis_II	PWY-7222:_guanosine_deoxyribonucleotides_de_novo_biosynthesis_II	2	1.0	0.8802250378245168
ARGININE-SYN4-PWY:_L-ornithine_biosynthesis_II	PWY-7228:_superpathway_of_guanosine_nucleotides_de_novo_biosynthesis_I	2	0.6666666666666666	0.8829555128345478
ARGININE-SYN4-PWY:_L-ornithine_biosynthesis_II	PWY-7229:_superpathway_of_adenosine_nucleotides_de_novo_biosynthesis_I	2	1.0	0.8161952029192665
ARGININE-SYN4-PWY:_L-ornithine_biosynthesis_II	PWY-7560:_methylerythritol_phosphate_pathway_II	1	0.3333333333333333	0.3134788696834433
ARGININE-SYN4-PWY:_L-ornithine_biosynthesis_II	PWY-7663:_gondoate_biosynthesis_(anaerobic)	2	1.0	0.891409376131396
ARGININE-SYN4-PWY:_L-ornithine_biosynthesis_II	PWY-7790:_UMP_biosynthesis_II	2	0.11764705882352941	0.8046296517391947
ARGININE-SYN4-PWY:_L-ornithine_biosynthesis_II	PWY-7791:_UMP_biosynthesis_III	2	0.11764705882352941	0.7784591989292532
ARGININE-SYN4-PWY:_L-ornithine_biosynthesis_II	PWY-7851:_coenzyme_A_biosynthesis_II_(eukaryotic)	2	0.18181818181818182	0.8270877631154022
ARGININE-SYN4-PWY:_L-ornithine_biosynthesis_II	PWY-7953:_UDP-N-acetylmuramoyl-pentapeptide_biosynthesis_III_(meso-diaminopimelate_containing)	2	0.16666666666666666	0.8813167757892634
ARGININE-SYN4-PWY:_L-ornithine_biosynthesis_II	PWY-7977:_L-methionine_biosynthesis_IV	2	0.3333333333333333	0.8856792056320156
ARGININE-SYN4-PWY:_L-ornithine_biosynthesis_II	PWY-8178:_pentose_phosphate_pathway_(non-oxidative_branch)_II	1	0.125	0.30333241757274787
ARGININE-SYN4-PWY:_L-ornithine_biosynthesis_II	PWY0-1319:_CDP-diacylglycerol_biosynthesis_II	2	0.25	0.8592294941177174
ARGININE-SYN4-PWY:_L-ornithine_biosynthesis_II	PWY0-1586:_peptidoglycan_maturation_(meso-diaminopimelate_containing)	2	0.4	0.9329389715075092
ARGININE-SYN4-PWY:_L-ornithine_biosynthesis_II	PWY0-162:_superpathway_of_pyrimidine_ribonucleotides_de_novo_biosynthesis	1	0.5	0.3206030509260558
ARGININE-SYN4-PWY:_L-ornithine_biosynthesis_II	PWY0-845:_superpathway_of_pyridoxal_5'-phosphate_biosynthesis_and_salvage	1	0.5	0.3311863994540931
ARGININE-SYN4-PWY:_L-ornithine_biosynthesis_II	PWY66-429:_fatty_acid_biosynthesis_initiation_(mitochondria)	2	0.2	0.8392856576897141
ARGININE-SYN4-PWY:_L-ornithine_biosynthesis_II	PYRIDNUCSYN-PWY:_NAD_de_novo_biosynthesis_I_(from_aspartate)	2	0.3333333333333333	0.8544784616973475
ARGININE-SYN4-PWY:_L-ornithine_biosynthesis_II	PYRIDOXSYN-PWY:_pyridoxal_5'-phosphate_biosynthesis_I	1	0.5	0.3306906877795567
ARGININE-SYN4-PWY:_L-ornithine_biosynthesis_II	RHAMCAT-PWY:_L-rhamnose_degradation_I	2	0.5	0.8874289473422018
ARGININE-SYN4-PWY:_L-ornithine_biosynthesis_II	RIBOSYN2-PWY:_flavin_biosynthesis_I_(bacteria_and_plants)	2	0.25	0.8358721513689694
ARGININE-SYN4-PWY:_L-ornithine_biosynthesis_II	SER-GLYSYN-PWY:_superpathway_of_L-serine_and_glycine_biosynthesis_I	2	0.2	0.8669451784463444
ARGININE-SYN4-PWY:_L-ornithine_biosynthesis_II	THRESYN-PWY:_superpathway_of_L-threonine_biosynthesis	1	0.25	0.8483554204440417
ARGININE-SYN4-PWY:_L-ornithine_biosynthesis_II	TRNA-CHARGING-PWY:_tRNA_charging	2	0.2857142857142857	0.867939269299814
ARGININE-SYN4-PWY:_L-ornithine_biosynthesis_II	VALSYN-PWY:_L-valine_biosynthesis	2	0.09090909090909091	0.7942874463679556
ARGSYN-PWY:_L-arginine_biosynthesis_I_(via_L-ornithine)	ARGSYNBSUB-PWY:_L-arginine_biosynthesis_II_(acetyl_cycle)	8	0.8	0.9311648539772356
ARGSYN-PWY:_L-arginine_biosynthesis_I_(via_L-ornithine)	ARO-PWY:_chorismate_biosynthesis_I	6	0.42857142857142855	0.28807239783646
ARGSYN-PWY:_L-arginine_biosynthesis_I_(via_L-ornithine)	BRANCHED-CHAIN-AA-SYN-PWY:_superpathway_of_branched_chain_amino_acid_biosynthesis	3	0.2	0.13744428401844366
ARGSYN-PWY:_L-arginine_biosynthesis_I_(via_L-ornithine)	CALVIN-PWY:_Calvin-Benson-Bassham_cycle	4	0.5	0.2931290713034873
ARGSYN-PWY:_L-arginine_biosynthesis_I_(via_L-ornithine)	COA-PWY-1:_superpathway_of_coenzyme_A_biosynthesis_III_(mammals)	6	0.46153846153846156	0.23736945304955204
ARGSYN-PWY:_L-arginine_biosynthesis_I_(via_L-ornithine)	COA-PWY:_coenzyme_A_biosynthesis_I_(prokaryotic)	8	0.4444444444444444	0.243145265211407
ARGSYN-PWY:_L-arginine_biosynthesis_I_(via_L-ornithine)	COBALSYN-PWY:_superpathway_of_adenosylcobalamin_salvage_from_cobinamide_I	1	0.1111111111111111	0.5137445399165232
ARGSYN-PWY:_L-arginine_biosynthesis_I_(via_L-ornithine)	COMPLETE-ARO-PWY:_superpathway_of_aromatic_amino_acid_biosynthesis	3	0.375	0.23732668820108527
ARGSYN-PWY:_L-arginine_biosynthesis_I_(via_L-ornithine)	DTDPRHAMSYN-PWY:_dTDP-&beta;-L-rhamnose_biosynthesis	4	0.25	0.1440152325595735
ARGSYN-PWY:_L-arginine_biosynthesis_I_(via_L-ornithine)	GALACTUROCAT-PWY:_D-galacturonate_degradation_I	1	0.1111111111111111	0.6181495655751047
ARGSYN-PWY:_L-arginine_biosynthesis_I_(via_L-ornithine)	GLCMANNANAUT-PWY:_superpathway_of_N-acetylglucosamine,_N-acetylmannosamine_and_N-acetylneuraminate_degradation	1	0.1111111111111111	0.5033263837970348
ARGSYN-PWY:_L-arginine_biosynthesis_I_(via_L-ornithine)	GLUCUROCAT-PWY:_superpathway_of_&beta;-D-glucuronosides_degradation	1	0.125	0.5393451991078804
ARGSYN-PWY:_L-arginine_biosynthesis_I_(via_L-ornithine)	GLUTORN-PWY:_L-ornithine_biosynthesis_I	8	1.0	0.841238665092102
ARGSYN-PWY:_L-arginine_biosynthesis_I_(via_L-ornithine)	GLYCOGENSYNTH-PWY:_glycogen_biosynthesis_I_(from_ADP-D-Glucose)	7	0.4666666666666667	0.5453321620539235
ARGSYN-PWY:_L-arginine_biosynthesis_I_(via_L-ornithine)	HISTSYN-PWY:_L-histidine_biosynthesis	2	0.18181818181818182	0.1280081924386366
ARGSYN-PWY:_L-arginine_biosynthesis_I_(via_L-ornithine)	HSERMETANA-PWY:_L-methionine_biosynthesis_III	2	0.16666666666666666	0.17053880197335958
ARGSYN-PWY:_L-arginine_biosynthesis_I_(via_L-ornithine)	ILEUSYN-PWY:_L-isoleucine_biosynthesis_I_(from_threonine)	3	0.17647058823529413	0.13266855953067092
ARGSYN-PWY:_L-arginine_biosynthesis_I_(via_L-ornithine)	NONMEVIPP-PWY:_methylerythritol_phosphate_pathway_I	3	0.25	0.06031703587731907
ARGSYN-PWY:_L-arginine_biosynthesis_I_(via_L-ornithine)	NONOXIPENT-PWY:_pentose_phosphate_pathway_(non-oxidative_branch)_I	4	0.36363636363636365	0.17154570066770858
ARGSYN-PWY:_L-arginine_biosynthesis_I_(via_L-ornithine)	P41-PWY:_pyruvate_fermentation_to_acetate_and_(S)-lactate_I	3	0.3	0.1374740579425241
ARGSYN-PWY:_L-arginine_biosynthesis_I_(via_L-ornithine)	PANTO-PWY:_phosphopantothenate_biosynthesis_I	4	0.3333333333333333	0.057191503161625246
ARGSYN-PWY:_L-arginine_biosynthesis_I_(via_L-ornithine)	PANTOSYN-PWY:_superpathway_of_coenzyme_A_biosynthesis_I_(bacteria)	3	0.2727272727272727	0.05237098627295056
ARGSYN-PWY:_L-arginine_biosynthesis_I_(via_L-ornithine)	PEPTIDOGLYCANSYN-PWY:_peptidoglycan_biosynthesis_I_(meso-diaminopimelate_containing)	7	0.5	0.21891976128018953
ARGSYN-PWY:_L-arginine_biosynthesis_I_(via_L-ornithine)	PWY-1042:_glycolysis_IV	7	0.5	0.20613382190275276
ARGSYN-PWY:_L-arginine_biosynthesis_I_(via_L-ornithine)	PWY-2942:_L-lysine_biosynthesis_III	1	0.08333333333333333	0.04468384040082696
ARGSYN-PWY:_L-arginine_biosynthesis_I_(via_L-ornithine)	PWY-3841:_folate_transformations_II_(plants)	3	0.2	0.039434920636449156
ARGSYN-PWY:_L-arginine_biosynthesis_I_(via_L-ornithine)	PWY-5097:_L-lysine_biosynthesis_VI	3	0.3	0.2101582209520374
ARGSYN-PWY:_L-arginine_biosynthesis_I_(via_L-ornithine)	PWY-5100:_pyruvate_fermentation_to_acetate_and_lactate_II	3	0.2727272727272727	0.12874796330138039
ARGSYN-PWY:_L-arginine_biosynthesis_I_(via_L-ornithine)	PWY-5103:_L-isoleucine_biosynthesis_III	3	0.17647058823529413	0.13664637436280902
ARGSYN-PWY:_L-arginine_biosynthesis_I_(via_L-ornithine)	PWY-5188:_tetrapyrrole_biosynthesis_I_(from_glutamate)	3	0.23076923076923078	0.23528965059580065
ARGSYN-PWY:_L-arginine_biosynthesis_I_(via_L-ornithine)	PWY-5384:_sucrose_degradation_IV_(sucrose_phosphorylase)	1	0.1	0.03248948940877794
ARGSYN-PWY:_L-arginine_biosynthesis_I_(via_L-ornithine)	PWY-5659:_GDP-mannose_biosynthesis	1	0.09090909090909091	0.31912065239902
ARGSYN-PWY:_L-arginine_biosynthesis_I_(via_L-ornithine)	PWY-5667:_CDP-diacylglycerol_biosynthesis_I	4	0.3333333333333333	0.22992829426424932
ARGSYN-PWY:_L-arginine_biosynthesis_I_(via_L-ornithine)	PWY-5686:_UMP_biosynthesis_I	8	0.47058823529411764	0.27476051087704756
ARGSYN-PWY:_L-arginine_biosynthesis_I_(via_L-ornithine)	PWY-5695:_inosine_5'-phosphate_degradation	3	0.17647058823529413	0.11449655405753867
ARGSYN-PWY:_L-arginine_biosynthesis_I_(via_L-ornithine)	PWY-5941:_glycogen_degradation_II	4	0.36363636363636365	0.7798297564355768
ARGSYN-PWY:_L-arginine_biosynthesis_I_(via_L-ornithine)	PWY-6121:_5-aminoimidazole_ribonucleotide_biosynthesis_I	7	0.3333333333333333	0.2383191496440472
ARGSYN-PWY:_L-arginine_biosynthesis_I_(via_L-ornithine)	PWY-6122:_5-aminoimidazole_ribonucleotide_biosynthesis_II	7	0.28	0.24470849390853544
ARGSYN-PWY:_L-arginine_biosynthesis_I_(via_L-ornithine)	PWY-6123:_inosine-5'-phosphate_biosynthesis_I	1	0.07142857142857142	0.13939758226174892
ARGSYN-PWY:_L-arginine_biosynthesis_I_(via_L-ornithine)	PWY-6124:_inosine-5'-phosphate_biosynthesis_II	1	0.058823529411764705	0.1493595716066095
ARGSYN-PWY:_L-arginine_biosynthesis_I_(via_L-ornithine)	PWY-6151:_S-adenosyl-L-methionine_salvage_I	8	0.5714285714285714	0.2553678280444066
ARGSYN-PWY:_L-arginine_biosynthesis_I_(via_L-ornithine)	PWY-6163:_chorismate_biosynthesis_from_3-dehydroquinate	7	0.4117647058823529	0.27490460187885757
ARGSYN-PWY:_L-arginine_biosynthesis_I_(via_L-ornithine)	PWY-621:_sucrose_degradation_III_(sucrose_invertase)	1	0.09090909090909091	0.03193540307728637
ARGSYN-PWY:_L-arginine_biosynthesis_I_(via_L-ornithine)	PWY-6270:_isoprene_biosynthesis_I	1	0.1111111111111111	0.11697674669374858
ARGSYN-PWY:_L-arginine_biosynthesis_I_(via_L-ornithine)	PWY-6277:_superpathway_of_5-aminoimidazole_ribonucleotide_biosynthesis	7	0.28	0.24470849390853544
ARGSYN-PWY:_L-arginine_biosynthesis_I_(via_L-ornithine)	PWY-6317:_D-galactose_degradation_I_(Leloir_pathway)	5	0.45454545454545453	0.6707432415181865
ARGSYN-PWY:_L-arginine_biosynthesis_I_(via_L-ornithine)	PWY-6385:_peptidoglycan_biosynthesis_III_(mycobacteria)	6	0.4	0.1338744646036868
ARGSYN-PWY:_L-arginine_biosynthesis_I_(via_L-ornithine)	PWY-6386:_UDP-N-acetylmuramoyl-pentapeptide_biosynthesis_II_(lysine-containing)	6	0.46153846153846156	0.22854162137484013
ARGSYN-PWY:_L-arginine_biosynthesis_I_(via_L-ornithine)	PWY-6387:_UDP-N-acetylmuramoyl-pentapeptide_biosynthesis_I_(meso-diaminopimelate_containing)	7	0.4375	0.22212982903106315
ARGSYN-PWY:_L-arginine_biosynthesis_I_(via_L-ornithine)	PWY-6507:_4-deoxy-L-threo-hex-4-enopyranuronate_degradation	1	0.125	0.6301122319680847
ARGSYN-PWY:_L-arginine_biosynthesis_I_(via_L-ornithine)	PWY-6527:_stachyose_degradation	4	0.3333333333333333	0.32539485731725926
ARGSYN-PWY:_L-arginine_biosynthesis_I_(via_L-ornithine)	PWY-6608:_guanosine_nucleotides_degradation_III	1	0.1111111111111111	0.3417180996350221
ARGSYN-PWY:_L-arginine_biosynthesis_I_(via_L-ornithine)	PWY-6609:_adenine_and_adenosine_salvage_III	7	0.3888888888888889	0.21790489777028266
ARGSYN-PWY:_L-arginine_biosynthesis_I_(via_L-ornithine)	PWY-6700:_queuosine_biosynthesis_I_(de_novo)	7	0.3684210526315789	0.19211759130241324
ARGSYN-PWY:_L-arginine_biosynthesis_I_(via_L-ornithine)	PWY-6703:_preQ0_biosynthesis	1	0.07142857142857142	0.03812766667179879
ARGSYN-PWY:_L-arginine_biosynthesis_I_(via_L-ornithine)	PWY-6823:_molybdopterin_biosynthesis	4	0.36363636363636365	0.6130064975139189
ARGSYN-PWY:_L-arginine_biosynthesis_I_(via_L-ornithine)	PWY-6897:_thiamine_diphosphate_salvage_II	2	0.2222222222222222	0.6223152647975079
ARGSYN-PWY:_L-arginine_biosynthesis_I_(via_L-ornithine)	PWY-6936:_seleno-amino_acid_biosynthesis_(plants)	2	0.15384615384615385	0.20994336153926962
ARGSYN-PWY:_L-arginine_biosynthesis_I_(via_L-ornithine)	PWY-7111:_pyruvate_fermentation_to_isobutanol_(engineered)	4	0.3333333333333333	0.33265204272419335
ARGSYN-PWY:_L-arginine_biosynthesis_I_(via_L-ornithine)	PWY-7221:_guanosine_ribonucleotides_de_novo_biosynthesis	6	0.3333333333333333	0.20248934695311516
ARGSYN-PWY:_L-arginine_biosynthesis_I_(via_L-ornithine)	PWY-7237:_myo-,_chiro-_and_scyllo-inositol_degradation	5	0.38461538461538464	0.6812844738875563
ARGSYN-PWY:_L-arginine_biosynthesis_I_(via_L-ornithine)	PWY-7238:_sucrose_biosynthesis_II	7	0.5	0.6688820669469102
ARGSYN-PWY:_L-arginine_biosynthesis_I_(via_L-ornithine)	PWY-7242:_D-fructuronate_degradation	1	0.125	0.6159227806921932
ARGSYN-PWY:_L-arginine_biosynthesis_I_(via_L-ornithine)	PWY-724:_superpathway_of_L-lysine,_L-threonine_and_L-methionine_biosynthesis_II	1	0.125	0.36636255523941896
ARGSYN-PWY:_L-arginine_biosynthesis_I_(via_L-ornithine)	PWY-7357:_thiamine_phosphate_formation_from_pyrithiamine_and_oxythiamine_(yeast)	4	0.4444444444444444	0.7309414574304827
ARGSYN-PWY:_L-arginine_biosynthesis_I_(via_L-ornithine)	PWY-7560:_methylerythritol_phosphate_pathway_II	1	0.1111111111111111	0.11725570101488814
ARGSYN-PWY:_L-arginine_biosynthesis_I_(via_L-ornithine)	PWY-7790:_UMP_biosynthesis_II	8	0.47058823529411764	0.27552496466935317
ARGSYN-PWY:_L-arginine_biosynthesis_I_(via_L-ornithine)	PWY-7791:_UMP_biosynthesis_III	8	0.47058823529411764	0.26301074143738534
ARGSYN-PWY:_L-arginine_biosynthesis_I_(via_L-ornithine)	PWY-7851:_coenzyme_A_biosynthesis_II_(eukaryotic)	6	0.46153846153846156	0.22517855204811343
ARGSYN-PWY:_L-arginine_biosynthesis_I_(via_L-ornithine)	PWY-7953:_UDP-N-acetylmuramoyl-pentapeptide_biosynthesis_III_(meso-diaminopimelate_containing)	5	0.3333333333333333	0.07728381684095165
ARGSYN-PWY:_L-arginine_biosynthesis_I_(via_L-ornithine)	PWY-7977:_L-methionine_biosynthesis_IV	2	0.16666666666666666	0.13499110285849836
ARGSYN-PWY:_L-arginine_biosynthesis_I_(via_L-ornithine)	PWY-8178:_pentose_phosphate_pathway_(non-oxidative_branch)_II	4	0.36363636363636365	0.18715309372215916
ARGSYN-PWY:_L-arginine_biosynthesis_I_(via_L-ornithine)	PWY0-1061:_superpathway_of_L-alanine_biosynthesis	2	0.25	0.07797401613274835
ARGSYN-PWY:_L-arginine_biosynthesis_I_(via_L-ornithine)	PWY0-1296:_purine_ribonucleosides_degradation	6	0.6	0.8551082168987337
ARGSYN-PWY:_L-arginine_biosynthesis_I_(via_L-ornithine)	PWY0-1319:_CDP-diacylglycerol_biosynthesis_II	4	0.3333333333333333	0.22992829426424932
ARGSYN-PWY:_L-arginine_biosynthesis_I_(via_L-ornithine)	PWY0-1586:_peptidoglycan_maturation_(meso-diaminopimelate_containing)	2	0.18181818181818182	0.04662953236452305
ARGSYN-PWY:_L-arginine_biosynthesis_I_(via_L-ornithine)	PWY66-429:_fatty_acid_biosynthesis_initiation_(mitochondria)	2	0.125	0.05458514452470398
ARGSYN-PWY:_L-arginine_biosynthesis_I_(via_L-ornithine)	PYRIDNUCSYN-PWY:_NAD_de_novo_biosynthesis_I_(from_aspartate)	1	0.07692307692307693	0.010832326200093445
ARGSYN-PWY:_L-arginine_biosynthesis_I_(via_L-ornithine)	RHAMCAT-PWY:_L-rhamnose_degradation_I	1	0.09090909090909091	0.03800709701823546
ARGSYN-PWY:_L-arginine_biosynthesis_I_(via_L-ornithine)	RIBOSYN2-PWY:_flavin_biosynthesis_I_(bacteria_and_plants)	4	0.3333333333333333	0.18510378192328614
ARGSYN-PWY:_L-arginine_biosynthesis_I_(via_L-ornithine)	SALVADEHYPOX-PWY:_adenosine_nucleotides_degradation_II	1	0.125	0.33943871411988635
ARGSYN-PWY:_L-arginine_biosynthesis_I_(via_L-ornithine)	SER-GLYSYN-PWY:_superpathway_of_L-serine_and_glycine_biosynthesis_I	3	0.2	0.05172828292857312
ARGSYN-PWY:_L-arginine_biosynthesis_I_(via_L-ornithine)	THISYNARA-PWY:_superpathway_of_thiamine_diphosphate_biosynthesis_III_(eukaryotes)	3	0.375	0.3661189380456845
ARGSYN-PWY:_L-arginine_biosynthesis_I_(via_L-ornithine)	THRESYN-PWY:_superpathway_of_L-threonine_biosynthesis	1	0.1	0.08030263968688067
ARGSYN-PWY:_L-arginine_biosynthesis_I_(via_L-ornithine)	TRNA-CHARGING-PWY:_tRNA_charging	3	0.25	0.18442132931276234
ARGSYN-PWY:_L-arginine_biosynthesis_I_(via_L-ornithine)	VALSYN-PWY:_L-valine_biosynthesis	8	0.36363636363636365	0.28265354617020155
ARGSYNBSUB-PWY:_L-arginine_biosynthesis_II_(acetyl_cycle)	ARO-PWY:_chorismate_biosynthesis_I	7	0.4666666666666667	0.28228242030690254
ARGSYNBSUB-PWY:_L-arginine_biosynthesis_II_(acetyl_cycle)	BRANCHED-CHAIN-AA-SYN-PWY:_superpathway_of_branched_chain_amino_acid_biosynthesis	5	0.3333333333333333	0.1935623086170437
ARGSYNBSUB-PWY:_L-arginine_biosynthesis_II_(acetyl_cycle)	CALVIN-PWY:_Calvin-Benson-Bassham_cycle	4	0.4	0.28593118507232196
ARGSYNBSUB-PWY:_L-arginine_biosynthesis_II_(acetyl_cycle)	COA-PWY-1:_superpathway_of_coenzyme_A_biosynthesis_III_(mammals)	7	0.5	0.25203883486014134
ARGSYNBSUB-PWY:_L-arginine_biosynthesis_II_(acetyl_cycle)	COA-PWY:_coenzyme_A_biosynthesis_I_(prokaryotic)	10	0.5555555555555556	0.2620722552436424
ARGSYNBSUB-PWY:_L-arginine_biosynthesis_II_(acetyl_cycle)	COBALSYN-PWY:_superpathway_of_adenosylcobalamin_salvage_from_cobinamide_I	2	0.2	0.5415741044713418
ARGSYNBSUB-PWY:_L-arginine_biosynthesis_II_(acetyl_cycle)	COMPLETE-ARO-PWY:_superpathway_of_aromatic_amino_acid_biosynthesis	3	0.3	0.22955892026051994
ARGSYNBSUB-PWY:_L-arginine_biosynthesis_II_(acetyl_cycle)	DTDPRHAMSYN-PWY:_dTDP-&beta;-L-rhamnose_biosynthesis	5	0.29411764705882354	0.14945808198357624
ARGSYNBSUB-PWY:_L-arginine_biosynthesis_II_(acetyl_cycle)	GALACTUROCAT-PWY:_D-galacturonate_degradation_I	1	0.09090909090909091	0.6034741818804092
ARGSYNBSUB-PWY:_L-arginine_biosynthesis_II_(acetyl_cycle)	GLCMANNANAUT-PWY:_superpathway_of_N-acetylglucosamine,_N-acetylmannosamine_and_N-acetylneuraminate_degradation	1	0.09090909090909091	0.4895975009880268
ARGSYNBSUB-PWY:_L-arginine_biosynthesis_II_(acetyl_cycle)	GLUCUROCAT-PWY:_superpathway_of_&beta;-D-glucuronosides_degradation	1	0.1	0.5246344550346556
ARGSYNBSUB-PWY:_L-arginine_biosynthesis_II_(acetyl_cycle)	GLUTORN-PWY:_L-ornithine_biosynthesis_I	8	0.8	0.8251418940941075
ARGSYNBSUB-PWY:_L-arginine_biosynthesis_II_(acetyl_cycle)	GLYCOGENSYNTH-PWY:_glycogen_biosynthesis_I_(from_ADP-D-Glucose)	9	0.6	0.5595220345946984
ARGSYNBSUB-PWY:_L-arginine_biosynthesis_II_(acetyl_cycle)	HISTSYN-PWY:_L-histidine_biosynthesis	2	0.15384615384615385	0.12709789819098571
ARGSYNBSUB-PWY:_L-arginine_biosynthesis_II_(acetyl_cycle)	HSERMETANA-PWY:_L-methionine_biosynthesis_III	4	0.3333333333333333	0.2910794255945377
ARGSYNBSUB-PWY:_L-arginine_biosynthesis_II_(acetyl_cycle)	ILEUSYN-PWY:_L-isoleucine_biosynthesis_I_(from_threonine)	5	0.29411764705882354	0.18795520408960653
ARGSYNBSUB-PWY:_L-arginine_biosynthesis_II_(acetyl_cycle)	NONMEVIPP-PWY:_methylerythritol_phosphate_pathway_I	4	0.3076923076923077	0.07324257349108121
ARGSYNBSUB-PWY:_L-arginine_biosynthesis_II_(acetyl_cycle)	NONOXIPENT-PWY:_pentose_phosphate_pathway_(non-oxidative_branch)_I	5	0.4166666666666667	0.2051040489308691
ARGSYNBSUB-PWY:_L-arginine_biosynthesis_II_(acetyl_cycle)	P41-PWY:_pyruvate_fermentation_to_acetate_and_(S)-lactate_I	4	0.36363636363636365	0.17708523869899873
ARGSYNBSUB-PWY:_L-arginine_biosynthesis_II_(acetyl_cycle)	PANTO-PWY:_phosphopantothenate_biosynthesis_I	5	0.38461538461538464	0.06988606723493251
ARGSYNBSUB-PWY:_L-arginine_biosynthesis_II_(acetyl_cycle)	PANTOSYN-PWY:_superpathway_of_coenzyme_A_biosynthesis_I_(bacteria)	3	0.23076923076923078	0.0519610334886732
ARGSYNBSUB-PWY:_L-arginine_biosynthesis_II_(acetyl_cycle)	PEPTIDOGLYCANSYN-PWY:_peptidoglycan_biosynthesis_I_(meso-diaminopimelate_containing)	7	0.4375	0.21889352358497038
ARGSYNBSUB-PWY:_L-arginine_biosynthesis_II_(acetyl_cycle)	PWY-1042:_glycolysis_IV	8	0.5333333333333333	0.2089345535469791
ARGSYNBSUB-PWY:_L-arginine_biosynthesis_II_(acetyl_cycle)	PWY-2942:_L-lysine_biosynthesis_III	1	0.07142857142857142	0.04310283000843651
ARGSYNBSUB-PWY:_L-arginine_biosynthesis_II_(acetyl_cycle)	PWY-3841:_folate_transformations_II_(plants)	3	0.17647058823529413	0.040368524998365185
ARGSYNBSUB-PWY:_L-arginine_biosynthesis_II_(acetyl_cycle)	PWY-5097:_L-lysine_biosynthesis_VI	3	0.25	0.2073383164421797
ARGSYNBSUB-PWY:_L-arginine_biosynthesis_II_(acetyl_cycle)	PWY-5100:_pyruvate_fermentation_to_acetate_and_lactate_II	4	0.3333333333333333	0.17326483489858713
ARGSYNBSUB-PWY:_L-arginine_biosynthesis_II_(acetyl_cycle)	PWY-5103:_L-isoleucine_biosynthesis_III	5	0.29411764705882354	0.1873225719399655
ARGSYNBSUB-PWY:_L-arginine_biosynthesis_II_(acetyl_cycle)	PWY-5188:_tetrapyrrole_biosynthesis_I_(from_glutamate)	3	0.2	0.23283841600402966
ARGSYNBSUB-PWY:_L-arginine_biosynthesis_II_(acetyl_cycle)	PWY-5384:_sucrose_degradation_IV_(sucrose_phosphorylase)	1	0.08333333333333333	0.034976882736574844
ARGSYNBSUB-PWY:_L-arginine_biosynthesis_II_(acetyl_cycle)	PWY-5659:_GDP-mannose_biosynthesis	2	0.16666666666666666	0.35543410519701113
ARGSYNBSUB-PWY:_L-arginine_biosynthesis_II_(acetyl_cycle)	PWY-5667:_CDP-diacylglycerol_biosynthesis_I	5	0.38461538461538464	0.23623921207080845
ARGSYNBSUB-PWY:_L-arginine_biosynthesis_II_(acetyl_cycle)	PWY-5686:_UMP_biosynthesis_I	10	0.5882352941176471	0.29412764830876814
ARGSYNBSUB-PWY:_L-arginine_biosynthesis_II_(acetyl_cycle)	PWY-5695:_inosine_5'-phosphate_degradation	4	0.2222222222222222	0.12295738290224612
ARGSYNBSUB-PWY:_L-arginine_biosynthesis_II_(acetyl_cycle)	PWY-5941:_glycogen_degradation_II	5	0.4166666666666667	0.7848720204620862
ARGSYNBSUB-PWY:_L-arginine_biosynthesis_II_(acetyl_cycle)	PWY-6121:_5-aminoimidazole_ribonucleotide_biosynthesis_I	8	0.36363636363636365	0.24878845285789286
ARGSYNBSUB-PWY:_L-arginine_biosynthesis_II_(acetyl_cycle)	PWY-6122:_5-aminoimidazole_ribonucleotide_biosynthesis_II	9	0.36	0.2691389152687411
ARGSYNBSUB-PWY:_L-arginine_biosynthesis_II_(acetyl_cycle)	PWY-6123:_inosine-5'-phosphate_biosynthesis_I	1	0.0625	0.1384666675901266
ARGSYNBSUB-PWY:_L-arginine_biosynthesis_II_(acetyl_cycle)	PWY-6124:_inosine-5'-phosphate_biosynthesis_II	1	0.05263157894736842	0.14838868194845367
ARGSYNBSUB-PWY:_L-arginine_biosynthesis_II_(acetyl_cycle)	PWY-6151:_S-adenosyl-L-methionine_salvage_I	8	0.5	0.25197895362251777
ARGSYNBSUB-PWY:_L-arginine_biosynthesis_II_(acetyl_cycle)	PWY-6163:_chorismate_biosynthesis_from_3-dehydroquinate	8	0.4444444444444444	0.26971157155313774
ARGSYNBSUB-PWY:_L-arginine_biosynthesis_II_(acetyl_cycle)	PWY-621:_sucrose_degradation_III_(sucrose_invertase)	2	0.16666666666666666	0.06135136276800368
ARGSYNBSUB-PWY:_L-arginine_biosynthesis_II_(acetyl_cycle)	PWY-6270:_isoprene_biosynthesis_I	1	0.09090909090909091	0.11140503457651307
ARGSYNBSUB-PWY:_L-arginine_biosynthesis_II_(acetyl_cycle)	PWY-6277:_superpathway_of_5-aminoimidazole_ribonucleotide_biosynthesis	9	0.36	0.2691389152687411
ARGSYNBSUB-PWY:_L-arginine_biosynthesis_II_(acetyl_cycle)	PWY-6317:_D-galactose_degradation_I_(Leloir_pathway)	6	0.5	0.6997823873573334
ARGSYNBSUB-PWY:_L-arginine_biosynthesis_II_(acetyl_cycle)	PWY-6385:_peptidoglycan_biosynthesis_III_(mycobacteria)	7	0.4375	0.15077286116141908
ARGSYNBSUB-PWY:_L-arginine_biosynthesis_II_(acetyl_cycle)	PWY-6386:_UDP-N-acetylmuramoyl-pentapeptide_biosynthesis_II_(lysine-containing)	6	0.4	0.22801698212594923
ARGSYNBSUB-PWY:_L-arginine_biosynthesis_II_(acetyl_cycle)	PWY-6387:_UDP-N-acetylmuramoyl-pentapeptide_biosynthesis_I_(meso-diaminopimelate_containing)	8	0.47058823529411764	0.23542908431844722
ARGSYNBSUB-PWY:_L-arginine_biosynthesis_II_(acetyl_cycle)	PWY-6507:_4-deoxy-L-threo-hex-4-enopyranuronate_degradation	1	0.1	0.6139664215808068
ARGSYNBSUB-PWY:_L-arginine_biosynthesis_II_(acetyl_cycle)	PWY-6527:_stachyose_degradation	6	0.5	0.4038251900956461
ARGSYNBSUB-PWY:_L-arginine_biosynthesis_II_(acetyl_cycle)	PWY-6608:_guanosine_nucleotides_degradation_III	2	0.2	0.3826212903093681
ARGSYNBSUB-PWY:_L-arginine_biosynthesis_II_(acetyl_cycle)	PWY-6609:_adenine_and_adenosine_salvage_III	8	0.42105263157894735	0.23030369512282212
ARGSYNBSUB-PWY:_L-arginine_biosynthesis_II_(acetyl_cycle)	PWY-6700:_queuosine_biosynthesis_I_(de_novo)	8	0.4	0.19725286394561226
ARGSYNBSUB-PWY:_L-arginine_biosynthesis_II_(acetyl_cycle)	PWY-6703:_preQ0_biosynthesis	1	0.0625	0.0368215760048507
ARGSYNBSUB-PWY:_L-arginine_biosynthesis_II_(acetyl_cycle)	PWY-6823:_molybdopterin_biosynthesis	4	0.3076923076923077	0.6047467697598561
ARGSYNBSUB-PWY:_L-arginine_biosynthesis_II_(acetyl_cycle)	PWY-6897:_thiamine_diphosphate_salvage_II	2	0.18181818181818182	0.6066289723140565
ARGSYNBSUB-PWY:_L-arginine_biosynthesis_II_(acetyl_cycle)	PWY-6936:_seleno-amino_acid_biosynthesis_(plants)	2	0.13333333333333333	0.2038004810977122
ARGSYNBSUB-PWY:_L-arginine_biosynthesis_II_(acetyl_cycle)	PWY-7111:_pyruvate_fermentation_to_isobutanol_(engineered)	5	0.38461538461538464	0.3697764267650465
ARGSYNBSUB-PWY:_L-arginine_biosynthesis_II_(acetyl_cycle)	PWY-7221:_guanosine_ribonucleotides_de_novo_biosynthesis	8	0.4444444444444444	0.22219300525741048
ARGSYNBSUB-PWY:_L-arginine_biosynthesis_II_(acetyl_cycle)	PWY-7237:_myo-,_chiro-_and_scyllo-inositol_degradation	6	0.42857142857142855	0.6919007589902021
ARGSYNBSUB-PWY:_L-arginine_biosynthesis_II_(acetyl_cycle)	PWY-7238:_sucrose_biosynthesis_II	9	0.6428571428571429	0.6846886463708493
ARGSYNBSUB-PWY:_L-arginine_biosynthesis_II_(acetyl_cycle)	PWY-7242:_D-fructuronate_degradation	1	0.1	0.5999813136560286
ARGSYNBSUB-PWY:_L-arginine_biosynthesis_II_(acetyl_cycle)	PWY-724:_superpathway_of_L-lysine,_L-threonine_and_L-methionine_biosynthesis_II	1	0.1	0.3552225238319119
ARGSYNBSUB-PWY:_L-arginine_biosynthesis_II_(acetyl_cycle)	PWY-7357:_thiamine_phosphate_formation_from_pyrithiamine_and_oxythiamine_(yeast)	4	0.36363636363636365	0.7216208912523752
ARGSYNBSUB-PWY:_L-arginine_biosynthesis_II_(acetyl_cycle)	PWY-7560:_methylerythritol_phosphate_pathway_II	1	0.09090909090909091	0.11166523070882262
ARGSYNBSUB-PWY:_L-arginine_biosynthesis_II_(acetyl_cycle)	PWY-7790:_UMP_biosynthesis_II	10	0.5882352941176471	0.29494117373047046
ARGSYNBSUB-PWY:_L-arginine_biosynthesis_II_(acetyl_cycle)	PWY-7791:_UMP_biosynthesis_III	10	0.5882352941176471	0.28162029967055646
ARGSYNBSUB-PWY:_L-arginine_biosynthesis_II_(acetyl_cycle)	PWY-7851:_coenzyme_A_biosynthesis_II_(eukaryotic)	7	0.5	0.2390597745680848
ARGSYNBSUB-PWY:_L-arginine_biosynthesis_II_(acetyl_cycle)	PWY-7953:_UDP-N-acetylmuramoyl-pentapeptide_biosynthesis_III_(meso-diaminopimelate_containing)	6	0.375	0.09377717846741485
ARGSYNBSUB-PWY:_L-arginine_biosynthesis_II_(acetyl_cycle)	PWY-7977:_L-methionine_biosynthesis_IV	2	0.14285714285714285	0.13349401022132756
ARGSYNBSUB-PWY:_L-arginine_biosynthesis_II_(acetyl_cycle)	PWY-8178:_pentose_phosphate_pathway_(non-oxidative_branch)_II	5	0.4166666666666667	0.217716270233837
ARGSYNBSUB-PWY:_L-arginine_biosynthesis_II_(acetyl_cycle)	PWY0-1061:_superpathway_of_L-alanine_biosynthesis	2	0.2	0.07519939406486176
ARGSYNBSUB-PWY:_L-arginine_biosynthesis_II_(acetyl_cycle)	PWY0-1296:_purine_ribonucleosides_degradation	6	0.5	0.7997446076340584
ARGSYNBSUB-PWY:_L-arginine_biosynthesis_II_(acetyl_cycle)	PWY0-1319:_CDP-diacylglycerol_biosynthesis_II	5	0.38461538461538464	0.23623921207080845
ARGSYNBSUB-PWY:_L-arginine_biosynthesis_II_(acetyl_cycle)	PWY0-1586:_peptidoglycan_maturation_(meso-diaminopimelate_containing)	3	0.25	0.06046700119881787
ARGSYNBSUB-PWY:_L-arginine_biosynthesis_II_(acetyl_cycle)	PWY66-429:_fatty_acid_biosynthesis_initiation_(mitochondria)	3	0.17647058823529413	0.06685786122035398
ARGSYNBSUB-PWY:_L-arginine_biosynthesis_II_(acetyl_cycle)	PYRIDNUCSYN-PWY:_NAD_de_novo_biosynthesis_I_(from_aspartate)	1	0.06666666666666667	0.012180888294001213
ARGSYNBSUB-PWY:_L-arginine_biosynthesis_II_(acetyl_cycle)	RHAMCAT-PWY:_L-rhamnose_degradation_I	2	0.16666666666666666	0.048299334092729795
ARGSYNBSUB-PWY:_L-arginine_biosynthesis_II_(acetyl_cycle)	RIBOSYN2-PWY:_flavin_biosynthesis_I_(bacteria_and_plants)	4	0.2857142857142857	0.18395230137212448
ARGSYNBSUB-PWY:_L-arginine_biosynthesis_II_(acetyl_cycle)	SALVADEHYPOX-PWY:_adenosine_nucleotides_degradation_II	1	0.1	0.328952508918371
ARGSYNBSUB-PWY:_L-arginine_biosynthesis_II_(acetyl_cycle)	SER-GLYSYN-PWY:_superpathway_of_L-serine_and_glycine_biosynthesis_I	4	0.25	0.06519806612260892
ARGSYNBSUB-PWY:_L-arginine_biosynthesis_II_(acetyl_cycle)	THISYNARA-PWY:_superpathway_of_thiamine_diphosphate_biosynthesis_III_(eukaryotes)	3	0.3	0.35498470466481546
ARGSYNBSUB-PWY:_L-arginine_biosynthesis_II_(acetyl_cycle)	THRESYN-PWY:_superpathway_of_L-threonine_biosynthesis	1	0.08333333333333333	0.07958953736068908
ARGSYNBSUB-PWY:_L-arginine_biosynthesis_II_(acetyl_cycle)	TRNA-CHARGING-PWY:_tRNA_charging	3	0.21428571428571427	0.1846278042523919
ARGSYNBSUB-PWY:_L-arginine_biosynthesis_II_(acetyl_cycle)	UDPNAGSYN-PWY:_UDP-N-acetyl-D-glucosamine_biosynthesis_I	1	0.0625	0.05521106490652328
ARGSYNBSUB-PWY:_L-arginine_biosynthesis_II_(acetyl_cycle)	VALSYN-PWY:_L-valine_biosynthesis	10	0.45454545454545453	0.3048375005408057
ARO-PWY:_chorismate_biosynthesis_I	ASPASN-PWY:_superpathway_of_L-aspartate_and_L-asparagine_biosynthesis	1	0.08333333333333333	0.7074785105663213
ARO-PWY:_chorismate_biosynthesis_I	BRANCHED-CHAIN-AA-SYN-PWY:_superpathway_of_branched_chain_amino_acid_biosynthesis	6	0.375	0.3046851424714486
ARO-PWY:_chorismate_biosynthesis_I	CALVIN-PWY:_Calvin-Benson-Bassham_cycle	4	0.3333333333333333	0.05990022291324637
ARO-PWY:_chorismate_biosynthesis_I	COA-PWY-1:_superpathway_of_coenzyme_A_biosynthesis_III_(mammals)	7	0.4375	0.8276584410320088
ARO-PWY:_chorismate_biosynthesis_I	COA-PWY:_coenzyme_A_biosynthesis_I_(prokaryotic)	10	0.5	0.8243287202812548
ARO-PWY:_chorismate_biosynthesis_I	COBALSYN-PWY:_superpathway_of_adenosylcobalamin_salvage_from_cobinamide_I	2	0.16666666666666666	0.14001077484226332
ARO-PWY:_chorismate_biosynthesis_I	COMPLETE-ARO-PWY:_superpathway_of_aromatic_amino_acid_biosynthesis	3	0.25	0.05009141542688056
ARO-PWY:_chorismate_biosynthesis_I	DTDPRHAMSYN-PWY:_dTDP-&beta;-L-rhamnose_biosynthesis	8	0.5	0.6363373748515617
ARO-PWY:_chorismate_biosynthesis_I	GALACTUROCAT-PWY:_D-galacturonate_degradation_I	2	0.16666666666666666	0.20219615825069248
ARO-PWY:_chorismate_biosynthesis_I	GLCMANNANAUT-PWY:_superpathway_of_N-acetylglucosamine,_N-acetylmannosamine_and_N-acetylneuraminate_degradation	1	0.07692307692307693	0.1285322167615227
ARO-PWY:_chorismate_biosynthesis_I	GLUCUROCAT-PWY:_superpathway_of_&beta;-D-glucuronosides_degradation	1	0.08333333333333333	0.13773447318252774
ARO-PWY:_chorismate_biosynthesis_I	GLUTORN-PWY:_L-ornithine_biosynthesis_I	6	0.42857142857142855	0.2236706237617052
ARO-PWY:_chorismate_biosynthesis_I	GLYCOGENSYNTH-PWY:_glycogen_biosynthesis_I_(from_ADP-D-Glucose)	8	0.4444444444444444	0.452364803419917
ARO-PWY:_chorismate_biosynthesis_I	HEME-BIOSYNTHESIS-II:_heme_b_biosynthesis_I_(aerobic)	1	0.07692307692307693	0.007079905148444587
ARO-PWY:_chorismate_biosynthesis_I	HEMESYN2-PWY:_heme_b_biosynthesis_II_(oxygen-independent)	1	0.07692307692307693	0.007939330894039087
ARO-PWY:_chorismate_biosynthesis_I	HISDEG-PWY:_L-histidine_degradation_I	3	0.23076923076923078	0.8007443859296199
ARO-PWY:_chorismate_biosynthesis_I	HISTSYN-PWY:_L-histidine_biosynthesis	5	0.4166666666666667	0.919192175922245
ARO-PWY:_chorismate_biosynthesis_I	HSERMETANA-PWY:_L-methionine_biosynthesis_III	3	0.2	0.05075197626756511
ARO-PWY:_chorismate_biosynthesis_I	ILEUSYN-PWY:_L-isoleucine_biosynthesis_I_(from_threonine)	6	0.3333333333333333	0.30238702332280865
ARO-PWY:_chorismate_biosynthesis_I	NONMEVIPP-PWY:_methylerythritol_phosphate_pathway_I	5	0.35714285714285715	0.840605466154189
ARO-PWY:_chorismate_biosynthesis_I	NONOXIPENT-PWY:_pentose_phosphate_pathway_(non-oxidative_branch)_I	6	0.46153846153846156	0.3098579035401803
ARO-PWY:_chorismate_biosynthesis_I	P41-PWY:_pyruvate_fermentation_to_acetate_and_(S)-lactate_I	4	0.3076923076923077	0.03143893185717139
ARO-PWY:_chorismate_biosynthesis_I	PANTO-PWY:_phosphopantothenate_biosynthesis_I	6	0.42857142857142855	0.7845802737260306
ARO-PWY:_chorismate_biosynthesis_I	PANTOSYN-PWY:_superpathway_of_coenzyme_A_biosynthesis_I_(bacteria)	4	0.2857142857142857	0.7790556147621418
ARO-PWY:_chorismate_biosynthesis_I	PENTOSE-P-PWY:_pentose_phosphate_pathway	1	0.08333333333333333	0.2557375926543396
ARO-PWY:_chorismate_biosynthesis_I	PEPTIDOGLYCANSYN-PWY:_peptidoglycan_biosynthesis_I_(meso-diaminopimelate_containing)	8	0.47058823529411764	0.8845311105408986
ARO-PWY:_chorismate_biosynthesis_I	PWY-1042:_glycolysis_IV	10	0.6666666666666666	0.6310323095207604
ARO-PWY:_chorismate_biosynthesis_I	PWY-1269:_CMP-3-deoxy-D-manno-octulosonate_biosynthesis	2	0.16666666666666666	0.24151104143847135
ARO-PWY:_chorismate_biosynthesis_I	PWY-2942:_L-lysine_biosynthesis_III	4	0.3076923076923077	0.8472425163370471
ARO-PWY:_chorismate_biosynthesis_I	PWY-3841:_folate_transformations_II_(plants)	6	0.375	0.8404903033044737
ARO-PWY:_chorismate_biosynthesis_I	PWY-5005:_biotin_biosynthesis_II	1	0.07692307692307693	0.01046966919393777
ARO-PWY:_chorismate_biosynthesis_I	PWY-5030:_L-histidine_degradation_III	3	0.23076923076923078	0.8185096020236966
ARO-PWY:_chorismate_biosynthesis_I	PWY-5097:_L-lysine_biosynthesis_VI	5	0.4166666666666667	0.8742094170257613
ARO-PWY:_chorismate_biosynthesis_I	PWY-5100:_pyruvate_fermentation_to_acetate_and_lactate_II	5	0.38461538461538464	0.03626196176476637
ARO-PWY:_chorismate_biosynthesis_I	PWY-5103:_L-isoleucine_biosynthesis_III	6	0.3333333333333333	0.30533723914768274
ARO-PWY:_chorismate_biosynthesis_I	PWY-5121:_superpathway_of_geranylgeranyl_diphosphate_biosynthesis_II_(via_MEP)	1	0.08333333333333333	0.7564707946110079
ARO-PWY:_chorismate_biosynthesis_I	PWY-5130:_2-oxobutanoate_degradation_I	1	0.06666666666666667	0.010201010181471792
ARO-PWY:_chorismate_biosynthesis_I	PWY-5188:_tetrapyrrole_biosynthesis_I_(from_glutamate)	4	0.25	0.06474152296035462
ARO-PWY:_chorismate_biosynthesis_I	PWY-5384:_sucrose_degradation_IV_(sucrose_phosphorylase)	2	0.15384615384615385	0.2617487132568783
ARO-PWY:_chorismate_biosynthesis_I	PWY-5659:_GDP-mannose_biosynthesis	3	0.23076923076923078	0.11968893602855879
ARO-PWY:_chorismate_biosynthesis_I	PWY-5667:_CDP-diacylglycerol_biosynthesis_I	6	0.42857142857142855	0.9085613566265649
ARO-PWY:_chorismate_biosynthesis_I	PWY-5686:_UMP_biosynthesis_I	10	0.5263157894736842	0.9007993952215093
ARO-PWY:_chorismate_biosynthesis_I	PWY-5695:_inosine_5'-phosphate_degradation	8	0.5	0.814407208787463
ARO-PWY:_chorismate_biosynthesis_I	PWY-5837:_2-carboxy-1,4-naphthoquinol_biosynthesis	1	0.07692307692307693	0.004953426870954458
ARO-PWY:_chorismate_biosynthesis_I	PWY-5941:_glycogen_degradation_II	6	0.46153846153846156	0.2671285404386333
ARO-PWY:_chorismate_biosynthesis_I	PWY-5973:_cis-vaccenate_biosynthesis	2	0.16666666666666666	0.8070064617515789
ARO-PWY:_chorismate_biosynthesis_I	PWY-6121:_5-aminoimidazole_ribonucleotide_biosynthesis_I	11	0.5238095238095238	0.8695748914917991
ARO-PWY:_chorismate_biosynthesis_I	PWY-6122:_5-aminoimidazole_ribonucleotide_biosynthesis_II	11	0.44	0.8355821447736878
ARO-PWY:_chorismate_biosynthesis_I	PWY-6123:_inosine-5'-phosphate_biosynthesis_I	4	0.26666666666666666	0.8894796869553451
ARO-PWY:_chorismate_biosynthesis_I	PWY-6124:_inosine-5'-phosphate_biosynthesis_II	4	0.2222222222222222	0.8842772399938366
ARO-PWY:_chorismate_biosynthesis_I	PWY-6125:_superpathway_of_guanosine_nucleotides_de_novo_biosynthesis_II	2	0.16666666666666666	0.8616172120349583
ARO-PWY:_chorismate_biosynthesis_I	PWY-6126:_superpathway_of_adenosine_nucleotides_de_novo_biosynthesis_II	2	0.16666666666666666	0.7780429999999108
ARO-PWY:_chorismate_biosynthesis_I	PWY-6147:_6-hydroxymethyl-dihydropterin_diphosphate_biosynthesis_I	2	0.15384615384615385	0.8142444332332308
ARO-PWY:_chorismate_biosynthesis_I	PWY-6151:_S-adenosyl-L-methionine_salvage_I	8	0.4444444444444444	0.7998750300835621
ARO-PWY:_chorismate_biosynthesis_I	PWY-6163:_chorismate_biosynthesis_from_3-dehydroquinate	12	0.75	0.9445147312122854
ARO-PWY:_chorismate_biosynthesis_I	PWY-621:_sucrose_degradation_III_(sucrose_invertase)	2	0.14285714285714285	0.2603371333353589
ARO-PWY:_chorismate_biosynthesis_I	PWY-6270:_isoprene_biosynthesis_I	2	0.16666666666666666	0.2771384398262433
ARO-PWY:_chorismate_biosynthesis_I	PWY-6277:_superpathway_of_5-aminoimidazole_ribonucleotide_biosynthesis	11	0.44	0.8355821447736878
ARO-PWY:_chorismate_biosynthesis_I	PWY-6317:_D-galactose_degradation_I_(Leloir_pathway)	7	0.5384615384615384	0.21944044189573497
ARO-PWY:_chorismate_biosynthesis_I	PWY-6385:_peptidoglycan_biosynthesis_III_(mycobacteria)	7	0.3888888888888889	0.8641975011102129
ARO-PWY:_chorismate_biosynthesis_I	PWY-6386:_UDP-N-acetylmuramoyl-pentapeptide_biosynthesis_II_(lysine-containing)	7	0.4375	0.8947972202942667
ARO-PWY:_chorismate_biosynthesis_I	PWY-6387:_UDP-N-acetylmuramoyl-pentapeptide_biosynthesis_I_(meso-diaminopimelate_containing)	8	0.42105263157894735	0.8743622826652233
ARO-PWY:_chorismate_biosynthesis_I	PWY-6507:_4-deoxy-L-threo-hex-4-enopyranuronate_degradation	1	0.08333333333333333	0.1687210421570009
ARO-PWY:_chorismate_biosynthesis_I	PWY-6527:_stachyose_degradation	5	0.3333333333333333	0.08872041912391748
ARO-PWY:_chorismate_biosynthesis_I	PWY-6572:_chondroitin_sulfate_degradation_I_(bacterial)	1	0.08333333333333333	0.24669843237711486
ARO-PWY:_chorismate_biosynthesis_I	PWY-6608:_guanosine_nucleotides_degradation_III	2	0.16666666666666666	0.08924573525611124
ARO-PWY:_chorismate_biosynthesis_I	PWY-6609:_adenine_and_adenosine_salvage_III	10	0.5263157894736842	0.8544480276128746
ARO-PWY:_chorismate_biosynthesis_I	PWY-6700:_queuosine_biosynthesis_I_(de_novo)	10	0.5	0.8500726543484443
ARO-PWY:_chorismate_biosynthesis_I	PWY-6703:_preQ0_biosynthesis	4	0.26666666666666666	0.8397541660490154
ARO-PWY:_chorismate_biosynthesis_I	PWY-6823:_molybdopterin_biosynthesis	5	0.35714285714285715	0.17776414044509092
ARO-PWY:_chorismate_biosynthesis_I	PWY-6897:_thiamine_diphosphate_salvage_II	2	0.15384615384615385	0.16869733781804486
ARO-PWY:_chorismate_biosynthesis_I	PWY-6902:_chitin_degradation_II_(Vibrio)	2	0.16666666666666666	0.2229585528567658
ARO-PWY:_chorismate_biosynthesis_I	PWY-6936:_seleno-amino_acid_biosynthesis_(plants)	3	0.1875	0.05371450339887185
ARO-PWY:_chorismate_biosynthesis_I	PWY-7111:_pyruvate_fermentation_to_isobutanol_(engineered)	5	0.3333333333333333	0.0907197120832578
ARO-PWY:_chorismate_biosynthesis_I	PWY-7199:_pyrimidine_deoxyribonucleosides_salvage	2	0.15384615384615385	0.8162139729796754
ARO-PWY:_chorismate_biosynthesis_I	PWY-7220:_adenosine_deoxyribonucleotides_de_novo_biosynthesis_II	2	0.16666666666666666	0.8030368597979093
ARO-PWY:_chorismate_biosynthesis_I	PWY-7221:_guanosine_ribonucleotides_de_novo_biosynthesis	11	0.6470588235294118	0.8740523016108099
ARO-PWY:_chorismate_biosynthesis_I	PWY-7222:_guanosine_deoxyribonucleotides_de_novo_biosynthesis_II	2	0.16666666666666666	0.8030368597979093
ARO-PWY:_chorismate_biosynthesis_I	PWY-7228:_superpathway_of_guanosine_nucleotides_de_novo_biosynthesis_I	2	0.15384615384615385	0.8090086665208622
ARO-PWY:_chorismate_biosynthesis_I	PWY-7229:_superpathway_of_adenosine_nucleotides_de_novo_biosynthesis_I	2	0.16666666666666666	0.7555035288211449
ARO-PWY:_chorismate_biosynthesis_I	PWY-7237:_myo-,_chiro-_and_scyllo-inositol_degradation	5	0.29411764705882354	0.2085655062124001
ARO-PWY:_chorismate_biosynthesis_I	PWY-7238:_sucrose_biosynthesis_II	8	0.47058823529411764	0.2851040539623133
ARO-PWY:_chorismate_biosynthesis_I	PWY-7242:_D-fructuronate_degradation	1	0.08333333333333333	0.16368017861103779
ARO-PWY:_chorismate_biosynthesis_I	PWY-724:_superpathway_of_L-lysine,_L-threonine_and_L-methionine_biosynthesis_II	1	0.08333333333333333	0.08597739531688109
ARO-PWY:_chorismate_biosynthesis_I	PWY-7357:_thiamine_phosphate_formation_from_pyrithiamine_and_oxythiamine_(yeast)	4	0.3076923076923077	0.21413360452049046
ARO-PWY:_chorismate_biosynthesis_I	PWY-7560:_methylerythritol_phosphate_pathway_II	2	0.16666666666666666	0.2763806782519327
ARO-PWY:_chorismate_biosynthesis_I	PWY-7663:_gondoate_biosynthesis_(anaerobic)	2	0.16666666666666666	0.815706690999994
ARO-PWY:_chorismate_biosynthesis_I	PWY-7790:_UMP_biosynthesis_II	10	0.5263157894736842	0.9023510835909074
ARO-PWY:_chorismate_biosynthesis_I	PWY-7791:_UMP_biosynthesis_III	10	0.5263157894736842	0.8765298713182861
ARO-PWY:_chorismate_biosynthesis_I	PWY-7851:_coenzyme_A_biosynthesis_II_(eukaryotic)	7	0.4375	0.8284207462537773
ARO-PWY:_chorismate_biosynthesis_I	PWY-7953:_UDP-N-acetylmuramoyl-pentapeptide_biosynthesis_III_(meso-diaminopimelate_containing)	6	0.3333333333333333	0.8364293433353971
ARO-PWY:_chorismate_biosynthesis_I	PWY-7977:_L-methionine_biosynthesis_IV	5	0.38461538461538464	0.8819035086825644
ARO-PWY:_chorismate_biosynthesis_I	PWY-8178:_pentose_phosphate_pathway_(non-oxidative_branch)_II	6	0.46153846153846156	0.31230956312986613
ARO-PWY:_chorismate_biosynthesis_I	PWY0-1061:_superpathway_of_L-alanine_biosynthesis	2	0.16666666666666666	0.016120840670271308
ARO-PWY:_chorismate_biosynthesis_I	PWY0-1241:_ADP-L-glycero-&beta;-D-manno-heptose_biosynthesis	1	0.07692307692307693	0.009658793622249195
ARO-PWY:_chorismate_biosynthesis_I	PWY0-1296:_purine_ribonucleosides_degradation	7	0.5384615384615384	0.31098513297970853
ARO-PWY:_chorismate_biosynthesis_I	PWY0-1319:_CDP-diacylglycerol_biosynthesis_II	6	0.42857142857142855	0.9085613566265649
ARO-PWY:_chorismate_biosynthesis_I	PWY0-1586:_peptidoglycan_maturation_(meso-diaminopimelate_containing)	4	0.3076923076923077	0.8291847129083598
ARO-PWY:_chorismate_biosynthesis_I	PWY0-162:_superpathway_of_pyrimidine_ribonucleotides_de_novo_biosynthesis	1	0.08333333333333333	0.24762185222689936
ARO-PWY:_chorismate_biosynthesis_I	PWY0-845:_superpathway_of_pyridoxal_5'-phosphate_biosynthesis_and_salvage	1	0.08333333333333333	0.2580919482299666
ARO-PWY:_chorismate_biosynthesis_I	PWY66-429:_fatty_acid_biosynthesis_initiation_(mitochondria)	6	0.375	0.8133598184552286
ARO-PWY:_chorismate_biosynthesis_I	PYRIDNUCSYN-PWY:_NAD_de_novo_biosynthesis_I_(from_aspartate)	4	0.2857142857142857	0.8041326906124329
ARO-PWY:_chorismate_biosynthesis_I	PYRIDOXSYN-PWY:_pyridoxal_5'-phosphate_biosynthesis_I	1	0.08333333333333333	0.26010991683785667
ARO-PWY:_chorismate_biosynthesis_I	RHAMCAT-PWY:_L-rhamnose_degradation_I	4	0.3333333333333333	0.8366476383118955
ARO-PWY:_chorismate_biosynthesis_I	RIBOSYN2-PWY:_flavin_biosynthesis_I_(bacteria_and_plants)	7	0.5384615384615384	0.8850636854868562
ARO-PWY:_chorismate_biosynthesis_I	SALVADEHYPOX-PWY:_adenosine_nucleotides_degradation_II	1	0.08333333333333333	0.0786667111438063
ARO-PWY:_chorismate_biosynthesis_I	SER-GLYSYN-PWY:_superpathway_of_L-serine_and_glycine_biosynthesis_I	7	0.4666666666666667	0.7943163840235699
ARO-PWY:_chorismate_biosynthesis_I	THISYNARA-PWY:_superpathway_of_thiamine_diphosphate_biosynthesis_III_(eukaryotes)	3	0.25	0.0859104187378642
ARO-PWY:_chorismate_biosynthesis_I	THRESYN-PWY:_superpathway_of_L-threonine_biosynthesis	2	0.15384615384615385	0.789252113006935
ARO-PWY:_chorismate_biosynthesis_I	TRNA-CHARGING-PWY:_tRNA_charging	6	0.46153846153846156	0.8952683790404907
ARO-PWY:_chorismate_biosynthesis_I	UDPNAGSYN-PWY:_UDP-N-acetyl-D-glucosamine_biosynthesis_I	1	0.05555555555555555	0.010767832946550482
ARO-PWY:_chorismate_biosynthesis_I	VALSYN-PWY:_L-valine_biosynthesis	11	0.4782608695652174	0.9047761624067764
ASPASN-PWY:_superpathway_of_L-aspartate_and_L-asparagine_biosynthesis	COA-PWY-1:_superpathway_of_coenzyme_A_biosynthesis_III_(mammals)	1	0.09090909090909091	0.6570818473778497
ASPASN-PWY:_superpathway_of_L-aspartate_and_L-asparagine_biosynthesis	COA-PWY:_coenzyme_A_biosynthesis_I_(prokaryotic)	1	0.05555555555555555	0.6461610983737954
ASPASN-PWY:_superpathway_of_L-aspartate_and_L-asparagine_biosynthesis	DTDPRHAMSYN-PWY:_dTDP-&beta;-L-rhamnose_biosynthesis	1	0.08333333333333333	0.5658465304735847
ASPASN-PWY:_superpathway_of_L-aspartate_and_L-asparagine_biosynthesis	HISDEG-PWY:_L-histidine_degradation_I	1	0.25	0.7315492496738114
ASPASN-PWY:_superpathway_of_L-aspartate_and_L-asparagine_biosynthesis	HISTSYN-PWY:_L-histidine_biosynthesis	1	0.2	0.7557810594116228
ASPASN-PWY:_superpathway_of_L-aspartate_and_L-asparagine_biosynthesis	NONMEVIPP-PWY:_methylerythritol_phosphate_pathway_I	1	0.14285714285714285	0.7752275383222883
ASPASN-PWY:_superpathway_of_L-aspartate_and_L-asparagine_biosynthesis	PANTO-PWY:_phosphopantothenate_biosynthesis_I	1	0.125	0.7009994830590278
ASPASN-PWY:_superpathway_of_L-aspartate_and_L-asparagine_biosynthesis	PANTOSYN-PWY:_superpathway_of_coenzyme_A_biosynthesis_I_(bacteria)	1	0.16666666666666666	0.7061006292354521
ASPASN-PWY:_superpathway_of_L-aspartate_and_L-asparagine_biosynthesis	PEPTIDOGLYCANSYN-PWY:_peptidoglycan_biosynthesis_I_(meso-diaminopimelate_containing)	1	0.07692307692307693	0.7290644943836002
ASPASN-PWY:_superpathway_of_L-aspartate_and_L-asparagine_biosynthesis	PWY-1042:_glycolysis_IV	1	0.07692307692307693	0.6544686960792657
ASPASN-PWY:_superpathway_of_L-aspartate_and_L-asparagine_biosynthesis	PWY-2942:_L-lysine_biosynthesis_III	1	0.2	0.730559980416077
ASPASN-PWY:_superpathway_of_L-aspartate_and_L-asparagine_biosynthesis	PWY-3841:_folate_transformations_II_(plants)	1	0.1	0.746015881526616
ASPASN-PWY:_superpathway_of_L-aspartate_and_L-asparagine_biosynthesis	PWY-5030:_L-histidine_degradation_III	1	0.25	0.7381351438102822
ASPASN-PWY:_superpathway_of_L-aspartate_and_L-asparagine_biosynthesis	PWY-5097:_L-lysine_biosynthesis_VI	1	0.2	0.6796998143040323
ASPASN-PWY:_superpathway_of_L-aspartate_and_L-asparagine_biosynthesis	PWY-5121:_superpathway_of_geranylgeranyl_diphosphate_biosynthesis_II_(via_MEP)	1	1.0	0.9207117551542587
ASPASN-PWY:_superpathway_of_L-aspartate_and_L-asparagine_biosynthesis	PWY-5667:_CDP-diacylglycerol_biosynthesis_I	1	0.125	0.7703773656269456
ASPASN-PWY:_superpathway_of_L-aspartate_and_L-asparagine_biosynthesis	PWY-5686:_UMP_biosynthesis_I	1	0.058823529411764705	0.6819356077312824
ASPASN-PWY:_superpathway_of_L-aspartate_and_L-asparagine_biosynthesis	PWY-5695:_inosine_5'-phosphate_degradation	1	0.08333333333333333	0.8100020563366067
ASPASN-PWY:_superpathway_of_L-aspartate_and_L-asparagine_biosynthesis	PWY-5973:_cis-vaccenate_biosynthesis	1	0.5	0.8314371667693699
ASPASN-PWY:_superpathway_of_L-aspartate_and_L-asparagine_biosynthesis	PWY-6121:_5-aminoimidazole_ribonucleotide_biosynthesis_I	1	0.05	0.6470844965122244
ASPASN-PWY:_superpathway_of_L-aspartate_and_L-asparagine_biosynthesis	PWY-6122:_5-aminoimidazole_ribonucleotide_biosynthesis_II	1	0.041666666666666664	0.6268591611775461
ASPASN-PWY:_superpathway_of_L-aspartate_and_L-asparagine_biosynthesis	PWY-6123:_inosine-5'-phosphate_biosynthesis_I	1	0.14285714285714285	0.7266631227306335
ASPASN-PWY:_superpathway_of_L-aspartate_and_L-asparagine_biosynthesis	PWY-6124:_inosine-5'-phosphate_biosynthesis_II	1	0.1	0.727316334293016
ASPASN-PWY:_superpathway_of_L-aspartate_and_L-asparagine_biosynthesis	PWY-6125:_superpathway_of_guanosine_nucleotides_de_novo_biosynthesis_II	1	0.5	0.829708075037336
ASPASN-PWY:_superpathway_of_L-aspartate_and_L-asparagine_biosynthesis	PWY-6126:_superpathway_of_adenosine_nucleotides_de_novo_biosynthesis_II	1	0.5	0.8749765798226337
ASPASN-PWY:_superpathway_of_L-aspartate_and_L-asparagine_biosynthesis	PWY-6147:_6-hydroxymethyl-dihydropterin_diphosphate_biosynthesis_I	1	0.3333333333333333	0.7885507914492953
ASPASN-PWY:_superpathway_of_L-aspartate_and_L-asparagine_biosynthesis	PWY-6151:_S-adenosyl-L-methionine_salvage_I	1	0.07142857142857142	0.8538674174090362
ASPASN-PWY:_superpathway_of_L-aspartate_and_L-asparagine_biosynthesis	PWY-6163:_chorismate_biosynthesis_from_3-dehydroquinate	1	0.0625	0.7477486328664149
ASPASN-PWY:_superpathway_of_L-aspartate_and_L-asparagine_biosynthesis	PWY-6277:_superpathway_of_5-aminoimidazole_ribonucleotide_biosynthesis	1	0.041666666666666664	0.6268591611775461
ASPASN-PWY:_superpathway_of_L-aspartate_and_L-asparagine_biosynthesis	PWY-6385:_peptidoglycan_biosynthesis_III_(mycobacteria)	1	0.07692307692307693	0.7227118223986566
ASPASN-PWY:_superpathway_of_L-aspartate_and_L-asparagine_biosynthesis	PWY-6386:_UDP-N-acetylmuramoyl-pentapeptide_biosynthesis_II_(lysine-containing)	1	0.09090909090909091	0.7342978354326031
ASPASN-PWY:_superpathway_of_L-aspartate_and_L-asparagine_biosynthesis	PWY-6387:_UDP-N-acetylmuramoyl-pentapeptide_biosynthesis_I_(meso-diaminopimelate_containing)	1	0.06666666666666667	0.7297295246904196
ASPASN-PWY:_superpathway_of_L-aspartate_and_L-asparagine_biosynthesis	PWY-6609:_adenine_and_adenosine_salvage_III	1	0.058823529411764705	0.7481961044105055
ASPASN-PWY:_superpathway_of_L-aspartate_and_L-asparagine_biosynthesis	PWY-6700:_queuosine_biosynthesis_I_(de_novo)	1	0.05555555555555555	0.8057521834131971
ASPASN-PWY:_superpathway_of_L-aspartate_and_L-asparagine_biosynthesis	PWY-6703:_preQ0_biosynthesis	1	0.14285714285714285	0.8009647384072938
ASPASN-PWY:_superpathway_of_L-aspartate_and_L-asparagine_biosynthesis	PWY-7199:_pyrimidine_deoxyribonucleosides_salvage	1	0.3333333333333333	0.7570596133166576
ASPASN-PWY:_superpathway_of_L-aspartate_and_L-asparagine_biosynthesis	PWY-7220:_adenosine_deoxyribonucleotides_de_novo_biosynthesis_II	1	0.5	0.9123638099761568
ASPASN-PWY:_superpathway_of_L-aspartate_and_L-asparagine_biosynthesis	PWY-7221:_guanosine_ribonucleotides_de_novo_biosynthesis	1	0.0625	0.7288943478870877
ASPASN-PWY:_superpathway_of_L-aspartate_and_L-asparagine_biosynthesis	PWY-7222:_guanosine_deoxyribonucleotides_de_novo_biosynthesis_II	1	0.5	0.9123638099761568
ASPASN-PWY:_superpathway_of_L-aspartate_and_L-asparagine_biosynthesis	PWY-7228:_superpathway_of_guanosine_nucleotides_de_novo_biosynthesis_I	1	0.3333333333333333	0.8826411374514432
ASPASN-PWY:_superpathway_of_L-aspartate_and_L-asparagine_biosynthesis	PWY-7229:_superpathway_of_adenosine_nucleotides_de_novo_biosynthesis_I	1	0.5	0.8467460775112252
ASPASN-PWY:_superpathway_of_L-aspartate_and_L-asparagine_biosynthesis	PWY-7663:_gondoate_biosynthesis_(anaerobic)	1	0.5	0.7523186119873817
ASPASN-PWY:_superpathway_of_L-aspartate_and_L-asparagine_biosynthesis	PWY-7790:_UMP_biosynthesis_II	1	0.058823529411764705	0.6832420461827251
ASPASN-PWY:_superpathway_of_L-aspartate_and_L-asparagine_biosynthesis	PWY-7791:_UMP_biosynthesis_III	1	0.058823529411764705	0.7184466350466838
ASPASN-PWY:_superpathway_of_L-aspartate_and_L-asparagine_biosynthesis	PWY-7851:_coenzyme_A_biosynthesis_II_(eukaryotic)	1	0.09090909090909091	0.6649174943162188
ASPASN-PWY:_superpathway_of_L-aspartate_and_L-asparagine_biosynthesis	PWY-7953:_UDP-N-acetylmuramoyl-pentapeptide_biosynthesis_III_(meso-diaminopimelate_containing)	1	0.08333333333333333	0.7694478207008095
ASPASN-PWY:_superpathway_of_L-aspartate_and_L-asparagine_biosynthesis	PWY-7977:_L-methionine_biosynthesis_IV	1	0.16666666666666666	0.7112428264223243
ASPASN-PWY:_superpathway_of_L-aspartate_and_L-asparagine_biosynthesis	PWY0-1319:_CDP-diacylglycerol_biosynthesis_II	1	0.125	0.7703773656269456
ASPASN-PWY:_superpathway_of_L-aspartate_and_L-asparagine_biosynthesis	PWY0-1586:_peptidoglycan_maturation_(meso-diaminopimelate_containing)	1	0.2	0.7196607197084757
ASPASN-PWY:_superpathway_of_L-aspartate_and_L-asparagine_biosynthesis	PWY66-429:_fatty_acid_biosynthesis_initiation_(mitochondria)	1	0.1	0.8572110836162202
ASPASN-PWY:_superpathway_of_L-aspartate_and_L-asparagine_biosynthesis	PYRIDNUCSYN-PWY:_NAD_de_novo_biosynthesis_I_(from_aspartate)	1	0.16666666666666666	0.8139248242732907
ASPASN-PWY:_superpathway_of_L-aspartate_and_L-asparagine_biosynthesis	RHAMCAT-PWY:_L-rhamnose_degradation_I	1	0.25	0.7673672797276332
ASPASN-PWY:_superpathway_of_L-aspartate_and_L-asparagine_biosynthesis	RIBOSYN2-PWY:_flavin_biosynthesis_I_(bacteria_and_plants)	1	0.125	0.8383211489724537
ASPASN-PWY:_superpathway_of_L-aspartate_and_L-asparagine_biosynthesis	SER-GLYSYN-PWY:_superpathway_of_L-serine_and_glycine_biosynthesis_I	1	0.1	0.6887335471790491
ASPASN-PWY:_superpathway_of_L-aspartate_and_L-asparagine_biosynthesis	THRESYN-PWY:_superpathway_of_L-threonine_biosynthesis	1	0.3333333333333333	0.8571537369807011
ASPASN-PWY:_superpathway_of_L-aspartate_and_L-asparagine_biosynthesis	TRNA-CHARGING-PWY:_tRNA_charging	1	0.14285714285714285	0.6929787987094427
ASPASN-PWY:_superpathway_of_L-aspartate_and_L-asparagine_biosynthesis	VALSYN-PWY:_L-valine_biosynthesis	1	0.045454545454545456	0.7060830938325156
BRANCHED-CHAIN-AA-SYN-PWY:_superpathway_of_branched_chain_amino_acid_biosynthesis	CALVIN-PWY:_Calvin-Benson-Bassham_cycle	3	0.2727272727272727	0.163378792456783
BRANCHED-CHAIN-AA-SYN-PWY:_superpathway_of_branched_chain_amino_acid_biosynthesis	COA-PWY-1:_superpathway_of_coenzyme_A_biosynthesis_III_(mammals)	5	0.3125	0.25789998578580153
BRANCHED-CHAIN-AA-SYN-PWY:_superpathway_of_branched_chain_amino_acid_biosynthesis	COA-PWY:_coenzyme_A_biosynthesis_I_(prokaryotic)	9	0.47368421052631576	0.2902889023439821
BRANCHED-CHAIN-AA-SYN-PWY:_superpathway_of_branched_chain_amino_acid_biosynthesis	COBALSYN-PWY:_superpathway_of_adenosylcobalamin_salvage_from_cobinamide_I	1	0.09090909090909091	0.03026987946177906
BRANCHED-CHAIN-AA-SYN-PWY:_superpathway_of_branched_chain_amino_acid_biosynthesis	COMPLETE-ARO-PWY:_superpathway_of_aromatic_amino_acid_biosynthesis	3	0.3	0.20076738594430144
BRANCHED-CHAIN-AA-SYN-PWY:_superpathway_of_branched_chain_amino_acid_biosynthesis	DTDPRHAMSYN-PWY:_dTDP-&beta;-L-rhamnose_biosynthesis	3	0.15789473684210525	0.17761170922898806
BRANCHED-CHAIN-AA-SYN-PWY:_superpathway_of_branched_chain_amino_acid_biosynthesis	GLUTORN-PWY:_L-ornithine_biosynthesis_I	3	0.2	0.1338824868100943
BRANCHED-CHAIN-AA-SYN-PWY:_superpathway_of_branched_chain_amino_acid_biosynthesis	GLYCOGENSYNTH-PWY:_glycogen_biosynthesis_I_(from_ADP-D-Glucose)	6	0.3333333333333333	0.5835460265481881
BRANCHED-CHAIN-AA-SYN-PWY:_superpathway_of_branched_chain_amino_acid_biosynthesis	HEME-BIOSYNTHESIS-II:_heme_b_biosynthesis_I_(aerobic)	2	0.2	0.053341985143823156
BRANCHED-CHAIN-AA-SYN-PWY:_superpathway_of_branched_chain_amino_acid_biosynthesis	HEMESYN2-PWY:_heme_b_biosynthesis_II_(oxygen-independent)	2	0.2	0.057047623671493186
BRANCHED-CHAIN-AA-SYN-PWY:_superpathway_of_branched_chain_amino_acid_biosynthesis	HISDEG-PWY:_L-histidine_degradation_I	1	0.07692307692307693	0.24886085997459995
BRANCHED-CHAIN-AA-SYN-PWY:_superpathway_of_branched_chain_amino_acid_biosynthesis	HISTSYN-PWY:_L-histidine_biosynthesis	2	0.15384615384615385	0.2990593208522747
BRANCHED-CHAIN-AA-SYN-PWY:_superpathway_of_branched_chain_amino_acid_biosynthesis	HSERMETANA-PWY:_L-methionine_biosynthesis_III	4	0.3333333333333333	0.2209022295377593
BRANCHED-CHAIN-AA-SYN-PWY:_superpathway_of_branched_chain_amino_acid_biosynthesis	ILEUSYN-PWY:_L-isoleucine_biosynthesis_I_(from_threonine)	10	0.8333333333333334	0.9589491058339902
BRANCHED-CHAIN-AA-SYN-PWY:_superpathway_of_branched_chain_amino_acid_biosynthesis	NONMEVIPP-PWY:_methylerythritol_phosphate_pathway_I	4	0.3076923076923077	0.3332722146643998
BRANCHED-CHAIN-AA-SYN-PWY:_superpathway_of_branched_chain_amino_acid_biosynthesis	NONOXIPENT-PWY:_pentose_phosphate_pathway_(non-oxidative_branch)_I	5	0.4166666666666667	0.858951367734943
BRANCHED-CHAIN-AA-SYN-PWY:_superpathway_of_branched_chain_amino_acid_biosynthesis	P41-PWY:_pyruvate_fermentation_to_acetate_and_(S)-lactate_I	3	0.25	0.05489554944948638
BRANCHED-CHAIN-AA-SYN-PWY:_superpathway_of_branched_chain_amino_acid_biosynthesis	PANTO-PWY:_phosphopantothenate_biosynthesis_I	4	0.2857142857142857	0.27063927391819576
BRANCHED-CHAIN-AA-SYN-PWY:_superpathway_of_branched_chain_amino_acid_biosynthesis	PANTOSYN-PWY:_superpathway_of_coenzyme_A_biosynthesis_I_(bacteria)	2	0.14285714285714285	0.2524825672281982
BRANCHED-CHAIN-AA-SYN-PWY:_superpathway_of_branched_chain_amino_acid_biosynthesis	PENTOSE-P-PWY:_pentose_phosphate_pathway	1	0.1	0.7881870516943148
BRANCHED-CHAIN-AA-SYN-PWY:_superpathway_of_branched_chain_amino_acid_biosynthesis	PEPTIDOGLYCANSYN-PWY:_peptidoglycan_biosynthesis_I_(meso-diaminopimelate_containing)	6	0.35294117647058826	0.27892410030858306
BRANCHED-CHAIN-AA-SYN-PWY:_superpathway_of_branched_chain_amino_acid_biosynthesis	PWY-1042:_glycolysis_IV	6	0.35294117647058826	0.046319550144355404
BRANCHED-CHAIN-AA-SYN-PWY:_superpathway_of_branched_chain_amino_acid_biosynthesis	PWY-1269:_CMP-3-deoxy-D-manno-octulosonate_biosynthesis	1	0.09090909090909091	0.6685265208554771
BRANCHED-CHAIN-AA-SYN-PWY:_superpathway_of_branched_chain_amino_acid_biosynthesis	PWY-2942:_L-lysine_biosynthesis_III	3	0.25	0.34921202915769367
BRANCHED-CHAIN-AA-SYN-PWY:_superpathway_of_branched_chain_amino_acid_biosynthesis	PWY-3841:_folate_transformations_II_(plants)	5	0.3333333333333333	0.2854103898576187
BRANCHED-CHAIN-AA-SYN-PWY:_superpathway_of_branched_chain_amino_acid_biosynthesis	PWY-5005:_biotin_biosynthesis_II	2	0.2	0.04253162458925852
BRANCHED-CHAIN-AA-SYN-PWY:_superpathway_of_branched_chain_amino_acid_biosynthesis	PWY-5030:_L-histidine_degradation_III	1	0.07692307692307693	0.2641639683203736
BRANCHED-CHAIN-AA-SYN-PWY:_superpathway_of_branched_chain_amino_acid_biosynthesis	PWY-5097:_L-lysine_biosynthesis_VI	3	0.25	0.3423533880132129
BRANCHED-CHAIN-AA-SYN-PWY:_superpathway_of_branched_chain_amino_acid_biosynthesis	PWY-5100:_pyruvate_fermentation_to_acetate_and_lactate_II	4	0.3333333333333333	0.0715256510838369
BRANCHED-CHAIN-AA-SYN-PWY:_superpathway_of_branched_chain_amino_acid_biosynthesis	PWY-5103:_L-isoleucine_biosynthesis_III	10	0.8333333333333334	0.9335132774655273
BRANCHED-CHAIN-AA-SYN-PWY:_superpathway_of_branched_chain_amino_acid_biosynthesis	PWY-5130:_2-oxobutanoate_degradation_I	3	0.2727272727272727	0.04663448326247743
BRANCHED-CHAIN-AA-SYN-PWY:_superpathway_of_branched_chain_amino_acid_biosynthesis	PWY-5188:_tetrapyrrole_biosynthesis_I_(from_glutamate)	4	0.2857142857142857	0.17113370071839207
BRANCHED-CHAIN-AA-SYN-PWY:_superpathway_of_branched_chain_amino_acid_biosynthesis	PWY-5384:_sucrose_degradation_IV_(sucrose_phosphorylase)	1	0.08333333333333333	0.7484910841907757
BRANCHED-CHAIN-AA-SYN-PWY:_superpathway_of_branched_chain_amino_acid_biosynthesis	PWY-5659:_GDP-mannose_biosynthesis	1	0.07692307692307693	0.029314575592663483
BRANCHED-CHAIN-AA-SYN-PWY:_superpathway_of_branched_chain_amino_acid_biosynthesis	PWY-5667:_CDP-diacylglycerol_biosynthesis_I	4	0.2857142857142857	0.2586147895896458
BRANCHED-CHAIN-AA-SYN-PWY:_superpathway_of_branched_chain_amino_acid_biosynthesis	PWY-5686:_UMP_biosynthesis_I	7	0.35	0.30397409298793054
BRANCHED-CHAIN-AA-SYN-PWY:_superpathway_of_branched_chain_amino_acid_biosynthesis	PWY-5695:_inosine_5'-phosphate_degradation	3	0.15789473684210525	0.240665513188557
BRANCHED-CHAIN-AA-SYN-PWY:_superpathway_of_branched_chain_amino_acid_biosynthesis	PWY-5837:_2-carboxy-1,4-naphthoquinol_biosynthesis	2	0.2	0.044599254043308556
BRANCHED-CHAIN-AA-SYN-PWY:_superpathway_of_branched_chain_amino_acid_biosynthesis	PWY-5941:_glycogen_degradation_II	3	0.21428571428571427	0.146378428271553
BRANCHED-CHAIN-AA-SYN-PWY:_superpathway_of_branched_chain_amino_acid_biosynthesis	PWY-5973:_cis-vaccenate_biosynthesis	1	0.09090909090909091	0.28884084524241993
BRANCHED-CHAIN-AA-SYN-PWY:_superpathway_of_branched_chain_amino_acid_biosynthesis	PWY-6121:_5-aminoimidazole_ribonucleotide_biosynthesis_I	7	0.30434782608695654	0.2877204543879819
BRANCHED-CHAIN-AA-SYN-PWY:_superpathway_of_branched_chain_amino_acid_biosynthesis	PWY-6122:_5-aminoimidazole_ribonucleotide_biosynthesis_II	8	0.3076923076923077	0.27261730091288094
BRANCHED-CHAIN-AA-SYN-PWY:_superpathway_of_branched_chain_amino_acid_biosynthesis	PWY-6123:_inosine-5'-phosphate_biosynthesis_I	4	0.3076923076923077	0.2729263816316354
BRANCHED-CHAIN-AA-SYN-PWY:_superpathway_of_branched_chain_amino_acid_biosynthesis	PWY-6124:_inosine-5'-phosphate_biosynthesis_II	5	0.3333333333333333	0.2604494729096475
BRANCHED-CHAIN-AA-SYN-PWY:_superpathway_of_branched_chain_amino_acid_biosynthesis	PWY-6125:_superpathway_of_guanosine_nucleotides_de_novo_biosynthesis_II	1	0.09090909090909091	0.2851404051073113
BRANCHED-CHAIN-AA-SYN-PWY:_superpathway_of_branched_chain_amino_acid_biosynthesis	PWY-6126:_superpathway_of_adenosine_nucleotides_de_novo_biosynthesis_II	1	0.09090909090909091	0.2719931595206042
BRANCHED-CHAIN-AA-SYN-PWY:_superpathway_of_branched_chain_amino_acid_biosynthesis	PWY-6147:_6-hydroxymethyl-dihydropterin_diphosphate_biosynthesis_I	1	0.08333333333333333	0.26053661092083413
BRANCHED-CHAIN-AA-SYN-PWY:_superpathway_of_branched_chain_amino_acid_biosynthesis	PWY-6151:_S-adenosyl-L-methionine_salvage_I	3	0.14285714285714285	0.05056763752091431
BRANCHED-CHAIN-AA-SYN-PWY:_superpathway_of_branched_chain_amino_acid_biosynthesis	PWY-6163:_chorismate_biosynthesis_from_3-dehydroquinate	7	0.3684210526315789	0.2936884039653018
BRANCHED-CHAIN-AA-SYN-PWY:_superpathway_of_branched_chain_amino_acid_biosynthesis	PWY-621:_sucrose_degradation_III_(sucrose_invertase)	2	0.16666666666666666	0.7623071396898148
BRANCHED-CHAIN-AA-SYN-PWY:_superpathway_of_branched_chain_amino_acid_biosynthesis	PWY-6270:_isoprene_biosynthesis_I	2	0.2	0.8490579690915578
BRANCHED-CHAIN-AA-SYN-PWY:_superpathway_of_branched_chain_amino_acid_biosynthesis	PWY-6277:_superpathway_of_5-aminoimidazole_ribonucleotide_biosynthesis	8	0.3076923076923077	0.27261730091288094
BRANCHED-CHAIN-AA-SYN-PWY:_superpathway_of_branched_chain_amino_acid_biosynthesis	PWY-6317:_D-galactose_degradation_I_(Leloir_pathway)	3	0.2	0.1426496660412906
BRANCHED-CHAIN-AA-SYN-PWY:_superpathway_of_branched_chain_amino_acid_biosynthesis	PWY-6385:_peptidoglycan_biosynthesis_III_(mycobacteria)	7	0.4375	0.3288256525951587
BRANCHED-CHAIN-AA-SYN-PWY:_superpathway_of_branched_chain_amino_acid_biosynthesis	PWY-6386:_UDP-N-acetylmuramoyl-pentapeptide_biosynthesis_II_(lysine-containing)	6	0.4	0.277214211925502
BRANCHED-CHAIN-AA-SYN-PWY:_superpathway_of_branched_chain_amino_acid_biosynthesis	PWY-6387:_UDP-N-acetylmuramoyl-pentapeptide_biosynthesis_I_(meso-diaminopimelate_containing)	7	0.3888888888888889	0.28677593887482544
BRANCHED-CHAIN-AA-SYN-PWY:_superpathway_of_branched_chain_amino_acid_biosynthesis	PWY-6527:_stachyose_degradation	2	0.125	0.06210996949149472
BRANCHED-CHAIN-AA-SYN-PWY:_superpathway_of_branched_chain_amino_acid_biosynthesis	PWY-6572:_chondroitin_sulfate_degradation_I_(bacterial)	1	0.1	0.7532730649277369
BRANCHED-CHAIN-AA-SYN-PWY:_superpathway_of_branched_chain_amino_acid_biosynthesis	PWY-6608:_guanosine_nucleotides_degradation_III	1	0.09090909090909091	0.0332948829654921
BRANCHED-CHAIN-AA-SYN-PWY:_superpathway_of_branched_chain_amino_acid_biosynthesis	PWY-6609:_adenine_and_adenosine_salvage_III	5	0.22727272727272727	0.26145385321933556
BRANCHED-CHAIN-AA-SYN-PWY:_superpathway_of_branched_chain_amino_acid_biosynthesis	PWY-6700:_queuosine_biosynthesis_I_(de_novo)	8	0.4	0.2802750575965054
BRANCHED-CHAIN-AA-SYN-PWY:_superpathway_of_branched_chain_amino_acid_biosynthesis	PWY-6703:_preQ0_biosynthesis	4	0.3076923076923077	0.34729247638019034
BRANCHED-CHAIN-AA-SYN-PWY:_superpathway_of_branched_chain_amino_acid_biosynthesis	PWY-6823:_molybdopterin_biosynthesis	4	0.3076923076923077	0.08426751752373784
BRANCHED-CHAIN-AA-SYN-PWY:_superpathway_of_branched_chain_amino_acid_biosynthesis	PWY-6897:_thiamine_diphosphate_salvage_II	1	0.08333333333333333	0.0346202557703259
BRANCHED-CHAIN-AA-SYN-PWY:_superpathway_of_branched_chain_amino_acid_biosynthesis	PWY-6902:_chitin_degradation_II_(Vibrio)	1	0.09090909090909091	0.5393307738825937
BRANCHED-CHAIN-AA-SYN-PWY:_superpathway_of_branched_chain_amino_acid_biosynthesis	PWY-6936:_seleno-amino_acid_biosynthesis_(plants)	4	0.3076923076923077	0.191906253636285
BRANCHED-CHAIN-AA-SYN-PWY:_superpathway_of_branched_chain_amino_acid_biosynthesis	PWY-7111:_pyruvate_fermentation_to_isobutanol_(engineered)	3	0.2	0.18858100964372504
BRANCHED-CHAIN-AA-SYN-PWY:_superpathway_of_branched_chain_amino_acid_biosynthesis	PWY-7199:_pyrimidine_deoxyribonucleosides_salvage	1	0.08333333333333333	0.282457832692083
BRANCHED-CHAIN-AA-SYN-PWY:_superpathway_of_branched_chain_amino_acid_biosynthesis	PWY-7220:_adenosine_deoxyribonucleotides_de_novo_biosynthesis_II	1	0.09090909090909091	0.2510396558705601
BRANCHED-CHAIN-AA-SYN-PWY:_superpathway_of_branched_chain_amino_acid_biosynthesis	PWY-7221:_guanosine_ribonucleotides_de_novo_biosynthesis	8	0.4444444444444444	0.3192027254913049
BRANCHED-CHAIN-AA-SYN-PWY:_superpathway_of_branched_chain_amino_acid_biosynthesis	PWY-7222:_guanosine_deoxyribonucleotides_de_novo_biosynthesis_II	1	0.09090909090909091	0.2510396558705601
BRANCHED-CHAIN-AA-SYN-PWY:_superpathway_of_branched_chain_amino_acid_biosynthesis	PWY-7228:_superpathway_of_guanosine_nucleotides_de_novo_biosynthesis_I	1	0.08333333333333333	0.2865439663263216
BRANCHED-CHAIN-AA-SYN-PWY:_superpathway_of_branched_chain_amino_acid_biosynthesis	PWY-7229:_superpathway_of_adenosine_nucleotides_de_novo_biosynthesis_I	1	0.09090909090909091	0.25941518228923455
BRANCHED-CHAIN-AA-SYN-PWY:_superpathway_of_branched_chain_amino_acid_biosynthesis	PWY-7237:_myo-,_chiro-_and_scyllo-inositol_degradation	4	0.25	0.1815920204076975
BRANCHED-CHAIN-AA-SYN-PWY:_superpathway_of_branched_chain_amino_acid_biosynthesis	PWY-7238:_sucrose_biosynthesis_II	5	0.2777777777777778	0.15413462038011538
BRANCHED-CHAIN-AA-SYN-PWY:_superpathway_of_branched_chain_amino_acid_biosynthesis	PWY-7357:_thiamine_phosphate_formation_from_pyrithiamine_and_oxythiamine_(yeast)	2	0.15384615384615385	0.04840449984688433
BRANCHED-CHAIN-AA-SYN-PWY:_superpathway_of_branched_chain_amino_acid_biosynthesis	PWY-7560:_methylerythritol_phosphate_pathway_II	2	0.2	0.8464897079174275
BRANCHED-CHAIN-AA-SYN-PWY:_superpathway_of_branched_chain_amino_acid_biosynthesis	PWY-7663:_gondoate_biosynthesis_(anaerobic)	1	0.09090909090909091	0.29405960669546705
BRANCHED-CHAIN-AA-SYN-PWY:_superpathway_of_branched_chain_amino_acid_biosynthesis	PWY-7790:_UMP_biosynthesis_II	7	0.35	0.30401492550124853
BRANCHED-CHAIN-AA-SYN-PWY:_superpathway_of_branched_chain_amino_acid_biosynthesis	PWY-7791:_UMP_biosynthesis_III	7	0.35	0.2996892110431578
BRANCHED-CHAIN-AA-SYN-PWY:_superpathway_of_branched_chain_amino_acid_biosynthesis	PWY-7851:_coenzyme_A_biosynthesis_II_(eukaryotic)	5	0.3125	0.26641939807185055
BRANCHED-CHAIN-AA-SYN-PWY:_superpathway_of_branched_chain_amino_acid_biosynthesis	PWY-7953:_UDP-N-acetylmuramoyl-pentapeptide_biosynthesis_III_(meso-diaminopimelate_containing)	7	0.4666666666666667	0.2988435258700515
BRANCHED-CHAIN-AA-SYN-PWY:_superpathway_of_branched_chain_amino_acid_biosynthesis	PWY-7977:_L-methionine_biosynthesis_IV	2	0.14285714285714285	0.3274198430598111
BRANCHED-CHAIN-AA-SYN-PWY:_superpathway_of_branched_chain_amino_acid_biosynthesis	PWY-8178:_pentose_phosphate_pathway_(non-oxidative_branch)_II	5	0.4166666666666667	0.8811817031463964
BRANCHED-CHAIN-AA-SYN-PWY:_superpathway_of_branched_chain_amino_acid_biosynthesis	PWY0-1061:_superpathway_of_L-alanine_biosynthesis	2	0.2	0.05899438111564925
BRANCHED-CHAIN-AA-SYN-PWY:_superpathway_of_branched_chain_amino_acid_biosynthesis	PWY0-1241:_ADP-L-glycero-&beta;-D-manno-heptose_biosynthesis	2	0.2	0.04587006774023461
BRANCHED-CHAIN-AA-SYN-PWY:_superpathway_of_branched_chain_amino_acid_biosynthesis	PWY0-1296:_purine_ribonucleosides_degradation	3	0.2	0.14624411738328935
BRANCHED-CHAIN-AA-SYN-PWY:_superpathway_of_branched_chain_amino_acid_biosynthesis	PWY0-1319:_CDP-diacylglycerol_biosynthesis_II	4	0.2857142857142857	0.2586147895896458
BRANCHED-CHAIN-AA-SYN-PWY:_superpathway_of_branched_chain_amino_acid_biosynthesis	PWY0-1586:_peptidoglycan_maturation_(meso-diaminopimelate_containing)	3	0.25	0.35595328805659787
BRANCHED-CHAIN-AA-SYN-PWY:_superpathway_of_branched_chain_amino_acid_biosynthesis	PWY0-162:_superpathway_of_pyrimidine_ribonucleotides_de_novo_biosynthesis	1	0.1	0.7706395915289359
BRANCHED-CHAIN-AA-SYN-PWY:_superpathway_of_branched_chain_amino_acid_biosynthesis	PWY0-845:_superpathway_of_pyridoxal_5'-phosphate_biosynthesis_and_salvage	1	0.1	0.7932140852446862
BRANCHED-CHAIN-AA-SYN-PWY:_superpathway_of_branched_chain_amino_acid_biosynthesis	PWY66-429:_fatty_acid_biosynthesis_initiation_(mitochondria)	5	0.3333333333333333	0.3217126804753383
BRANCHED-CHAIN-AA-SYN-PWY:_superpathway_of_branched_chain_amino_acid_biosynthesis	PYRIDNUCSYN-PWY:_NAD_de_novo_biosynthesis_I_(from_aspartate)	2	0.14285714285714285	0.23909881962667634
BRANCHED-CHAIN-AA-SYN-PWY:_superpathway_of_branched_chain_amino_acid_biosynthesis	PYRIDOXSYN-PWY:_pyridoxal_5'-phosphate_biosynthesis_I	1	0.1	0.7975004927997558
BRANCHED-CHAIN-AA-SYN-PWY:_superpathway_of_branched_chain_amino_acid_biosynthesis	RHAMCAT-PWY:_L-rhamnose_degradation_I	3	0.2727272727272727	0.34021282022685573
BRANCHED-CHAIN-AA-SYN-PWY:_superpathway_of_branched_chain_amino_acid_biosynthesis	RIBOSYN2-PWY:_flavin_biosynthesis_I_(bacteria_and_plants)	6	0.5	0.2754385206980797
BRANCHED-CHAIN-AA-SYN-PWY:_superpathway_of_branched_chain_amino_acid_biosynthesis	SER-GLYSYN-PWY:_superpathway_of_L-serine_and_glycine_biosynthesis_I	4	0.25	0.2792810840460368
BRANCHED-CHAIN-AA-SYN-PWY:_superpathway_of_branched_chain_amino_acid_biosynthesis	THISYNARA-PWY:_superpathway_of_thiamine_diphosphate_biosynthesis_III_(eukaryotes)	2	0.18181818181818182	0.05057460681871928
BRANCHED-CHAIN-AA-SYN-PWY:_superpathway_of_branched_chain_amino_acid_biosynthesis	TRNA-CHARGING-PWY:_tRNA_charging	3	0.21428571428571427	0.27441190015677897
BRANCHED-CHAIN-AA-SYN-PWY:_superpathway_of_branched_chain_amino_acid_biosynthesis	UDPNAGSYN-PWY:_UDP-N-acetyl-D-glucosamine_biosynthesis_I	4	0.3076923076923077	0.0962770064002555
BRANCHED-CHAIN-AA-SYN-PWY:_superpathway_of_branched_chain_amino_acid_biosynthesis	VALSYN-PWY:_L-valine_biosynthesis	10	0.45454545454545453	0.33097455991433566
CALVIN-PWY:_Calvin-Benson-Bassham_cycle	COA-PWY-1:_superpathway_of_coenzyme_A_biosynthesis_III_(mammals)	3	0.25	0.05928819936543228
CALVIN-PWY:_Calvin-Benson-Bassham_cycle	COA-PWY:_coenzyme_A_biosynthesis_I_(prokaryotic)	4	0.2222222222222222	0.0670037003012135
CALVIN-PWY:_Calvin-Benson-Bassham_cycle	COMPLETE-ARO-PWY:_superpathway_of_aromatic_amino_acid_biosynthesis	3	0.75	0.6684103790965841
CALVIN-PWY:_Calvin-Benson-Bassham_cycle	DTDPRHAMSYN-PWY:_dTDP-&beta;-L-rhamnose_biosynthesis	1	0.06666666666666667	0.015263168119168169
CALVIN-PWY:_Calvin-Benson-Bassham_cycle	GLUTORN-PWY:_L-ornithine_biosynthesis_I	4	0.5	0.3523052207726233
CALVIN-PWY:_Calvin-Benson-Bassham_cycle	GLYCOGENSYNTH-PWY:_glycogen_biosynthesis_I_(from_ADP-D-Glucose)	4	0.2857142857142857	0.1457021214452826
CALVIN-PWY:_Calvin-Benson-Bassham_cycle	HISTSYN-PWY:_L-histidine_biosynthesis	1	0.125	0.010035026283061188
CALVIN-PWY:_Calvin-Benson-Bassham_cycle	HSERMETANA-PWY:_L-methionine_biosynthesis_III	2	0.25	0.5358378652640906
CALVIN-PWY:_Calvin-Benson-Bassham_cycle	ILEUSYN-PWY:_L-isoleucine_biosynthesis_I_(from_threonine)	3	0.23076923076923078	0.15475629625111753
CALVIN-PWY:_Calvin-Benson-Bassham_cycle	NONMEVIPP-PWY:_methylerythritol_phosphate_pathway_I	3	0.375	0.06291893611338262
CALVIN-PWY:_Calvin-Benson-Bassham_cycle	NONOXIPENT-PWY:_pentose_phosphate_pathway_(non-oxidative_branch)_I	4	0.5714285714285714	0.2776873349783131
CALVIN-PWY:_Calvin-Benson-Bassham_cycle	P41-PWY:_pyruvate_fermentation_to_acetate_and_(S)-lactate_I	3	0.5	0.4753096653423813
CALVIN-PWY:_Calvin-Benson-Bassham_cycle	PANTO-PWY:_phosphopantothenate_biosynthesis_I	2	0.2	0.01920965826633303
CALVIN-PWY:_Calvin-Benson-Bassham_cycle	PANTOSYN-PWY:_superpathway_of_coenzyme_A_biosynthesis_I_(bacteria)	1	0.1111111111111111	0.010277197628530965
CALVIN-PWY:_Calvin-Benson-Bassham_cycle	PEPTIDOGLYCANSYN-PWY:_peptidoglycan_biosynthesis_I_(meso-diaminopimelate_containing)	3	0.21428571428571427	0.04324516022282965
CALVIN-PWY:_Calvin-Benson-Bassham_cycle	PWY-1042:_glycolysis_IV	4	0.3076923076923077	0.04741232457423061
CALVIN-PWY:_Calvin-Benson-Bassham_cycle	PWY-2942:_L-lysine_biosynthesis_III	1	0.125	0.03892832463962159
CALVIN-PWY:_Calvin-Benson-Bassham_cycle	PWY-3841:_folate_transformations_II_(plants)	3	0.2727272727272727	0.049666132453488276
CALVIN-PWY:_Calvin-Benson-Bassham_cycle	PWY-5097:_L-lysine_biosynthesis_VI	2	0.2857142857142857	0.048521081696500046
CALVIN-PWY:_Calvin-Benson-Bassham_cycle	PWY-5100:_pyruvate_fermentation_to_acetate_and_lactate_II	3	0.42857142857142855	0.39544761552201513
CALVIN-PWY:_Calvin-Benson-Bassham_cycle	PWY-5103:_L-isoleucine_biosynthesis_III	3	0.23076923076923078	0.16285897276361894
CALVIN-PWY:_Calvin-Benson-Bassham_cycle	PWY-5188:_tetrapyrrole_biosynthesis_I_(from_glutamate)	2	0.2	0.5313038455252597
CALVIN-PWY:_Calvin-Benson-Bassham_cycle	PWY-5384:_sucrose_degradation_IV_(sucrose_phosphorylase)	1	0.16666666666666666	0.07497136009288952
CALVIN-PWY:_Calvin-Benson-Bassham_cycle	PWY-5667:_CDP-diacylglycerol_biosynthesis_I	2	0.2	0.042809425739252394
CALVIN-PWY:_Calvin-Benson-Bassham_cycle	PWY-5686:_UMP_biosynthesis_I	4	0.23529411764705882	0.06317527190442485
CALVIN-PWY:_Calvin-Benson-Bassham_cycle	PWY-5695:_inosine_5'-phosphate_degradation	2	0.14285714285714285	0.036436885324869106
CALVIN-PWY:_Calvin-Benson-Bassham_cycle	PWY-5941:_glycogen_degradation_II	3	0.375	0.26553705383707427
CALVIN-PWY:_Calvin-Benson-Bassham_cycle	PWY-6121:_5-aminoimidazole_ribonucleotide_biosynthesis_I	4	0.2	0.062224288719041954
CALVIN-PWY:_Calvin-Benson-Bassham_cycle	PWY-6122:_5-aminoimidazole_ribonucleotide_biosynthesis_II	4	0.16666666666666666	0.06462173055960785
CALVIN-PWY:_Calvin-Benson-Bassham_cycle	PWY-6151:_S-adenosyl-L-methionine_salvage_I	4	0.2857142857142857	0.07185570111621375
CALVIN-PWY:_Calvin-Benson-Bassham_cycle	PWY-6163:_chorismate_biosynthesis_from_3-dehydroquinate	4	0.25	0.051742014487181076
CALVIN-PWY:_Calvin-Benson-Bassham_cycle	PWY-621:_sucrose_degradation_III_(sucrose_invertase)	1	0.14285714285714285	0.06834826303443275
CALVIN-PWY:_Calvin-Benson-Bassham_cycle	PWY-6270:_isoprene_biosynthesis_I	1	0.2	0.1512029443107651
CALVIN-PWY:_Calvin-Benson-Bassham_cycle	PWY-6277:_superpathway_of_5-aminoimidazole_ribonucleotide_biosynthesis	4	0.16666666666666666	0.06462173055960785
CALVIN-PWY:_Calvin-Benson-Bassham_cycle	PWY-6317:_D-galactose_degradation_I_(Leloir_pathway)	3	0.3333333333333333	0.30245846609669935
CALVIN-PWY:_Calvin-Benson-Bassham_cycle	PWY-6385:_peptidoglycan_biosynthesis_III_(mycobacteria)	3	0.21428571428571427	0.04816102354229046
CALVIN-PWY:_Calvin-Benson-Bassham_cycle	PWY-6386:_UDP-N-acetylmuramoyl-pentapeptide_biosynthesis_II_(lysine-containing)	3	0.25	0.04552278008499189
CALVIN-PWY:_Calvin-Benson-Bassham_cycle	PWY-6387:_UDP-N-acetylmuramoyl-pentapeptide_biosynthesis_I_(meso-diaminopimelate_containing)	3	0.1875	0.04424096069502481
CALVIN-PWY:_Calvin-Benson-Bassham_cycle	PWY-6527:_stachyose_degradation	1	0.09090909090909091	0.15460352404411126
CALVIN-PWY:_Calvin-Benson-Bassham_cycle	PWY-6609:_adenine_and_adenosine_salvage_III	4	0.23529411764705882	0.05039411171776831
CALVIN-PWY:_Calvin-Benson-Bassham_cycle	PWY-6700:_queuosine_biosynthesis_I_(de_novo)	4	0.2222222222222222	0.056200137509131776
CALVIN-PWY:_Calvin-Benson-Bassham_cycle	PWY-6703:_preQ0_biosynthesis	1	0.1	0.03226276003919104
CALVIN-PWY:_Calvin-Benson-Bassham_cycle	PWY-6823:_molybdopterin_biosynthesis	3	0.375	0.2622157529150978
CALVIN-PWY:_Calvin-Benson-Bassham_cycle	PWY-6897:_thiamine_diphosphate_salvage_II	1	0.16666666666666666	0.06683522984743562
CALVIN-PWY:_Calvin-Benson-Bassham_cycle	PWY-6936:_seleno-amino_acid_biosynthesis_(plants)	1	0.1	0.3178365766766267
CALVIN-PWY:_Calvin-Benson-Bassham_cycle	PWY-7111:_pyruvate_fermentation_to_isobutanol_(engineered)	3	0.3333333333333333	0.4533002874352725
CALVIN-PWY:_Calvin-Benson-Bassham_cycle	PWY-7221:_guanosine_ribonucleotides_de_novo_biosynthesis	4	0.25	0.05169737016291143
CALVIN-PWY:_Calvin-Benson-Bassham_cycle	PWY-7237:_myo-,_chiro-_and_scyllo-inositol_degradation	3	0.2727272727272727	0.24672212037365704
CALVIN-PWY:_Calvin-Benson-Bassham_cycle	PWY-7238:_sucrose_biosynthesis_II	4	0.3076923076923077	0.18757151734096145
CALVIN-PWY:_Calvin-Benson-Bassham_cycle	PWY-7357:_thiamine_phosphate_formation_from_pyrithiamine_and_oxythiamine_(yeast)	3	0.5	0.194254168138438
CALVIN-PWY:_Calvin-Benson-Bassham_cycle	PWY-7560:_methylerythritol_phosphate_pathway_II	1	0.2	0.15184692942204547
CALVIN-PWY:_Calvin-Benson-Bassham_cycle	PWY-7790:_UMP_biosynthesis_II	4	0.23529411764705882	0.06337587940794409
CALVIN-PWY:_Calvin-Benson-Bassham_cycle	PWY-7791:_UMP_biosynthesis_III	4	0.23529411764705882	0.06011156789057304
CALVIN-PWY:_Calvin-Benson-Bassham_cycle	PWY-7851:_coenzyme_A_biosynthesis_II_(eukaryotic)	3	0.25	0.060274646643966756
CALVIN-PWY:_Calvin-Benson-Bassham_cycle	PWY-7953:_UDP-N-acetylmuramoyl-pentapeptide_biosynthesis_III_(meso-diaminopimelate_containing)	3	0.23076923076923078	0.048501739980825964
CALVIN-PWY:_Calvin-Benson-Bassham_cycle	PWY-7977:_L-methionine_biosynthesis_IV	1	0.1111111111111111	0.03203462175690319
CALVIN-PWY:_Calvin-Benson-Bassham_cycle	PWY-8178:_pentose_phosphate_pathway_(non-oxidative_branch)_II	4	0.5714285714285714	0.27381165520287065
CALVIN-PWY:_Calvin-Benson-Bassham_cycle	PWY0-1061:_superpathway_of_L-alanine_biosynthesis	2	0.5	0.3083191840955787
CALVIN-PWY:_Calvin-Benson-Bassham_cycle	PWY0-1296:_purine_ribonucleosides_degradation	4	0.5	0.25280537616943366
CALVIN-PWY:_Calvin-Benson-Bassham_cycle	PWY0-1319:_CDP-diacylglycerol_biosynthesis_II	2	0.2	0.042809425739252394
CALVIN-PWY:_Calvin-Benson-Bassham_cycle	PWY0-1586:_peptidoglycan_maturation_(meso-diaminopimelate_containing)	1	0.125	0.01084705276791098
CALVIN-PWY:_Calvin-Benson-Bassham_cycle	PWY66-429:_fatty_acid_biosynthesis_initiation_(mitochondria)	1	0.07692307692307693	0.029250271044332088
CALVIN-PWY:_Calvin-Benson-Bassham_cycle	PYRIDNUCSYN-PWY:_NAD_de_novo_biosynthesis_I_(from_aspartate)	1	0.1111111111111111	0.009111398028129436
CALVIN-PWY:_Calvin-Benson-Bassham_cycle	RHAMCAT-PWY:_L-rhamnose_degradation_I	1	0.14285714285714285	0.03214376159617027
CALVIN-PWY:_Calvin-Benson-Bassham_cycle	RIBOSYN2-PWY:_flavin_biosynthesis_I_(bacteria_and_plants)	3	0.3333333333333333	0.04306671691614172
CALVIN-PWY:_Calvin-Benson-Bassham_cycle	SER-GLYSYN-PWY:_superpathway_of_L-serine_and_glycine_biosynthesis_I	3	0.2727272727272727	0.06017184428082423
CALVIN-PWY:_Calvin-Benson-Bassham_cycle	THISYNARA-PWY:_superpathway_of_thiamine_diphosphate_biosynthesis_III_(eukaryotes)	2	0.4	0.14682595942302612
CALVIN-PWY:_Calvin-Benson-Bassham_cycle	TRNA-CHARGING-PWY:_tRNA_charging	2	0.2222222222222222	0.021275635034997964
CALVIN-PWY:_Calvin-Benson-Bassham_cycle	VALSYN-PWY:_L-valine_biosynthesis	4	0.18181818181818182	0.0656683816120821
COA-PWY-1:_superpathway_of_coenzyme_A_biosynthesis_III_(mammals)	COA-PWY:_coenzyme_A_biosynthesis_I_(prokaryotic)	11	0.6111111111111112	0.9578020587943024
COA-PWY-1:_superpathway_of_coenzyme_A_biosynthesis_III_(mammals)	COBALSYN-PWY:_superpathway_of_adenosylcobalamin_salvage_from_cobinamide_I	1	0.08333333333333333	0.15183302295683643
COA-PWY-1:_superpathway_of_coenzyme_A_biosynthesis_III_(mammals)	COMPLETE-ARO-PWY:_superpathway_of_aromatic_amino_acid_biosynthesis	2	0.16666666666666666	0.04348469069719829
COA-PWY-1:_superpathway_of_coenzyme_A_biosynthesis_III_(mammals)	DTDPRHAMSYN-PWY:_dTDP-&beta;-L-rhamnose_biosynthesis	7	0.4375	0.5840861683381777
COA-PWY-1:_superpathway_of_coenzyme_A_biosynthesis_III_(mammals)	GALACTUROCAT-PWY:_D-galacturonate_degradation_I	1	0.08333333333333333	0.16010128195052842
COA-PWY-1:_superpathway_of_coenzyme_A_biosynthesis_III_(mammals)	GLCMANNANAUT-PWY:_superpathway_of_N-acetylglucosamine,_N-acetylmannosamine_and_N-acetylneuraminate_degradation	1	0.08333333333333333	0.14750881681412065
COA-PWY-1:_superpathway_of_coenzyme_A_biosynthesis_III_(mammals)	GLUCUROCAT-PWY:_superpathway_of_&beta;-D-glucuronosides_degradation	1	0.09090909090909091	0.15806945238457215
COA-PWY-1:_superpathway_of_coenzyme_A_biosynthesis_III_(mammals)	GLUTORN-PWY:_L-ornithine_biosynthesis_I	6	0.46153846153846156	0.24456356668934598
COA-PWY-1:_superpathway_of_coenzyme_A_biosynthesis_III_(mammals)	GLYCOGENSYNTH-PWY:_glycogen_biosynthesis_I_(from_ADP-D-Glucose)	8	0.47058823529411764	0.3651416887878761
COA-PWY-1:_superpathway_of_coenzyme_A_biosynthesis_III_(mammals)	HEME-BIOSYNTHESIS-II:_heme_b_biosynthesis_I_(aerobic)	1	0.08333333333333333	0.0036721731358762
COA-PWY-1:_superpathway_of_coenzyme_A_biosynthesis_III_(mammals)	HEMESYN2-PWY:_heme_b_biosynthesis_II_(oxygen-independent)	1	0.08333333333333333	0.0036720316522695917
COA-PWY-1:_superpathway_of_coenzyme_A_biosynthesis_III_(mammals)	HISDEG-PWY:_L-histidine_degradation_I	3	0.25	0.8782832089406124
COA-PWY-1:_superpathway_of_coenzyme_A_biosynthesis_III_(mammals)	HISTSYN-PWY:_L-histidine_biosynthesis	4	0.3333333333333333	0.8333714385746461
COA-PWY-1:_superpathway_of_coenzyme_A_biosynthesis_III_(mammals)	HSERMETANA-PWY:_L-methionine_biosynthesis_III	4	0.3076923076923077	0.07207180262495194
COA-PWY-1:_superpathway_of_coenzyme_A_biosynthesis_III_(mammals)	ILEUSYN-PWY:_L-isoleucine_biosynthesis_I_(from_threonine)	5	0.2777777777777778	0.25438751086386724
COA-PWY-1:_superpathway_of_coenzyme_A_biosynthesis_III_(mammals)	NONMEVIPP-PWY:_methylerythritol_phosphate_pathway_I	7	0.6363636363636364	0.8337571447470707
COA-PWY-1:_superpathway_of_coenzyme_A_biosynthesis_III_(mammals)	NONOXIPENT-PWY:_pentose_phosphate_pathway_(non-oxidative_branch)_I	4	0.2857142857142857	0.25724092841389656
COA-PWY-1:_superpathway_of_coenzyme_A_biosynthesis_III_(mammals)	P41-PWY:_pyruvate_fermentation_to_acetate_and_(S)-lactate_I	2	0.14285714285714285	0.024713838848399616
COA-PWY-1:_superpathway_of_coenzyme_A_biosynthesis_III_(mammals)	PANTO-PWY:_phosphopantothenate_biosynthesis_I	6	0.46153846153846156	0.9038896135608724
COA-PWY-1:_superpathway_of_coenzyme_A_biosynthesis_III_(mammals)	PANTOSYN-PWY:_superpathway_of_coenzyme_A_biosynthesis_I_(bacteria)	6	0.5454545454545454	0.9159037267314437
COA-PWY-1:_superpathway_of_coenzyme_A_biosynthesis_III_(mammals)	PENTOSE-P-PWY:_pentose_phosphate_pathway	1	0.09090909090909091	0.22418761738507664
COA-PWY-1:_superpathway_of_coenzyme_A_biosynthesis_III_(mammals)	PEPTIDOGLYCANSYN-PWY:_peptidoglycan_biosynthesis_I_(meso-diaminopimelate_containing)	9	0.6	0.8820153671601983
COA-PWY-1:_superpathway_of_coenzyme_A_biosynthesis_III_(mammals)	PWY-1042:_glycolysis_IV	9	0.6	0.5966998469243034
COA-PWY-1:_superpathway_of_coenzyme_A_biosynthesis_III_(mammals)	PWY-1269:_CMP-3-deoxy-D-manno-octulosonate_biosynthesis	1	0.08333333333333333	0.225208093473107
COA-PWY-1:_superpathway_of_coenzyme_A_biosynthesis_III_(mammals)	PWY-2942:_L-lysine_biosynthesis_III	3	0.23076923076923078	0.8281737448708542
COA-PWY-1:_superpathway_of_coenzyme_A_biosynthesis_III_(mammals)	PWY-3841:_folate_transformations_II_(plants)	6	0.4	0.836005266312542
COA-PWY-1:_superpathway_of_coenzyme_A_biosynthesis_III_(mammals)	PWY-5005:_biotin_biosynthesis_II	1	0.08333333333333333	0.0017717280793330126
COA-PWY-1:_superpathway_of_coenzyme_A_biosynthesis_III_(mammals)	PWY-5030:_L-histidine_degradation_III	3	0.25	0.8655251284981236
COA-PWY-1:_superpathway_of_coenzyme_A_biosynthesis_III_(mammals)	PWY-5097:_L-lysine_biosynthesis_VI	4	0.3333333333333333	0.9005127874524361
COA-PWY-1:_superpathway_of_coenzyme_A_biosynthesis_III_(mammals)	PWY-5100:_pyruvate_fermentation_to_acetate_and_lactate_II	2	0.13333333333333333	0.024272879565094718
COA-PWY-1:_superpathway_of_coenzyme_A_biosynthesis_III_(mammals)	PWY-5103:_L-isoleucine_biosynthesis_III	5	0.2777777777777778	0.25689441972902993
COA-PWY-1:_superpathway_of_coenzyme_A_biosynthesis_III_(mammals)	PWY-5121:_superpathway_of_geranylgeranyl_diphosphate_biosynthesis_II_(via_MEP)	1	0.09090909090909091	0.7066816804415352
COA-PWY-1:_superpathway_of_coenzyme_A_biosynthesis_III_(mammals)	PWY-5130:_2-oxobutanoate_degradation_I	2	0.15384615384615385	0.1473020542433372
COA-PWY-1:_superpathway_of_coenzyme_A_biosynthesis_III_(mammals)	PWY-5188:_tetrapyrrole_biosynthesis_I_(from_glutamate)	4	0.26666666666666666	0.07151610326772861
COA-PWY-1:_superpathway_of_coenzyme_A_biosynthesis_III_(mammals)	PWY-5384:_sucrose_degradation_IV_(sucrose_phosphorylase)	2	0.16666666666666666	0.23501126694581354
COA-PWY-1:_superpathway_of_coenzyme_A_biosynthesis_III_(mammals)	PWY-5659:_GDP-mannose_biosynthesis	1	0.07142857142857142	0.09665007198849518
COA-PWY-1:_superpathway_of_coenzyme_A_biosynthesis_III_(mammals)	PWY-5667:_CDP-diacylglycerol_biosynthesis_I	5	0.35714285714285715	0.8606599168946347
COA-PWY-1:_superpathway_of_coenzyme_A_biosynthesis_III_(mammals)	PWY-5686:_UMP_biosynthesis_I	10	0.5555555555555556	0.8696414100019871
COA-PWY-1:_superpathway_of_coenzyme_A_biosynthesis_III_(mammals)	PWY-5695:_inosine_5'-phosphate_degradation	6	0.35294117647058826	0.7926156708773637
COA-PWY-1:_superpathway_of_coenzyme_A_biosynthesis_III_(mammals)	PWY-5837:_2-carboxy-1,4-naphthoquinol_biosynthesis	1	0.08333333333333333	0.0036832281437942926
COA-PWY-1:_superpathway_of_coenzyme_A_biosynthesis_III_(mammals)	PWY-5941:_glycogen_degradation_II	4	0.2857142857142857	0.20063783716244699
COA-PWY-1:_superpathway_of_coenzyme_A_biosynthesis_III_(mammals)	PWY-5973:_cis-vaccenate_biosynthesis	2	0.18181818181818182	0.7267139062823109
COA-PWY-1:_superpathway_of_coenzyme_A_biosynthesis_III_(mammals)	PWY-6121:_5-aminoimidazole_ribonucleotide_biosynthesis_I	10	0.47619047619047616	0.9132200702782577
COA-PWY-1:_superpathway_of_coenzyme_A_biosynthesis_III_(mammals)	PWY-6122:_5-aminoimidazole_ribonucleotide_biosynthesis_II	11	0.4583333333333333	0.9305993424235957
COA-PWY-1:_superpathway_of_coenzyme_A_biosynthesis_III_(mammals)	PWY-6123:_inosine-5'-phosphate_biosynthesis_I	5	0.38461538461538464	0.8910715442730528
COA-PWY-1:_superpathway_of_coenzyme_A_biosynthesis_III_(mammals)	PWY-6124:_inosine-5'-phosphate_biosynthesis_II	5	0.3125	0.8757351549740706
COA-PWY-1:_superpathway_of_coenzyme_A_biosynthesis_III_(mammals)	PWY-6125:_superpathway_of_guanosine_nucleotides_de_novo_biosynthesis_II	2	0.18181818181818182	0.7830652245715549
COA-PWY-1:_superpathway_of_coenzyme_A_biosynthesis_III_(mammals)	PWY-6126:_superpathway_of_adenosine_nucleotides_de_novo_biosynthesis_II	2	0.18181818181818182	0.6987106467197575
COA-PWY-1:_superpathway_of_coenzyme_A_biosynthesis_III_(mammals)	PWY-6147:_6-hydroxymethyl-dihydropterin_diphosphate_biosynthesis_I	3	0.2727272727272727	0.81303180402793
COA-PWY-1:_superpathway_of_coenzyme_A_biosynthesis_III_(mammals)	PWY-6151:_S-adenosyl-L-methionine_salvage_I	7	0.3888888888888889	0.7571022205475011
COA-PWY-1:_superpathway_of_coenzyme_A_biosynthesis_III_(mammals)	PWY-6163:_chorismate_biosynthesis_from_3-dehydroquinate	8	0.42105263157894735	0.7806076301933081
COA-PWY-1:_superpathway_of_coenzyme_A_biosynthesis_III_(mammals)	PWY-621:_sucrose_degradation_III_(sucrose_invertase)	3	0.25	0.2429181343811042
COA-PWY-1:_superpathway_of_coenzyme_A_biosynthesis_III_(mammals)	PWY-6270:_isoprene_biosynthesis_I	2	0.18181818181818182	0.25135195285350853
COA-PWY-1:_superpathway_of_coenzyme_A_biosynthesis_III_(mammals)	PWY-6277:_superpathway_of_5-aminoimidazole_ribonucleotide_biosynthesis	11	0.4583333333333333	0.9305993424235957
COA-PWY-1:_superpathway_of_coenzyme_A_biosynthesis_III_(mammals)	PWY-6317:_D-galactose_degradation_I_(Leloir_pathway)	5	0.35714285714285715	0.22189408244294462
COA-PWY-1:_superpathway_of_coenzyme_A_biosynthesis_III_(mammals)	PWY-6385:_peptidoglycan_biosynthesis_III_(mycobacteria)	9	0.6	0.8764010092835446
COA-PWY-1:_superpathway_of_coenzyme_A_biosynthesis_III_(mammals)	PWY-6386:_UDP-N-acetylmuramoyl-pentapeptide_biosynthesis_II_(lysine-containing)	8	0.5714285714285714	0.8867677944358532
COA-PWY-1:_superpathway_of_coenzyme_A_biosynthesis_III_(mammals)	PWY-6387:_UDP-N-acetylmuramoyl-pentapeptide_biosynthesis_I_(meso-diaminopimelate_containing)	10	0.625	0.8741495715464379
COA-PWY-1:_superpathway_of_coenzyme_A_biosynthesis_III_(mammals)	PWY-6507:_4-deoxy-L-threo-hex-4-enopyranuronate_degradation	1	0.09090909090909091	0.16409598897734234
COA-PWY-1:_superpathway_of_coenzyme_A_biosynthesis_III_(mammals)	PWY-6527:_stachyose_degradation	5	0.35714285714285715	0.11042149766381837
COA-PWY-1:_superpathway_of_coenzyme_A_biosynthesis_III_(mammals)	PWY-6572:_chondroitin_sulfate_degradation_I_(bacterial)	1	0.09090909090909091	0.20860742429966306
COA-PWY-1:_superpathway_of_coenzyme_A_biosynthesis_III_(mammals)	PWY-6608:_guanosine_nucleotides_degradation_III	1	0.08333333333333333	0.09373054338381381
COA-PWY-1:_superpathway_of_coenzyme_A_biosynthesis_III_(mammals)	PWY-6609:_adenine_and_adenosine_salvage_III	10	0.5555555555555556	0.828227482842411
COA-PWY-1:_superpathway_of_coenzyme_A_biosynthesis_III_(mammals)	PWY-6700:_queuosine_biosynthesis_I_(de_novo)	9	0.45	0.7795371965627986
COA-PWY-1:_superpathway_of_coenzyme_A_biosynthesis_III_(mammals)	PWY-6703:_preQ0_biosynthesis	4	0.2857142857142857	0.7534512281714519
COA-PWY-1:_superpathway_of_coenzyme_A_biosynthesis_III_(mammals)	PWY-6823:_molybdopterin_biosynthesis	3	0.2	0.17759447987671373
COA-PWY-1:_superpathway_of_coenzyme_A_biosynthesis_III_(mammals)	PWY-6897:_thiamine_diphosphate_salvage_II	1	0.07692307692307693	0.1632456171235025
COA-PWY-1:_superpathway_of_coenzyme_A_biosynthesis_III_(mammals)	PWY-6902:_chitin_degradation_II_(Vibrio)	1	0.08333333333333333	0.1792561471988462
COA-PWY-1:_superpathway_of_coenzyme_A_biosynthesis_III_(mammals)	PWY-6936:_seleno-amino_acid_biosynthesis_(plants)	2	0.125	0.03860996364260205
COA-PWY-1:_superpathway_of_coenzyme_A_biosynthesis_III_(mammals)	PWY-7111:_pyruvate_fermentation_to_isobutanol_(engineered)	4	0.26666666666666666	0.09035708299290046
COA-PWY-1:_superpathway_of_coenzyme_A_biosynthesis_III_(mammals)	PWY-7199:_pyrimidine_deoxyribonucleosides_salvage	2	0.16666666666666666	0.8402097375042459
COA-PWY-1:_superpathway_of_coenzyme_A_biosynthesis_III_(mammals)	PWY-7220:_adenosine_deoxyribonucleotides_de_novo_biosynthesis_II	2	0.18181818181818182	0.7273464957596707
COA-PWY-1:_superpathway_of_coenzyme_A_biosynthesis_III_(mammals)	PWY-7221:_guanosine_ribonucleotides_de_novo_biosynthesis	9	0.5	0.841573844358152
COA-PWY-1:_superpathway_of_coenzyme_A_biosynthesis_III_(mammals)	PWY-7222:_guanosine_deoxyribonucleotides_de_novo_biosynthesis_II	2	0.18181818181818182	0.7273464957596707
COA-PWY-1:_superpathway_of_coenzyme_A_biosynthesis_III_(mammals)	PWY-7228:_superpathway_of_guanosine_nucleotides_de_novo_biosynthesis_I	2	0.16666666666666666	0.7286554263222331
COA-PWY-1:_superpathway_of_coenzyme_A_biosynthesis_III_(mammals)	PWY-7229:_superpathway_of_adenosine_nucleotides_de_novo_biosynthesis_I	2	0.18181818181818182	0.6770244575313029
COA-PWY-1:_superpathway_of_coenzyme_A_biosynthesis_III_(mammals)	PWY-7234:_inosine-5'-phosphate_biosynthesis_III	1	0.09090909090909091	0.13300764367485518
COA-PWY-1:_superpathway_of_coenzyme_A_biosynthesis_III_(mammals)	PWY-7237:_myo-,_chiro-_and_scyllo-inositol_degradation	3	0.16666666666666666	0.1853994577128788
COA-PWY-1:_superpathway_of_coenzyme_A_biosynthesis_III_(mammals)	PWY-7238:_sucrose_biosynthesis_II	7	0.4117647058823529	0.21949065900478137
COA-PWY-1:_superpathway_of_coenzyme_A_biosynthesis_III_(mammals)	PWY-7242:_D-fructuronate_degradation	1	0.09090909090909091	0.16461331138640345
COA-PWY-1:_superpathway_of_coenzyme_A_biosynthesis_III_(mammals)	PWY-724:_superpathway_of_L-lysine,_L-threonine_and_L-methionine_biosynthesis_II	1	0.09090909090909091	0.09907755269230456
COA-PWY-1:_superpathway_of_coenzyme_A_biosynthesis_III_(mammals)	PWY-7357:_thiamine_phosphate_formation_from_pyrithiamine_and_oxythiamine_(yeast)	3	0.23076923076923078	0.18068939103265258
COA-PWY-1:_superpathway_of_coenzyme_A_biosynthesis_III_(mammals)	PWY-7560:_methylerythritol_phosphate_pathway_II	2	0.18181818181818182	0.25156534834439415
COA-PWY-1:_superpathway_of_coenzyme_A_biosynthesis_III_(mammals)	PWY-7663:_gondoate_biosynthesis_(anaerobic)	2	0.18181818181818182	0.7351558105401197
COA-PWY-1:_superpathway_of_coenzyme_A_biosynthesis_III_(mammals)	PWY-7790:_UMP_biosynthesis_II	10	0.5555555555555556	0.8680900554469468
COA-PWY-1:_superpathway_of_coenzyme_A_biosynthesis_III_(mammals)	PWY-7791:_UMP_biosynthesis_III	10	0.5555555555555556	0.84155302194073
COA-PWY-1:_superpathway_of_coenzyme_A_biosynthesis_III_(mammals)	PWY-7851:_coenzyme_A_biosynthesis_II_(eukaryotic)	11	1.0	0.982718934391858
COA-PWY-1:_superpathway_of_coenzyme_A_biosynthesis_III_(mammals)	PWY-7953:_UDP-N-acetylmuramoyl-pentapeptide_biosynthesis_III_(meso-diaminopimelate_containing)	8	0.5333333333333333	0.8518737482015659
COA-PWY-1:_superpathway_of_coenzyme_A_biosynthesis_III_(mammals)	PWY-7977:_L-methionine_biosynthesis_IV	5	0.4166666666666667	0.873099678771582
COA-PWY-1:_superpathway_of_coenzyme_A_biosynthesis_III_(mammals)	PWY-8178:_pentose_phosphate_pathway_(non-oxidative_branch)_II	4	0.2857142857142857	0.25720411046317526
COA-PWY-1:_superpathway_of_coenzyme_A_biosynthesis_III_(mammals)	PWY0-1061:_superpathway_of_L-alanine_biosynthesis	1	0.08333333333333333	0.006342736929556336
COA-PWY-1:_superpathway_of_coenzyme_A_biosynthesis_III_(mammals)	PWY0-1241:_ADP-L-glycero-&beta;-D-manno-heptose_biosynthesis	1	0.08333333333333333	0.0026609545234898
COA-PWY-1:_superpathway_of_coenzyme_A_biosynthesis_III_(mammals)	PWY0-1296:_purine_ribonucleosides_degradation	5	0.35714285714285715	0.2123844328303821
COA-PWY-1:_superpathway_of_coenzyme_A_biosynthesis_III_(mammals)	PWY0-1319:_CDP-diacylglycerol_biosynthesis_II	5	0.35714285714285715	0.8606599168946347
COA-PWY-1:_superpathway_of_coenzyme_A_biosynthesis_III_(mammals)	PWY0-1586:_peptidoglycan_maturation_(meso-diaminopimelate_containing)	4	0.3333333333333333	0.8159380457582155
COA-PWY-1:_superpathway_of_coenzyme_A_biosynthesis_III_(mammals)	PWY0-162:_superpathway_of_pyrimidine_ribonucleotides_de_novo_biosynthesis	1	0.09090909090909091	0.22537438626402861
COA-PWY-1:_superpathway_of_coenzyme_A_biosynthesis_III_(mammals)	PWY0-845:_superpathway_of_pyridoxal_5'-phosphate_biosynthesis_and_salvage	1	0.09090909090909091	0.22384362183485518
COA-PWY-1:_superpathway_of_coenzyme_A_biosynthesis_III_(mammals)	PWY66-429:_fatty_acid_biosynthesis_initiation_(mitochondria)	5	0.3125	0.7313204772834818
COA-PWY-1:_superpathway_of_coenzyme_A_biosynthesis_III_(mammals)	PYRIDNUCSYN-PWY:_NAD_de_novo_biosynthesis_I_(from_aspartate)	3	0.21428571428571427	0.7946702024638602
COA-PWY-1:_superpathway_of_coenzyme_A_biosynthesis_III_(mammals)	PYRIDOXSYN-PWY:_pyridoxal_5'-phosphate_biosynthesis_I	1	0.09090909090909091	0.2235488771001256
COA-PWY-1:_superpathway_of_coenzyme_A_biosynthesis_III_(mammals)	RHAMCAT-PWY:_L-rhamnose_degradation_I	3	0.25	0.7501648347439646
COA-PWY-1:_superpathway_of_coenzyme_A_biosynthesis_III_(mammals)	RIBOSYN2-PWY:_flavin_biosynthesis_I_(bacteria_and_plants)	6	0.46153846153846156	0.7970251521932965
COA-PWY-1:_superpathway_of_coenzyme_A_biosynthesis_III_(mammals)	SALVADEHYPOX-PWY:_adenosine_nucleotides_degradation_II	1	0.09090909090909091	0.09070574647628926
COA-PWY-1:_superpathway_of_coenzyme_A_biosynthesis_III_(mammals)	SER-GLYSYN-PWY:_superpathway_of_L-serine_and_glycine_biosynthesis_I	6	0.4	0.8926369831874508
COA-PWY-1:_superpathway_of_coenzyme_A_biosynthesis_III_(mammals)	THISYNARA-PWY:_superpathway_of_thiamine_diphosphate_biosynthesis_III_(eukaryotes)	2	0.16666666666666666	0.08728124948314009
COA-PWY-1:_superpathway_of_coenzyme_A_biosynthesis_III_(mammals)	THRESYN-PWY:_superpathway_of_L-threonine_biosynthesis	2	0.16666666666666666	0.7587347746501116
COA-PWY-1:_superpathway_of_coenzyme_A_biosynthesis_III_(mammals)	TRNA-CHARGING-PWY:_tRNA_charging	5	0.38461538461538464	0.8827727145074096
COA-PWY-1:_superpathway_of_coenzyme_A_biosynthesis_III_(mammals)	UDPNAGSYN-PWY:_UDP-N-acetyl-D-glucosamine_biosynthesis_I	2	0.125	0.016520100067843768
COA-PWY-1:_superpathway_of_coenzyme_A_biosynthesis_III_(mammals)	VALSYN-PWY:_L-valine_biosynthesis	10	0.43478260869565216	0.7983051811551062
COA-PWY:_coenzyme_A_biosynthesis_I_(prokaryotic)	COBALSYN-PWY:_superpathway_of_adenosylcobalamin_salvage_from_cobinamide_I	2	0.1111111111111111	0.14386014699632999
COA-PWY:_coenzyme_A_biosynthesis_I_(prokaryotic)	COMPLETE-ARO-PWY:_superpathway_of_aromatic_amino_acid_biosynthesis	3	0.16666666666666666	0.057380257265593815
COA-PWY:_coenzyme_A_biosynthesis_I_(prokaryotic)	DTDPRHAMSYN-PWY:_dTDP-&beta;-L-rhamnose_biosynthesis	8	0.36363636363636365	0.5818437045962637
COA-PWY:_coenzyme_A_biosynthesis_I_(prokaryotic)	GALACTUROCAT-PWY:_D-galacturonate_degradation_I	1	0.05263157894736842	0.1306806165147385
COA-PWY:_coenzyme_A_biosynthesis_I_(prokaryotic)	GLCMANNANAUT-PWY:_superpathway_of_N-acetylglucosamine,_N-acetylmannosamine_and_N-acetylneuraminate_degradation	1	0.05263157894736842	0.13623984154362345
COA-PWY:_coenzyme_A_biosynthesis_I_(prokaryotic)	GLUCUROCAT-PWY:_superpathway_of_&beta;-D-glucuronosides_degradation	1	0.05555555555555555	0.13623825726774297
COA-PWY:_coenzyme_A_biosynthesis_I_(prokaryotic)	GLUTORN-PWY:_L-ornithine_biosynthesis_I	8	0.4444444444444444	0.23644630835570346
COA-PWY:_coenzyme_A_biosynthesis_I_(prokaryotic)	GLYCOGENSYNTH-PWY:_glycogen_biosynthesis_I_(from_ADP-D-Glucose)	10	0.45454545454545453	0.3661873416614708
COA-PWY:_coenzyme_A_biosynthesis_I_(prokaryotic)	HEME-BIOSYNTHESIS-II:_heme_b_biosynthesis_I_(aerobic)	2	0.1111111111111111	0.017138925196852672
COA-PWY:_coenzyme_A_biosynthesis_I_(prokaryotic)	HEMESYN2-PWY:_heme_b_biosynthesis_II_(oxygen-independent)	2	0.1111111111111111	0.017211076076857235
COA-PWY:_coenzyme_A_biosynthesis_I_(prokaryotic)	HISDEG-PWY:_L-histidine_degradation_I	3	0.15789473684210525	0.8618832035568099
COA-PWY:_coenzyme_A_biosynthesis_I_(prokaryotic)	HISTSYN-PWY:_L-histidine_biosynthesis	4	0.21052631578947367	0.8192148984116172
COA-PWY:_coenzyme_A_biosynthesis_I_(prokaryotic)	HSERMETANA-PWY:_L-methionine_biosynthesis_III	5	0.2631578947368421	0.078322026539968
COA-PWY:_coenzyme_A_biosynthesis_I_(prokaryotic)	ILEUSYN-PWY:_L-isoleucine_biosynthesis_I_(from_threonine)	9	0.42857142857142855	0.2886827292002766
COA-PWY:_coenzyme_A_biosynthesis_I_(prokaryotic)	NONMEVIPP-PWY:_methylerythritol_phosphate_pathway_I	7	0.3888888888888889	0.829152873084601
COA-PWY:_coenzyme_A_biosynthesis_I_(prokaryotic)	NONOXIPENT-PWY:_pentose_phosphate_pathway_(non-oxidative_branch)_I	6	0.3157894736842105	0.2684290918490554
COA-PWY:_coenzyme_A_biosynthesis_I_(prokaryotic)	P41-PWY:_pyruvate_fermentation_to_acetate_and_(S)-lactate_I	4	0.21052631578947367	0.03567099548854291
COA-PWY:_coenzyme_A_biosynthesis_I_(prokaryotic)	PANTO-PWY:_phosphopantothenate_biosynthesis_I	8	0.4444444444444444	0.8959576257181298
COA-PWY:_coenzyme_A_biosynthesis_I_(prokaryotic)	PANTOSYN-PWY:_superpathway_of_coenzyme_A_biosynthesis_I_(bacteria)	6	0.3333333333333333	0.8995855162883352
COA-PWY:_coenzyme_A_biosynthesis_I_(prokaryotic)	PENTOSE-P-PWY:_pentose_phosphate_pathway	1	0.05555555555555555	0.21551854329999598
COA-PWY:_coenzyme_A_biosynthesis_I_(prokaryotic)	PEPTIDOGLYCANSYN-PWY:_peptidoglycan_biosynthesis_I_(meso-diaminopimelate_containing)	12	0.631578947368421	0.8786402188672047
COA-PWY:_coenzyme_A_biosynthesis_I_(prokaryotic)	PWY-1042:_glycolysis_IV	12	0.631578947368421	0.6025148535733101
COA-PWY:_coenzyme_A_biosynthesis_I_(prokaryotic)	PWY-1269:_CMP-3-deoxy-D-manno-octulosonate_biosynthesis	1	0.05263157894736842	0.2164519674099692
COA-PWY:_coenzyme_A_biosynthesis_I_(prokaryotic)	PWY-2942:_L-lysine_biosynthesis_III	4	0.21052631578947367	0.8244376660718229
COA-PWY:_coenzyme_A_biosynthesis_I_(prokaryotic)	PWY-3841:_folate_transformations_II_(plants)	9	0.47368421052631576	0.8413317102215312
COA-PWY:_coenzyme_A_biosynthesis_I_(prokaryotic)	PWY-5005:_biotin_biosynthesis_II	2	0.1111111111111111	0.013133541584807618
COA-PWY:_coenzyme_A_biosynthesis_I_(prokaryotic)	PWY-5030:_L-histidine_degradation_III	3	0.15789473684210525	0.8498266116129689
COA-PWY:_coenzyme_A_biosynthesis_I_(prokaryotic)	PWY-5097:_L-lysine_biosynthesis_VI	5	0.2777777777777778	0.8771493263973094
COA-PWY:_coenzyme_A_biosynthesis_I_(prokaryotic)	PWY-5100:_pyruvate_fermentation_to_acetate_and_lactate_II	5	0.2631578947368421	0.04085433816023565
COA-PWY:_coenzyme_A_biosynthesis_I_(prokaryotic)	PWY-5103:_L-isoleucine_biosynthesis_III	9	0.42857142857142855	0.29010916966301914
COA-PWY:_coenzyme_A_biosynthesis_I_(prokaryotic)	PWY-5121:_superpathway_of_geranylgeranyl_diphosphate_biosynthesis_II_(via_MEP)	1	0.05555555555555555	0.6933619375578728
COA-PWY:_coenzyme_A_biosynthesis_I_(prokaryotic)	PWY-5130:_2-oxobutanoate_degradation_I	4	0.2222222222222222	0.1599333776415759
COA-PWY:_coenzyme_A_biosynthesis_I_(prokaryotic)	PWY-5188:_tetrapyrrole_biosynthesis_I_(from_glutamate)	7	0.3684210526315789	0.09065419510107631
COA-PWY:_coenzyme_A_biosynthesis_I_(prokaryotic)	PWY-5384:_sucrose_degradation_IV_(sucrose_phosphorylase)	2	0.10526315789473684	0.22630520635049434
COA-PWY:_coenzyme_A_biosynthesis_I_(prokaryotic)	PWY-5659:_GDP-mannose_biosynthesis	2	0.1	0.09969657783936448
COA-PWY:_coenzyme_A_biosynthesis_I_(prokaryotic)	PWY-5667:_CDP-diacylglycerol_biosynthesis_I	7	0.3684210526315789	0.8495989670000612
COA-PWY:_coenzyme_A_biosynthesis_I_(prokaryotic)	PWY-5686:_UMP_biosynthesis_I	14	0.6666666666666666	0.8737156485011994
COA-PWY:_coenzyme_A_biosynthesis_I_(prokaryotic)	PWY-5695:_inosine_5'-phosphate_degradation	8	0.36363636363636365	0.7939963262830485
COA-PWY:_coenzyme_A_biosynthesis_I_(prokaryotic)	PWY-5837:_2-carboxy-1,4-naphthoquinol_biosynthesis	2	0.1111111111111111	0.011502276373473341
COA-PWY:_coenzyme_A_biosynthesis_I_(prokaryotic)	PWY-5941:_glycogen_degradation_II	5	0.25	0.1943071612469789
COA-PWY:_coenzyme_A_biosynthesis_I_(prokaryotic)	PWY-5973:_cis-vaccenate_biosynthesis	2	0.1111111111111111	0.7160064487045048
COA-PWY:_coenzyme_A_biosynthesis_I_(prokaryotic)	PWY-6121:_5-aminoimidazole_ribonucleotide_biosynthesis_I	13	0.52	0.91236119991525
COA-PWY:_coenzyme_A_biosynthesis_I_(prokaryotic)	PWY-6122:_5-aminoimidazole_ribonucleotide_biosynthesis_II	15	0.5555555555555556	0.9329727967736394
COA-PWY:_coenzyme_A_biosynthesis_I_(prokaryotic)	PWY-6123:_inosine-5'-phosphate_biosynthesis_I	7	0.3888888888888889	0.8713651039615093
COA-PWY:_coenzyme_A_biosynthesis_I_(prokaryotic)	PWY-6124:_inosine-5'-phosphate_biosynthesis_II	8	0.4	0.8614486590275972
COA-PWY:_coenzyme_A_biosynthesis_I_(prokaryotic)	PWY-6125:_superpathway_of_guanosine_nucleotides_de_novo_biosynthesis_II	2	0.1111111111111111	0.769879603388457
COA-PWY:_coenzyme_A_biosynthesis_I_(prokaryotic)	PWY-6126:_superpathway_of_adenosine_nucleotides_de_novo_biosynthesis_II	2	0.1111111111111111	0.6891488183877602
COA-PWY:_coenzyme_A_biosynthesis_I_(prokaryotic)	PWY-6147:_6-hydroxymethyl-dihydropterin_diphosphate_biosynthesis_I	3	0.16666666666666666	0.8005722263458128
COA-PWY:_coenzyme_A_biosynthesis_I_(prokaryotic)	PWY-6151:_S-adenosyl-L-methionine_salvage_I	9	0.391304347826087	0.7579600906279809
COA-PWY:_coenzyme_A_biosynthesis_I_(prokaryotic)	PWY-6163:_chorismate_biosynthesis_from_3-dehydroquinate	12	0.5454545454545454	0.7894711610726568
COA-PWY:_coenzyme_A_biosynthesis_I_(prokaryotic)	PWY-621:_sucrose_degradation_III_(sucrose_invertase)	3	0.15789473684210525	0.23354690624953645
COA-PWY:_coenzyme_A_biosynthesis_I_(prokaryotic)	PWY-6270:_isoprene_biosynthesis_I	2	0.1111111111111111	0.2556626146641844
COA-PWY:_coenzyme_A_biosynthesis_I_(prokaryotic)	PWY-6277:_superpathway_of_5-aminoimidazole_ribonucleotide_biosynthesis	15	0.5555555555555556	0.9329727967736394
COA-PWY:_coenzyme_A_biosynthesis_I_(prokaryotic)	PWY-6317:_D-galactose_degradation_I_(Leloir_pathway)	6	0.3	0.21851607396860917
COA-PWY:_coenzyme_A_biosynthesis_I_(prokaryotic)	PWY-6385:_peptidoglycan_biosynthesis_III_(mycobacteria)	13	0.7222222222222222	0.8883663944152249
COA-PWY:_coenzyme_A_biosynthesis_I_(prokaryotic)	PWY-6386:_UDP-N-acetylmuramoyl-pentapeptide_biosynthesis_II_(lysine-containing)	11	0.6111111111111112	0.8847294843049711
COA-PWY:_coenzyme_A_biosynthesis_I_(prokaryotic)	PWY-6387:_UDP-N-acetylmuramoyl-pentapeptide_biosynthesis_I_(meso-diaminopimelate_containing)	14	0.7368421052631579	0.8778065959267167
COA-PWY:_coenzyme_A_biosynthesis_I_(prokaryotic)	PWY-6507:_4-deoxy-L-threo-hex-4-enopyranuronate_degradation	1	0.05555555555555555	0.1337752092132788
COA-PWY:_coenzyme_A_biosynthesis_I_(prokaryotic)	PWY-6527:_stachyose_degradation	6	0.3	0.11797573332368227
COA-PWY:_coenzyme_A_biosynthesis_I_(prokaryotic)	PWY-6572:_chondroitin_sulfate_degradation_I_(bacterial)	1	0.05555555555555555	0.20121627817090726
COA-PWY:_coenzyme_A_biosynthesis_I_(prokaryotic)	PWY-6608:_guanosine_nucleotides_degradation_III	2	0.1111111111111111	0.09705048338982458
COA-PWY:_coenzyme_A_biosynthesis_I_(prokaryotic)	PWY-6609:_adenine_and_adenosine_salvage_III	12	0.5217391304347826	0.8248318101095173
COA-PWY:_coenzyme_A_biosynthesis_I_(prokaryotic)	PWY-6700:_queuosine_biosynthesis_I_(de_novo)	13	0.5652173913043478	0.7895522735383601
COA-PWY:_coenzyme_A_biosynthesis_I_(prokaryotic)	PWY-6703:_preQ0_biosynthesis	6	0.3157894736842105	0.7672433783065196
COA-PWY:_coenzyme_A_biosynthesis_I_(prokaryotic)	PWY-6823:_molybdopterin_biosynthesis	6	0.3157894736842105	0.1801244598616213
COA-PWY:_coenzyme_A_biosynthesis_I_(prokaryotic)	PWY-6897:_thiamine_diphosphate_salvage_II	3	0.16666666666666666	0.1532057705878418
COA-PWY:_coenzyme_A_biosynthesis_I_(prokaryotic)	PWY-6902:_chitin_degradation_II_(Vibrio)	1	0.05263157894736842	0.17400907983136737
COA-PWY:_coenzyme_A_biosynthesis_I_(prokaryotic)	PWY-6936:_seleno-amino_acid_biosynthesis_(plants)	4	0.19047619047619047	0.07628784120419252
COA-PWY:_coenzyme_A_biosynthesis_I_(prokaryotic)	PWY-7111:_pyruvate_fermentation_to_isobutanol_(engineered)	5	0.23809523809523808	0.10915230519562791
COA-PWY:_coenzyme_A_biosynthesis_I_(prokaryotic)	PWY-7199:_pyrimidine_deoxyribonucleosides_salvage	2	0.10526315789473684	0.8242765648981558
COA-PWY:_coenzyme_A_biosynthesis_I_(prokaryotic)	PWY-7220:_adenosine_deoxyribonucleotides_de_novo_biosynthesis_II	2	0.1111111111111111	0.7166124986857105
COA-PWY:_coenzyme_A_biosynthesis_I_(prokaryotic)	PWY-7221:_guanosine_ribonucleotides_de_novo_biosynthesis	14	0.7	0.8467257489106321
COA-PWY:_coenzyme_A_biosynthesis_I_(prokaryotic)	PWY-7222:_guanosine_deoxyribonucleotides_de_novo_biosynthesis_II	2	0.1111111111111111	0.7166124986857105
COA-PWY:_coenzyme_A_biosynthesis_I_(prokaryotic)	PWY-7228:_superpathway_of_guanosine_nucleotides_de_novo_biosynthesis_I	3	0.16666666666666666	0.7256921081509662
COA-PWY:_coenzyme_A_biosynthesis_I_(prokaryotic)	PWY-7229:_superpathway_of_adenosine_nucleotides_de_novo_biosynthesis_I	2	0.1111111111111111	0.6683104933767317
COA-PWY:_coenzyme_A_biosynthesis_I_(prokaryotic)	PWY-7234:_inosine-5'-phosphate_biosynthesis_III	1	0.05555555555555555	0.1260210896754108
COA-PWY:_coenzyme_A_biosynthesis_I_(prokaryotic)	PWY-7237:_myo-,_chiro-_and_scyllo-inositol_degradation	7	0.3333333333333333	0.210472656078326
COA-PWY:_coenzyme_A_biosynthesis_I_(prokaryotic)	PWY-7238:_sucrose_biosynthesis_II	9	0.4090909090909091	0.22580038712049655
COA-PWY:_coenzyme_A_biosynthesis_I_(prokaryotic)	PWY-7242:_D-fructuronate_degradation	1	0.05555555555555555	0.1341754040207529
COA-PWY:_coenzyme_A_biosynthesis_I_(prokaryotic)	PWY-724:_superpathway_of_L-lysine,_L-threonine_and_L-methionine_biosynthesis_II	1	0.05555555555555555	0.09378373277835383
COA-PWY:_coenzyme_A_biosynthesis_I_(prokaryotic)	PWY-7357:_thiamine_phosphate_formation_from_pyrithiamine_and_oxythiamine_(yeast)	5	0.2777777777777778	0.17006659471183005
COA-PWY:_coenzyme_A_biosynthesis_I_(prokaryotic)	PWY-7560:_methylerythritol_phosphate_pathway_II	2	0.1111111111111111	0.25529497058211403
COA-PWY:_coenzyme_A_biosynthesis_I_(prokaryotic)	PWY-7663:_gondoate_biosynthesis_(anaerobic)	2	0.1111111111111111	0.7240917852081203
COA-PWY:_coenzyme_A_biosynthesis_I_(prokaryotic)	PWY-7790:_UMP_biosynthesis_II	14	0.6666666666666666	0.8722110676577772
COA-PWY:_coenzyme_A_biosynthesis_I_(prokaryotic)	PWY-7791:_UMP_biosynthesis_III	14	0.6666666666666666	0.8462059036201621
COA-PWY:_coenzyme_A_biosynthesis_I_(prokaryotic)	PWY-7851:_coenzyme_A_biosynthesis_II_(eukaryotic)	11	0.6111111111111112	0.9730096248842793
COA-PWY:_coenzyme_A_biosynthesis_I_(prokaryotic)	PWY-7953:_UDP-N-acetylmuramoyl-pentapeptide_biosynthesis_III_(meso-diaminopimelate_containing)	12	0.6666666666666666	0.8644188093044597
COA-PWY:_coenzyme_A_biosynthesis_I_(prokaryotic)	PWY-7977:_L-methionine_biosynthesis_IV	5	0.2631578947368421	0.8637074052113157
COA-PWY:_coenzyme_A_biosynthesis_I_(prokaryotic)	PWY-8178:_pentose_phosphate_pathway_(non-oxidative_branch)_II	6	0.3157894736842105	0.28002844615669775
COA-PWY:_coenzyme_A_biosynthesis_I_(prokaryotic)	PWY0-1061:_superpathway_of_L-alanine_biosynthesis	2	0.1111111111111111	0.017643001073556097
COA-PWY:_coenzyme_A_biosynthesis_I_(prokaryotic)	PWY0-1241:_ADP-L-glycero-&beta;-D-manno-heptose_biosynthesis	2	0.1111111111111111	0.013085649813993183
COA-PWY:_coenzyme_A_biosynthesis_I_(prokaryotic)	PWY0-1296:_purine_ribonucleosides_degradation	6	0.3	0.20400531975680958
COA-PWY:_coenzyme_A_biosynthesis_I_(prokaryotic)	PWY0-1319:_CDP-diacylglycerol_biosynthesis_II	7	0.3684210526315789	0.8495989670000612
COA-PWY:_coenzyme_A_biosynthesis_I_(prokaryotic)	PWY0-1586:_peptidoglycan_maturation_(meso-diaminopimelate_containing)	5	0.2777777777777778	0.8084595913578165
COA-PWY:_coenzyme_A_biosynthesis_I_(prokaryotic)	PWY0-162:_superpathway_of_pyrimidine_ribonucleotides_de_novo_biosynthesis	1	0.05555555555555555	0.21660403566734232
COA-PWY:_coenzyme_A_biosynthesis_I_(prokaryotic)	PWY0-845:_superpathway_of_pyridoxal_5'-phosphate_biosynthesis_and_salvage	1	0.05555555555555555	0.21520379986948257
COA-PWY:_coenzyme_A_biosynthesis_I_(prokaryotic)	PWY66-429:_fatty_acid_biosynthesis_initiation_(mitochondria)	6	0.2727272727272727	0.7341065563430241
COA-PWY:_coenzyme_A_biosynthesis_I_(prokaryotic)	PYRIDNUCSYN-PWY:_NAD_de_novo_biosynthesis_I_(from_aspartate)	4	0.2	0.7891736359074499
COA-PWY:_coenzyme_A_biosynthesis_I_(prokaryotic)	PYRIDOXSYN-PWY:_pyridoxal_5'-phosphate_biosynthesis_I	1	0.05555555555555555	0.21493408202665687
COA-PWY:_coenzyme_A_biosynthesis_I_(prokaryotic)	RHAMCAT-PWY:_L-rhamnose_degradation_I	4	0.2222222222222222	0.7506329394833102
COA-PWY:_coenzyme_A_biosynthesis_I_(prokaryotic)	RIBOSYN2-PWY:_flavin_biosynthesis_I_(bacteria_and_plants)	8	0.4444444444444444	0.7841169889721734
COA-PWY:_coenzyme_A_biosynthesis_I_(prokaryotic)	SALVADEHYPOX-PWY:_adenosine_nucleotides_degradation_II	1	0.05555555555555555	0.08583904197839187
COA-PWY:_coenzyme_A_biosynthesis_I_(prokaryotic)	SER-GLYSYN-PWY:_superpathway_of_L-serine_and_glycine_biosynthesis_I	8	0.4	0.8888235376794291
COA-PWY:_coenzyme_A_biosynthesis_I_(prokaryotic)	THISYNARA-PWY:_superpathway_of_thiamine_diphosphate_biosynthesis_III_(eukaryotes)	3	0.16666666666666666	0.09371097278003038
COA-PWY:_coenzyme_A_biosynthesis_I_(prokaryotic)	THRESYN-PWY:_superpathway_of_L-threonine_biosynthesis	3	0.16666666666666666	0.7483303804641394
COA-PWY:_coenzyme_A_biosynthesis_I_(prokaryotic)	TRNA-CHARGING-PWY:_tRNA_charging	6	0.3157894736842105	0.8631461640582995
COA-PWY:_coenzyme_A_biosynthesis_I_(prokaryotic)	UDPNAGSYN-PWY:_UDP-N-acetyl-D-glucosamine_biosynthesis_I	5	0.25	0.046569390123910814
COA-PWY:_coenzyme_A_biosynthesis_I_(prokaryotic)	VALSYN-PWY:_L-valine_biosynthesis	15	0.6	0.8114760084321597
COBALSYN-PWY:_superpathway_of_adenosylcobalamin_salvage_from_cobinamide_I	DTDPRHAMSYN-PWY:_dTDP-&beta;-L-rhamnose_biosynthesis	2	0.16666666666666666	0.07444164388809327
COBALSYN-PWY:_superpathway_of_adenosylcobalamin_salvage_from_cobinamide_I	GALACTUROCAT-PWY:_D-galacturonate_degradation_I	1	0.3333333333333333	0.7381153281655262
COBALSYN-PWY:_superpathway_of_adenosylcobalamin_salvage_from_cobinamide_I	GLCMANNANAUT-PWY:_superpathway_of_N-acetylglucosamine,_N-acetylmannosamine_and_N-acetylneuraminate_degradation	1	0.3333333333333333	0.9130353654833405
COBALSYN-PWY:_superpathway_of_adenosylcobalamin_salvage_from_cobinamide_I	GLUCUROCAT-PWY:_superpathway_of_&beta;-D-glucuronosides_degradation	1	0.5	0.9430297545629958
COBALSYN-PWY:_superpathway_of_adenosylcobalamin_salvage_from_cobinamide_I	GLUTORN-PWY:_L-ornithine_biosynthesis_I	1	0.1111111111111111	0.6384838116564281
COBALSYN-PWY:_superpathway_of_adenosylcobalamin_salvage_from_cobinamide_I	GLYCOGENSYNTH-PWY:_glycogen_biosynthesis_I_(from_ADP-D-Glucose)	2	0.14285714285714285	0.26723676542484354
COBALSYN-PWY:_superpathway_of_adenosylcobalamin_salvage_from_cobinamide_I	HISTSYN-PWY:_L-histidine_biosynthesis	1	0.16666666666666666	0.13494374477385185
COBALSYN-PWY:_superpathway_of_adenosylcobalamin_salvage_from_cobinamide_I	HSERMETANA-PWY:_L-methionine_biosynthesis_III	1	0.14285714285714285	0.08994657386197569
COBALSYN-PWY:_superpathway_of_adenosylcobalamin_salvage_from_cobinamide_I	ILEUSYN-PWY:_L-isoleucine_biosynthesis_I_(from_threonine)	1	0.07692307692307693	0.031209251102377378
COBALSYN-PWY:_superpathway_of_adenosylcobalamin_salvage_from_cobinamide_I	NONOXIPENT-PWY:_pentose_phosphate_pathway_(non-oxidative_branch)_I	1	0.125	0.03874756370064947
COBALSYN-PWY:_superpathway_of_adenosylcobalamin_salvage_from_cobinamide_I	P41-PWY:_pyruvate_fermentation_to_acetate_and_(S)-lactate_I	1	0.16666666666666666	0.09464114095515508
COBALSYN-PWY:_superpathway_of_adenosylcobalamin_salvage_from_cobinamide_I	PANTO-PWY:_phosphopantothenate_biosynthesis_I	1	0.1111111111111111	0.013633086050340082
COBALSYN-PWY:_superpathway_of_adenosylcobalamin_salvage_from_cobinamide_I	PEPTIDOGLYCANSYN-PWY:_peptidoglycan_biosynthesis_I_(meso-diaminopimelate_containing)	1	0.07142857142857142	0.1289113529451794
COBALSYN-PWY:_superpathway_of_adenosylcobalamin_salvage_from_cobinamide_I	PWY-1042:_glycolysis_IV	2	0.15384615384615385	0.09098317122202493
COBALSYN-PWY:_superpathway_of_adenosylcobalamin_salvage_from_cobinamide_I	PWY-5097:_L-lysine_biosynthesis_VI	1	0.16666666666666666	0.16523803692047967
COBALSYN-PWY:_superpathway_of_adenosylcobalamin_salvage_from_cobinamide_I	PWY-5100:_pyruvate_fermentation_to_acetate_and_lactate_II	1	0.14285714285714285	0.08767065947676955
COBALSYN-PWY:_superpathway_of_adenosylcobalamin_salvage_from_cobinamide_I	PWY-5103:_L-isoleucine_biosynthesis_III	1	0.07692307692307693	0.027417002297177806
COBALSYN-PWY:_superpathway_of_adenosylcobalamin_salvage_from_cobinamide_I	PWY-5659:_GDP-mannose_biosynthesis	2	0.5	0.6304443884685305
COBALSYN-PWY:_superpathway_of_adenosylcobalamin_salvage_from_cobinamide_I	PWY-5667:_CDP-diacylglycerol_biosynthesis_I	2	0.25	0.15438088812429396
COBALSYN-PWY:_superpathway_of_adenosylcobalamin_salvage_from_cobinamide_I	PWY-5686:_UMP_biosynthesis_I	2	0.11764705882352941	0.13083701043162022
COBALSYN-PWY:_superpathway_of_adenosylcobalamin_salvage_from_cobinamide_I	PWY-5695:_inosine_5'-phosphate_degradation	2	0.16666666666666666	0.09618014577949563
COBALSYN-PWY:_superpathway_of_adenosylcobalamin_salvage_from_cobinamide_I	PWY-5941:_glycogen_degradation_II	2	0.2857142857142857	0.5760993192366941
COBALSYN-PWY:_superpathway_of_adenosylcobalamin_salvage_from_cobinamide_I	PWY-6121:_5-aminoimidazole_ribonucleotide_biosynthesis_I	2	0.1	0.14197409421405338
COBALSYN-PWY:_superpathway_of_adenosylcobalamin_salvage_from_cobinamide_I	PWY-6122:_5-aminoimidazole_ribonucleotide_biosynthesis_II	2	0.08333333333333333	0.1434678770498662
COBALSYN-PWY:_superpathway_of_adenosylcobalamin_salvage_from_cobinamide_I	PWY-6123:_inosine-5'-phosphate_biosynthesis_I	1	0.125	0.13967632690046283
COBALSYN-PWY:_superpathway_of_adenosylcobalamin_salvage_from_cobinamide_I	PWY-6124:_inosine-5'-phosphate_biosynthesis_II	1	0.09090909090909091	0.13549605169196788
COBALSYN-PWY:_superpathway_of_adenosylcobalamin_salvage_from_cobinamide_I	PWY-6151:_S-adenosyl-L-methionine_salvage_I	1	0.06666666666666667	0.1492320603320476
COBALSYN-PWY:_superpathway_of_adenosylcobalamin_salvage_from_cobinamide_I	PWY-6163:_chorismate_biosynthesis_from_3-dehydroquinate	2	0.125	0.12768345906846723
COBALSYN-PWY:_superpathway_of_adenosylcobalamin_salvage_from_cobinamide_I	PWY-6277:_superpathway_of_5-aminoimidazole_ribonucleotide_biosynthesis	2	0.08333333333333333	0.1434678770498662
COBALSYN-PWY:_superpathway_of_adenosylcobalamin_salvage_from_cobinamide_I	PWY-6317:_D-galactose_degradation_I_(Leloir_pathway)	2	0.25	0.6882831675752688
COBALSYN-PWY:_superpathway_of_adenosylcobalamin_salvage_from_cobinamide_I	PWY-6385:_peptidoglycan_biosynthesis_III_(mycobacteria)	1	0.07142857142857142	0.06512806184239561
COBALSYN-PWY:_superpathway_of_adenosylcobalamin_salvage_from_cobinamide_I	PWY-6386:_UDP-N-acetylmuramoyl-pentapeptide_biosynthesis_II_(lysine-containing)	1	0.08333333333333333	0.13364270602964556
COBALSYN-PWY:_superpathway_of_adenosylcobalamin_salvage_from_cobinamide_I	PWY-6387:_UDP-N-acetylmuramoyl-pentapeptide_biosynthesis_I_(meso-diaminopimelate_containing)	1	0.0625	0.12514333467540806
COBALSYN-PWY:_superpathway_of_adenosylcobalamin_salvage_from_cobinamide_I	PWY-6507:_4-deoxy-L-threo-hex-4-enopyranuronate_degradation	1	0.5	0.8418484701928327
COBALSYN-PWY:_superpathway_of_adenosylcobalamin_salvage_from_cobinamide_I	PWY-6527:_stachyose_degradation	2	0.25	0.30126186844592384
COBALSYN-PWY:_superpathway_of_adenosylcobalamin_salvage_from_cobinamide_I	PWY-6608:_guanosine_nucleotides_degradation_III	2	1.0	0.7665469712943374
COBALSYN-PWY:_superpathway_of_adenosylcobalamin_salvage_from_cobinamide_I	PWY-6609:_adenine_and_adenosine_salvage_III	1	0.05555555555555555	0.11160812982999124
COBALSYN-PWY:_superpathway_of_adenosylcobalamin_salvage_from_cobinamide_I	PWY-6700:_queuosine_biosynthesis_I_(de_novo)	2	0.1111111111111111	0.11900237193678398
COBALSYN-PWY:_superpathway_of_adenosylcobalamin_salvage_from_cobinamide_I	PWY-6823:_molybdopterin_biosynthesis	1	0.125	0.7556601003205978
COBALSYN-PWY:_superpathway_of_adenosylcobalamin_salvage_from_cobinamide_I	PWY-6897:_thiamine_diphosphate_salvage_II	1	0.25	0.8178521133428986
COBALSYN-PWY:_superpathway_of_adenosylcobalamin_salvage_from_cobinamide_I	PWY-7111:_pyruvate_fermentation_to_isobutanol_(engineered)	2	0.25	0.3101408268640652
COBALSYN-PWY:_superpathway_of_adenosylcobalamin_salvage_from_cobinamide_I	PWY-7221:_guanosine_ribonucleotides_de_novo_biosynthesis	2	0.125	0.12691252446902868
COBALSYN-PWY:_superpathway_of_adenosylcobalamin_salvage_from_cobinamide_I	PWY-7237:_myo-,_chiro-_and_scyllo-inositol_degradation	2	0.2	0.5593541340227819
COBALSYN-PWY:_superpathway_of_adenosylcobalamin_salvage_from_cobinamide_I	PWY-7238:_sucrose_biosynthesis_II	2	0.15384615384615385	0.34098218560153715
COBALSYN-PWY:_superpathway_of_adenosylcobalamin_salvage_from_cobinamide_I	PWY-7242:_D-fructuronate_degradation	1	0.5	0.8570186168873519
COBALSYN-PWY:_superpathway_of_adenosylcobalamin_salvage_from_cobinamide_I	PWY-724:_superpathway_of_L-lysine,_L-threonine_and_L-methionine_biosynthesis_II	1	0.5	0.7354528650782897
COBALSYN-PWY:_superpathway_of_adenosylcobalamin_salvage_from_cobinamide_I	PWY-7357:_thiamine_phosphate_formation_from_pyrithiamine_and_oxythiamine_(yeast)	1	0.16666666666666666	0.704295825104049
COBALSYN-PWY:_superpathway_of_adenosylcobalamin_salvage_from_cobinamide_I	PWY-7790:_UMP_biosynthesis_II	2	0.11764705882352941	0.13123909757153773
COBALSYN-PWY:_superpathway_of_adenosylcobalamin_salvage_from_cobinamide_I	PWY-7791:_UMP_biosynthesis_III	2	0.11764705882352941	0.12468608433110484
COBALSYN-PWY:_superpathway_of_adenosylcobalamin_salvage_from_cobinamide_I	PWY-7851:_coenzyme_A_biosynthesis_II_(eukaryotic)	1	0.08333333333333333	0.1415369151188114
COBALSYN-PWY:_superpathway_of_adenosylcobalamin_salvage_from_cobinamide_I	PWY-7977:_L-methionine_biosynthesis_IV	1	0.14285714285714285	0.10945670093801108
COBALSYN-PWY:_superpathway_of_adenosylcobalamin_salvage_from_cobinamide_I	PWY-8178:_pentose_phosphate_pathway_(non-oxidative_branch)_II	1	0.125	0.0387278433829783
COBALSYN-PWY:_superpathway_of_adenosylcobalamin_salvage_from_cobinamide_I	PWY0-1296:_purine_ribonucleosides_degradation	1	0.1111111111111111	0.5022548141324104
COBALSYN-PWY:_superpathway_of_adenosylcobalamin_salvage_from_cobinamide_I	PWY0-1319:_CDP-diacylglycerol_biosynthesis_II	2	0.25	0.15438088812429396
COBALSYN-PWY:_superpathway_of_adenosylcobalamin_salvage_from_cobinamide_I	PWY0-1586:_peptidoglycan_maturation_(meso-diaminopimelate_containing)	1	0.16666666666666666	0.03883649363024144
COBALSYN-PWY:_superpathway_of_adenosylcobalamin_salvage_from_cobinamide_I	RHAMCAT-PWY:_L-rhamnose_degradation_I	1	0.2	0.01182681681344111
COBALSYN-PWY:_superpathway_of_adenosylcobalamin_salvage_from_cobinamide_I	RIBOSYN2-PWY:_flavin_biosynthesis_I_(bacteria_and_plants)	1	0.1111111111111111	0.1289781045394658
COBALSYN-PWY:_superpathway_of_adenosylcobalamin_salvage_from_cobinamide_I	SALVADEHYPOX-PWY:_adenosine_nucleotides_degradation_II	1	0.5	0.6929095308984914
COBALSYN-PWY:_superpathway_of_adenosylcobalamin_salvage_from_cobinamide_I	SER-GLYSYN-PWY:_superpathway_of_L-serine_and_glycine_biosynthesis_I	1	0.09090909090909091	0.013237875428459445
COBALSYN-PWY:_superpathway_of_adenosylcobalamin_salvage_from_cobinamide_I	THISYNARA-PWY:_superpathway_of_thiamine_diphosphate_biosynthesis_III_(eukaryotes)	1	0.25	0.6214612153403923
COBALSYN-PWY:_superpathway_of_adenosylcobalamin_salvage_from_cobinamide_I	THRESYN-PWY:_superpathway_of_L-threonine_biosynthesis	1	0.25	0.09374356680289919
COBALSYN-PWY:_superpathway_of_adenosylcobalamin_salvage_from_cobinamide_I	TRNA-CHARGING-PWY:_tRNA_charging	1	0.125	0.1367462761401077
COBALSYN-PWY:_superpathway_of_adenosylcobalamin_salvage_from_cobinamide_I	VALSYN-PWY:_L-valine_biosynthesis	2	0.09090909090909091	0.12863605842337644
COMPLETE-ARO-PWY:_superpathway_of_aromatic_amino_acid_biosynthesis	DTDPRHAMSYN-PWY:_dTDP-&beta;-L-rhamnose_biosynthesis	1	0.07142857142857142	0.020102107209108655
COMPLETE-ARO-PWY:_superpathway_of_aromatic_amino_acid_biosynthesis	GLUTORN-PWY:_L-ornithine_biosynthesis_I	3	0.375	0.289220809915976
COMPLETE-ARO-PWY:_superpathway_of_aromatic_amino_acid_biosynthesis	GLYCOGENSYNTH-PWY:_glycogen_biosynthesis_I_(from_ADP-D-Glucose)	3	0.21428571428571427	0.10219903991970569
COMPLETE-ARO-PWY:_superpathway_of_aromatic_amino_acid_biosynthesis	HISTSYN-PWY:_L-histidine_biosynthesis	1	0.14285714285714285	0.007007795671921557
COMPLETE-ARO-PWY:_superpathway_of_aromatic_amino_acid_biosynthesis	HSERMETANA-PWY:_L-methionine_biosynthesis_III	1	0.125	0.3872411372411372
COMPLETE-ARO-PWY:_superpathway_of_aromatic_amino_acid_biosynthesis	ILEUSYN-PWY:_L-isoleucine_biosynthesis_I_(from_threonine)	3	0.25	0.19013619509546653
COMPLETE-ARO-PWY:_superpathway_of_aromatic_amino_acid_biosynthesis	NONMEVIPP-PWY:_methylerythritol_phosphate_pathway_I	2	0.25	0.04885461910275446
COMPLETE-ARO-PWY:_superpathway_of_aromatic_amino_acid_biosynthesis	NONOXIPENT-PWY:_pentose_phosphate_pathway_(non-oxidative_branch)_I	3	0.42857142857142855	0.18857250163820904
COMPLETE-ARO-PWY:_superpathway_of_aromatic_amino_acid_biosynthesis	P41-PWY:_pyruvate_fermentation_to_acetate_and_(S)-lactate_I	2	0.3333333333333333	0.1274253346531231
COMPLETE-ARO-PWY:_superpathway_of_aromatic_amino_acid_biosynthesis	PANTO-PWY:_phosphopantothenate_biosynthesis_I	2	0.2222222222222222	0.014894915913161055
COMPLETE-ARO-PWY:_superpathway_of_aromatic_amino_acid_biosynthesis	PANTOSYN-PWY:_superpathway_of_coenzyme_A_biosynthesis_I_(bacteria)	1	0.125	0.007873537315013168
COMPLETE-ARO-PWY:_superpathway_of_aromatic_amino_acid_biosynthesis	PEPTIDOGLYCANSYN-PWY:_peptidoglycan_biosynthesis_I_(meso-diaminopimelate_containing)	3	0.23076923076923078	0.04381975462069165
COMPLETE-ARO-PWY:_superpathway_of_aromatic_amino_acid_biosynthesis	PWY-1042:_glycolysis_IV	3	0.23076923076923078	0.03273804033805772
COMPLETE-ARO-PWY:_superpathway_of_aromatic_amino_acid_biosynthesis	PWY-2942:_L-lysine_biosynthesis_III	1	0.14285714285714285	0.05176067006641538
COMPLETE-ARO-PWY:_superpathway_of_aromatic_amino_acid_biosynthesis	PWY-3841:_folate_transformations_II_(plants)	2	0.18181818181818182	0.014266574445819802
COMPLETE-ARO-PWY:_superpathway_of_aromatic_amino_acid_biosynthesis	PWY-5097:_L-lysine_biosynthesis_VI	2	0.3333333333333333	0.05860895966678148
COMPLETE-ARO-PWY:_superpathway_of_aromatic_amino_acid_biosynthesis	PWY-5100:_pyruvate_fermentation_to_acetate_and_lactate_II	2	0.2857142857142857	0.10290877929766995
COMPLETE-ARO-PWY:_superpathway_of_aromatic_amino_acid_biosynthesis	PWY-5103:_L-isoleucine_biosynthesis_III	3	0.25	0.20139913565971967
COMPLETE-ARO-PWY:_superpathway_of_aromatic_amino_acid_biosynthesis	PWY-5188:_tetrapyrrole_biosynthesis_I_(from_glutamate)	1	0.1	0.4135269670338546
COMPLETE-ARO-PWY:_superpathway_of_aromatic_amino_acid_biosynthesis	PWY-5667:_CDP-diacylglycerol_biosynthesis_I	2	0.2222222222222222	0.051378663634295885
COMPLETE-ARO-PWY:_superpathway_of_aromatic_amino_acid_biosynthesis	PWY-5686:_UMP_biosynthesis_I	3	0.17647058823529413	0.04772202494876243
COMPLETE-ARO-PWY:_superpathway_of_aromatic_amino_acid_biosynthesis	PWY-5695:_inosine_5'-phosphate_degradation	1	0.07142857142857142	0.03090226732776058
COMPLETE-ARO-PWY:_superpathway_of_aromatic_amino_acid_biosynthesis	PWY-5941:_glycogen_degradation_II	2	0.25	0.21578675529869484
COMPLETE-ARO-PWY:_superpathway_of_aromatic_amino_acid_biosynthesis	PWY-6121:_5-aminoimidazole_ribonucleotide_biosynthesis_I	3	0.15	0.052238698243470605
COMPLETE-ARO-PWY:_superpathway_of_aromatic_amino_acid_biosynthesis	PWY-6122:_5-aminoimidazole_ribonucleotide_biosynthesis_II	3	0.125	0.05230547842889677
COMPLETE-ARO-PWY:_superpathway_of_aromatic_amino_acid_biosynthesis	PWY-6151:_S-adenosyl-L-methionine_salvage_I	3	0.21428571428571427	0.05958734129595766
COMPLETE-ARO-PWY:_superpathway_of_aromatic_amino_acid_biosynthesis	PWY-6163:_chorismate_biosynthesis_from_3-dehydroquinate	3	0.1875	0.047263406983678036
COMPLETE-ARO-PWY:_superpathway_of_aromatic_amino_acid_biosynthesis	PWY-6270:_isoprene_biosynthesis_I	1	0.25	0.210609796646126
COMPLETE-ARO-PWY:_superpathway_of_aromatic_amino_acid_biosynthesis	PWY-6277:_superpathway_of_5-aminoimidazole_ribonucleotide_biosynthesis	3	0.125	0.05230547842889677
COMPLETE-ARO-PWY:_superpathway_of_aromatic_amino_acid_biosynthesis	PWY-6317:_D-galactose_degradation_I_(Leloir_pathway)	2	0.2222222222222222	0.2699348510761992
COMPLETE-ARO-PWY:_superpathway_of_aromatic_amino_acid_biosynthesis	PWY-6385:_peptidoglycan_biosynthesis_III_(mycobacteria)	3	0.23076923076923078	0.04772445777576961
COMPLETE-ARO-PWY:_superpathway_of_aromatic_amino_acid_biosynthesis	PWY-6386:_UDP-N-acetylmuramoyl-pentapeptide_biosynthesis_II_(lysine-containing)	3	0.2727272727272727	0.05062814434219842
COMPLETE-ARO-PWY:_superpathway_of_aromatic_amino_acid_biosynthesis	PWY-6387:_UDP-N-acetylmuramoyl-pentapeptide_biosynthesis_I_(meso-diaminopimelate_containing)	3	0.2	0.04795745840657262
COMPLETE-ARO-PWY:_superpathway_of_aromatic_amino_acid_biosynthesis	PWY-6609:_adenine_and_adenosine_salvage_III	3	0.17647058823529413	0.04394904084415685
COMPLETE-ARO-PWY:_superpathway_of_aromatic_amino_acid_biosynthesis	PWY-6700:_queuosine_biosynthesis_I_(de_novo)	3	0.16666666666666666	0.04736350793653654
COMPLETE-ARO-PWY:_superpathway_of_aromatic_amino_acid_biosynthesis	PWY-6703:_preQ0_biosynthesis	1	0.1111111111111111	0.04278252267218463
COMPLETE-ARO-PWY:_superpathway_of_aromatic_amino_acid_biosynthesis	PWY-6823:_molybdopterin_biosynthesis	2	0.25	0.09561034246134115
COMPLETE-ARO-PWY:_superpathway_of_aromatic_amino_acid_biosynthesis	PWY-6897:_thiamine_diphosphate_salvage_II	1	0.2	0.05581029250729408
COMPLETE-ARO-PWY:_superpathway_of_aromatic_amino_acid_biosynthesis	PWY-6936:_seleno-amino_acid_biosynthesis_(plants)	1	0.1111111111111111	0.4568354168124412
COMPLETE-ARO-PWY:_superpathway_of_aromatic_amino_acid_biosynthesis	PWY-7111:_pyruvate_fermentation_to_isobutanol_(engineered)	2	0.2222222222222222	0.4050529064227678
COMPLETE-ARO-PWY:_superpathway_of_aromatic_amino_acid_biosynthesis	PWY-7221:_guanosine_ribonucleotides_de_novo_biosynthesis	3	0.1875	0.0465588533166974
COMPLETE-ARO-PWY:_superpathway_of_aromatic_amino_acid_biosynthesis	PWY-7237:_myo-,_chiro-_and_scyllo-inositol_degradation	3	0.3	0.24027932601472646
COMPLETE-ARO-PWY:_superpathway_of_aromatic_amino_acid_biosynthesis	PWY-7238:_sucrose_biosynthesis_II	3	0.23076923076923078	0.13418696806731756
COMPLETE-ARO-PWY:_superpathway_of_aromatic_amino_acid_biosynthesis	PWY-7357:_thiamine_phosphate_formation_from_pyrithiamine_and_oxythiamine_(yeast)	2	0.3333333333333333	0.08696477397541902
COMPLETE-ARO-PWY:_superpathway_of_aromatic_amino_acid_biosynthesis	PWY-7560:_methylerythritol_phosphate_pathway_II	1	0.25	0.21156452919874758
COMPLETE-ARO-PWY:_superpathway_of_aromatic_amino_acid_biosynthesis	PWY-7790:_UMP_biosynthesis_II	3	0.17647058823529413	0.04787522744846817
COMPLETE-ARO-PWY:_superpathway_of_aromatic_amino_acid_biosynthesis	PWY-7791:_UMP_biosynthesis_III	3	0.17647058823529413	0.04538362005614627
COMPLETE-ARO-PWY:_superpathway_of_aromatic_amino_acid_biosynthesis	PWY-7851:_coenzyme_A_biosynthesis_II_(eukaryotic)	2	0.16666666666666666	0.052704564529762465
COMPLETE-ARO-PWY:_superpathway_of_aromatic_amino_acid_biosynthesis	PWY-7953:_UDP-N-acetylmuramoyl-pentapeptide_biosynthesis_III_(meso-diaminopimelate_containing)	3	0.25	0.05065990040784796
COMPLETE-ARO-PWY:_superpathway_of_aromatic_amino_acid_biosynthesis	PWY-7977:_L-methionine_biosynthesis_IV	1	0.125	0.04247608744766884
COMPLETE-ARO-PWY:_superpathway_of_aromatic_amino_acid_biosynthesis	PWY-8178:_pentose_phosphate_pathway_(non-oxidative_branch)_II	3	0.42857142857142855	0.21010856913925546
COMPLETE-ARO-PWY:_superpathway_of_aromatic_amino_acid_biosynthesis	PWY0-1061:_superpathway_of_L-alanine_biosynthesis	2	0.6666666666666666	0.35454049165859736
COMPLETE-ARO-PWY:_superpathway_of_aromatic_amino_acid_biosynthesis	PWY0-1296:_purine_ribonucleosides_degradation	3	0.375	0.2308769015900899
COMPLETE-ARO-PWY:_superpathway_of_aromatic_amino_acid_biosynthesis	PWY0-1319:_CDP-diacylglycerol_biosynthesis_II	2	0.2222222222222222	0.051378663634295885
COMPLETE-ARO-PWY:_superpathway_of_aromatic_amino_acid_biosynthesis	PWY0-1586:_peptidoglycan_maturation_(meso-diaminopimelate_containing)	1	0.14285714285714285	0.008358954598168045
COMPLETE-ARO-PWY:_superpathway_of_aromatic_amino_acid_biosynthesis	PWY66-429:_fatty_acid_biosynthesis_initiation_(mitochondria)	1	0.08333333333333333	0.03874068824495713
COMPLETE-ARO-PWY:_superpathway_of_aromatic_amino_acid_biosynthesis	PYRIDNUCSYN-PWY:_NAD_de_novo_biosynthesis_I_(from_aspartate)	1	0.125	0.007004671719971656
COMPLETE-ARO-PWY:_superpathway_of_aromatic_amino_acid_biosynthesis	RHAMCAT-PWY:_L-rhamnose_degradation_I	1	0.16666666666666666	0.04262267698750022
COMPLETE-ARO-PWY:_superpathway_of_aromatic_amino_acid_biosynthesis	RIBOSYN2-PWY:_flavin_biosynthesis_I_(bacteria_and_plants)	3	0.375	0.03989496489048461
COMPLETE-ARO-PWY:_superpathway_of_aromatic_amino_acid_biosynthesis	SER-GLYSYN-PWY:_superpathway_of_L-serine_and_glycine_biosynthesis_I	2	0.18181818181818182	0.04837335110085572
COMPLETE-ARO-PWY:_superpathway_of_aromatic_amino_acid_biosynthesis	THISYNARA-PWY:_superpathway_of_thiamine_diphosphate_biosynthesis_III_(eukaryotes)	2	0.5	0.14157275672949188
COMPLETE-ARO-PWY:_superpathway_of_aromatic_amino_acid_biosynthesis	TRNA-CHARGING-PWY:_tRNA_charging	2	0.25	0.013335472211236765
COMPLETE-ARO-PWY:_superpathway_of_aromatic_amino_acid_biosynthesis	VALSYN-PWY:_L-valine_biosynthesis	3	0.13636363636363635	0.04687841495652867
DTDPRHAMSYN-PWY:_dTDP-&beta;-L-rhamnose_biosynthesis	GALACTUROCAT-PWY:_D-galacturonate_degradation_I	2	0.16666666666666666	0.10965666713395161
DTDPRHAMSYN-PWY:_dTDP-&beta;-L-rhamnose_biosynthesis	GLCMANNANAUT-PWY:_superpathway_of_N-acetylglucosamine,_N-acetylmannosamine_and_N-acetylneuraminate_degradation	1	0.07692307692307693	0.0666273684495361
DTDPRHAMSYN-PWY:_dTDP-&beta;-L-rhamnose_biosynthesis	GLUCUROCAT-PWY:_superpathway_of_&beta;-D-glucuronosides_degradation	1	0.08333333333333333	0.07139791842528442
DTDPRHAMSYN-PWY:_dTDP-&beta;-L-rhamnose_biosynthesis	GLUTORN-PWY:_L-ornithine_biosynthesis_I	4	0.25	0.11453072317875079
DTDPRHAMSYN-PWY:_dTDP-&beta;-L-rhamnose_biosynthesis	GLYCOGENSYNTH-PWY:_glycogen_biosynthesis_I_(from_ADP-D-Glucose)	8	0.4444444444444444	0.2866685275253068
DTDPRHAMSYN-PWY:_dTDP-&beta;-L-rhamnose_biosynthesis	HISDEG-PWY:_L-histidine_degradation_I	4	0.3333333333333333	0.5567356477240335
DTDPRHAMSYN-PWY:_dTDP-&beta;-L-rhamnose_biosynthesis	HISTSYN-PWY:_L-histidine_biosynthesis	4	0.3076923076923077	0.605209179126834
DTDPRHAMSYN-PWY:_dTDP-&beta;-L-rhamnose_biosynthesis	HSERMETANA-PWY:_L-methionine_biosynthesis_III	2	0.125	0.02263100403546192
DTDPRHAMSYN-PWY:_dTDP-&beta;-L-rhamnose_biosynthesis	ILEUSYN-PWY:_L-isoleucine_biosynthesis_I_(from_threonine)	3	0.14285714285714285	0.1744789593079028
DTDPRHAMSYN-PWY:_dTDP-&beta;-L-rhamnose_biosynthesis	NONMEVIPP-PWY:_methylerythritol_phosphate_pathway_I	4	0.26666666666666666	0.6222537475418712
DTDPRHAMSYN-PWY:_dTDP-&beta;-L-rhamnose_biosynthesis	NONOXIPENT-PWY:_pentose_phosphate_pathway_(non-oxidative_branch)_I	3	0.1875	0.17113148934699718
DTDPRHAMSYN-PWY:_dTDP-&beta;-L-rhamnose_biosynthesis	P41-PWY:_pyruvate_fermentation_to_acetate_and_(S)-lactate_I	1	0.0625	0.005529956679480641
DTDPRHAMSYN-PWY:_dTDP-&beta;-L-rhamnose_biosynthesis	PANTO-PWY:_phosphopantothenate_biosynthesis_I	6	0.42857142857142855	0.5565994995663772
DTDPRHAMSYN-PWY:_dTDP-&beta;-L-rhamnose_biosynthesis	PANTOSYN-PWY:_superpathway_of_coenzyme_A_biosynthesis_I_(bacteria)	5	0.38461538461538464	0.5498919608264178
DTDPRHAMSYN-PWY:_dTDP-&beta;-L-rhamnose_biosynthesis	PENTOSE-P-PWY:_pentose_phosphate_pathway	1	0.08333333333333333	0.13674073561249567
DTDPRHAMSYN-PWY:_dTDP-&beta;-L-rhamnose_biosynthesis	PEPTIDOGLYCANSYN-PWY:_peptidoglycan_biosynthesis_I_(meso-diaminopimelate_containing)	7	0.3888888888888889	0.6481483371053718
DTDPRHAMSYN-PWY:_dTDP-&beta;-L-rhamnose_biosynthesis	PWY-1042:_glycolysis_IV	8	0.47058823529411764	0.8406758927319241
DTDPRHAMSYN-PWY:_dTDP-&beta;-L-rhamnose_biosynthesis	PWY-1269:_CMP-3-deoxy-D-manno-octulosonate_biosynthesis	2	0.16666666666666666	0.13176812997818999
DTDPRHAMSYN-PWY:_dTDP-&beta;-L-rhamnose_biosynthesis	PWY-2942:_L-lysine_biosynthesis_III	4	0.3076923076923077	0.5466960526323721
DTDPRHAMSYN-PWY:_dTDP-&beta;-L-rhamnose_biosynthesis	PWY-3841:_folate_transformations_II_(plants)	3	0.15789473684210525	0.5799899817398771
DTDPRHAMSYN-PWY:_dTDP-&beta;-L-rhamnose_biosynthesis	PWY-5030:_L-histidine_degradation_III	4	0.3333333333333333	0.5731041351401831
DTDPRHAMSYN-PWY:_dTDP-&beta;-L-rhamnose_biosynthesis	PWY-5097:_L-lysine_biosynthesis_VI	4	0.3076923076923077	0.5613023903131369
DTDPRHAMSYN-PWY:_dTDP-&beta;-L-rhamnose_biosynthesis	PWY-5100:_pyruvate_fermentation_to_acetate_and_lactate_II	1	0.058823529411764705	0.008958403815708227
DTDPRHAMSYN-PWY:_dTDP-&beta;-L-rhamnose_biosynthesis	PWY-5103:_L-isoleucine_biosynthesis_III	3	0.14285714285714285	0.16436894889467202
DTDPRHAMSYN-PWY:_dTDP-&beta;-L-rhamnose_biosynthesis	PWY-5121:_superpathway_of_geranylgeranyl_diphosphate_biosynthesis_II_(via_MEP)	1	0.08333333333333333	0.5036444645492955
DTDPRHAMSYN-PWY:_dTDP-&beta;-L-rhamnose_biosynthesis	PWY-5130:_2-oxobutanoate_degradation_I	1	0.06666666666666667	0.06148778889748707
DTDPRHAMSYN-PWY:_dTDP-&beta;-L-rhamnose_biosynthesis	PWY-5188:_tetrapyrrole_biosynthesis_I_(from_glutamate)	2	0.1111111111111111	0.023154394023473635
DTDPRHAMSYN-PWY:_dTDP-&beta;-L-rhamnose_biosynthesis	PWY-5384:_sucrose_degradation_IV_(sucrose_phosphorylase)	1	0.07142857142857142	0.1346061178181639
DTDPRHAMSYN-PWY:_dTDP-&beta;-L-rhamnose_biosynthesis	PWY-5659:_GDP-mannose_biosynthesis	3	0.23076923076923078	0.07023859202693972
DTDPRHAMSYN-PWY:_dTDP-&beta;-L-rhamnose_biosynthesis	PWY-5667:_CDP-diacylglycerol_biosynthesis_I	6	0.42857142857142855	0.6119429349041345
DTDPRHAMSYN-PWY:_dTDP-&beta;-L-rhamnose_biosynthesis	PWY-5686:_UMP_biosynthesis_I	8	0.38095238095238093	0.662792708537857
DTDPRHAMSYN-PWY:_dTDP-&beta;-L-rhamnose_biosynthesis	PWY-5695:_inosine_5'-phosphate_degradation	8	0.5	0.7011136478052091
DTDPRHAMSYN-PWY:_dTDP-&beta;-L-rhamnose_biosynthesis	PWY-5941:_glycogen_degradation_II	4	0.26666666666666666	0.14282297977390068
DTDPRHAMSYN-PWY:_dTDP-&beta;-L-rhamnose_biosynthesis	PWY-5973:_cis-vaccenate_biosynthesis	2	0.16666666666666666	0.6405028852880628
DTDPRHAMSYN-PWY:_dTDP-&beta;-L-rhamnose_biosynthesis	PWY-6121:_5-aminoimidazole_ribonucleotide_biosynthesis_I	10	0.45454545454545453	0.6221120055584533
DTDPRHAMSYN-PWY:_dTDP-&beta;-L-rhamnose_biosynthesis	PWY-6122:_5-aminoimidazole_ribonucleotide_biosynthesis_II	11	0.44	0.599241875551036
DTDPRHAMSYN-PWY:_dTDP-&beta;-L-rhamnose_biosynthesis	PWY-6123:_inosine-5'-phosphate_biosynthesis_I	4	0.26666666666666666	0.6292109073156751
DTDPRHAMSYN-PWY:_dTDP-&beta;-L-rhamnose_biosynthesis	PWY-6124:_inosine-5'-phosphate_biosynthesis_II	4	0.2222222222222222	0.6335841287508472
DTDPRHAMSYN-PWY:_dTDP-&beta;-L-rhamnose_biosynthesis	PWY-6125:_superpathway_of_guanosine_nucleotides_de_novo_biosynthesis_II	2	0.16666666666666666	0.5777116382684246
DTDPRHAMSYN-PWY:_dTDP-&beta;-L-rhamnose_biosynthesis	PWY-6126:_superpathway_of_adenosine_nucleotides_de_novo_biosynthesis_II	2	0.16666666666666666	0.6731275246175559
DTDPRHAMSYN-PWY:_dTDP-&beta;-L-rhamnose_biosynthesis	PWY-6147:_6-hydroxymethyl-dihydropterin_diphosphate_biosynthesis_I	3	0.25	0.6082301065825206
DTDPRHAMSYN-PWY:_dTDP-&beta;-L-rhamnose_biosynthesis	PWY-6151:_S-adenosyl-L-methionine_salvage_I	8	0.4444444444444444	0.5824990722637547
DTDPRHAMSYN-PWY:_dTDP-&beta;-L-rhamnose_biosynthesis	PWY-6163:_chorismate_biosynthesis_from_3-dehydroquinate	8	0.4	0.6690568889941699
DTDPRHAMSYN-PWY:_dTDP-&beta;-L-rhamnose_biosynthesis	PWY-621:_sucrose_degradation_III_(sucrose_invertase)	1	0.06666666666666667	0.13421440718593547
DTDPRHAMSYN-PWY:_dTDP-&beta;-L-rhamnose_biosynthesis	PWY-6270:_isoprene_biosynthesis_I	2	0.16666666666666666	0.15368144711520615
DTDPRHAMSYN-PWY:_dTDP-&beta;-L-rhamnose_biosynthesis	PWY-6277:_superpathway_of_5-aminoimidazole_ribonucleotide_biosynthesis	11	0.44	0.599241875551036
DTDPRHAMSYN-PWY:_dTDP-&beta;-L-rhamnose_biosynthesis	PWY-6317:_D-galactose_degradation_I_(Leloir_pathway)	5	0.3333333333333333	0.11415308744191999
DTDPRHAMSYN-PWY:_dTDP-&beta;-L-rhamnose_biosynthesis	PWY-6385:_peptidoglycan_biosynthesis_III_(mycobacteria)	6	0.3157894736842105	0.6018976917221041
DTDPRHAMSYN-PWY:_dTDP-&beta;-L-rhamnose_biosynthesis	PWY-6386:_UDP-N-acetylmuramoyl-pentapeptide_biosynthesis_II_(lysine-containing)	6	0.35294117647058826	0.6437113782742865
DTDPRHAMSYN-PWY:_dTDP-&beta;-L-rhamnose_biosynthesis	PWY-6387:_UDP-N-acetylmuramoyl-pentapeptide_biosynthesis_I_(meso-diaminopimelate_containing)	7	0.35	0.6512279585028866
DTDPRHAMSYN-PWY:_dTDP-&beta;-L-rhamnose_biosynthesis	PWY-6507:_4-deoxy-L-threo-hex-4-enopyranuronate_degradation	1	0.08333333333333333	0.08816709799700195
DTDPRHAMSYN-PWY:_dTDP-&beta;-L-rhamnose_biosynthesis	PWY-6527:_stachyose_degradation	5	0.3333333333333333	0.056055771268293086
DTDPRHAMSYN-PWY:_dTDP-&beta;-L-rhamnose_biosynthesis	PWY-6572:_chondroitin_sulfate_degradation_I_(bacterial)	1	0.08333333333333333	0.19996251154439526
DTDPRHAMSYN-PWY:_dTDP-&beta;-L-rhamnose_biosynthesis	PWY-6608:_guanosine_nucleotides_degradation_III	2	0.16666666666666666	0.04858255122942656
DTDPRHAMSYN-PWY:_dTDP-&beta;-L-rhamnose_biosynthesis	PWY-6609:_adenine_and_adenosine_salvage_III	10	0.5263157894736842	0.7007393301012537
DTDPRHAMSYN-PWY:_dTDP-&beta;-L-rhamnose_biosynthesis	PWY-6700:_queuosine_biosynthesis_I_(de_novo)	8	0.36363636363636365	0.6645103186172091
DTDPRHAMSYN-PWY:_dTDP-&beta;-L-rhamnose_biosynthesis	PWY-6703:_preQ0_biosynthesis	4	0.26666666666666666	0.606960945922753
DTDPRHAMSYN-PWY:_dTDP-&beta;-L-rhamnose_biosynthesis	PWY-6823:_molybdopterin_biosynthesis	2	0.11764705882352941	0.07619062425311873
DTDPRHAMSYN-PWY:_dTDP-&beta;-L-rhamnose_biosynthesis	PWY-6897:_thiamine_diphosphate_salvage_II	1	0.07142857142857142	0.08301587915763009
DTDPRHAMSYN-PWY:_dTDP-&beta;-L-rhamnose_biosynthesis	PWY-6902:_chitin_degradation_II_(Vibrio)	2	0.16666666666666666	0.3312000917893718
DTDPRHAMSYN-PWY:_dTDP-&beta;-L-rhamnose_biosynthesis	PWY-6936:_seleno-amino_acid_biosynthesis_(plants)	2	0.11764705882352941	0.02258811926015092
DTDPRHAMSYN-PWY:_dTDP-&beta;-L-rhamnose_biosynthesis	PWY-7111:_pyruvate_fermentation_to_isobutanol_(engineered)	3	0.17647058823529413	0.046834642282074124
DTDPRHAMSYN-PWY:_dTDP-&beta;-L-rhamnose_biosynthesis	PWY-7199:_pyrimidine_deoxyribonucleosides_salvage	2	0.15384615384615385	0.5140664348526974
DTDPRHAMSYN-PWY:_dTDP-&beta;-L-rhamnose_biosynthesis	PWY-7220:_adenosine_deoxyribonucleotides_de_novo_biosynthesis_II	2	0.16666666666666666	0.6397771203268171
DTDPRHAMSYN-PWY:_dTDP-&beta;-L-rhamnose_biosynthesis	PWY-7221:_guanosine_ribonucleotides_de_novo_biosynthesis	9	0.47368421052631576	0.6954634249264817
DTDPRHAMSYN-PWY:_dTDP-&beta;-L-rhamnose_biosynthesis	PWY-7222:_guanosine_deoxyribonucleotides_de_novo_biosynthesis_II	2	0.16666666666666666	0.6397771203268171
DTDPRHAMSYN-PWY:_dTDP-&beta;-L-rhamnose_biosynthesis	PWY-7228:_superpathway_of_guanosine_nucleotides_de_novo_biosynthesis_I	2	0.15384615384615385	0.6322529168431441
DTDPRHAMSYN-PWY:_dTDP-&beta;-L-rhamnose_biosynthesis	PWY-7229:_superpathway_of_adenosine_nucleotides_de_novo_biosynthesis_I	2	0.16666666666666666	0.6990784182017677
DTDPRHAMSYN-PWY:_dTDP-&beta;-L-rhamnose_biosynthesis	PWY-7234:_inosine-5'-phosphate_biosynthesis_III	1	0.08333333333333333	0.059632933711353586
DTDPRHAMSYN-PWY:_dTDP-&beta;-L-rhamnose_biosynthesis	PWY-7237:_myo-,_chiro-_and_scyllo-inositol_degradation	3	0.15789473684210525	0.11328514314718074
DTDPRHAMSYN-PWY:_dTDP-&beta;-L-rhamnose_biosynthesis	PWY-7238:_sucrose_biosynthesis_II	7	0.3888888888888889	0.15263772302740408
DTDPRHAMSYN-PWY:_dTDP-&beta;-L-rhamnose_biosynthesis	PWY-7242:_D-fructuronate_degradation	1	0.08333333333333333	0.08542067592334457
DTDPRHAMSYN-PWY:_dTDP-&beta;-L-rhamnose_biosynthesis	PWY-724:_superpathway_of_L-lysine,_L-threonine_and_L-methionine_biosynthesis_II	1	0.08333333333333333	0.04397971856705274
DTDPRHAMSYN-PWY:_dTDP-&beta;-L-rhamnose_biosynthesis	PWY-7357:_thiamine_phosphate_formation_from_pyrithiamine_and_oxythiamine_(yeast)	1	0.0625	0.09654731146644002
DTDPRHAMSYN-PWY:_dTDP-&beta;-L-rhamnose_biosynthesis	PWY-7560:_methylerythritol_phosphate_pathway_II	2	0.16666666666666666	0.15293708630535396
DTDPRHAMSYN-PWY:_dTDP-&beta;-L-rhamnose_biosynthesis	PWY-7663:_gondoate_biosynthesis_(anaerobic)	2	0.16666666666666666	0.6308576026941628
DTDPRHAMSYN-PWY:_dTDP-&beta;-L-rhamnose_biosynthesis	PWY-7790:_UMP_biosynthesis_II	8	0.38095238095238093	0.6621023210987559
DTDPRHAMSYN-PWY:_dTDP-&beta;-L-rhamnose_biosynthesis	PWY-7791:_UMP_biosynthesis_III	8	0.38095238095238093	0.6882952729641464
DTDPRHAMSYN-PWY:_dTDP-&beta;-L-rhamnose_biosynthesis	PWY-7851:_coenzyme_A_biosynthesis_II_(eukaryotic)	7	0.4375	0.5860013090474301
DTDPRHAMSYN-PWY:_dTDP-&beta;-L-rhamnose_biosynthesis	PWY-7953:_UDP-N-acetylmuramoyl-pentapeptide_biosynthesis_III_(meso-diaminopimelate_containing)	5	0.2631578947368421	0.5920470441544448
DTDPRHAMSYN-PWY:_dTDP-&beta;-L-rhamnose_biosynthesis	PWY-7977:_L-methionine_biosynthesis_IV	6	0.5	0.6353273011920311
DTDPRHAMSYN-PWY:_dTDP-&beta;-L-rhamnose_biosynthesis	PWY-8178:_pentose_phosphate_pathway_(non-oxidative_branch)_II	3	0.1875	0.17572205951422137
DTDPRHAMSYN-PWY:_dTDP-&beta;-L-rhamnose_biosynthesis	PWY0-1296:_purine_ribonucleosides_degradation	5	0.3333333333333333	0.14276339556159823
DTDPRHAMSYN-PWY:_dTDP-&beta;-L-rhamnose_biosynthesis	PWY0-1319:_CDP-diacylglycerol_biosynthesis_II	6	0.42857142857142855	0.6119429349041345
DTDPRHAMSYN-PWY:_dTDP-&beta;-L-rhamnose_biosynthesis	PWY0-1586:_peptidoglycan_maturation_(meso-diaminopimelate_containing)	3	0.21428571428571427	0.5585692963051574
DTDPRHAMSYN-PWY:_dTDP-&beta;-L-rhamnose_biosynthesis	PWY0-162:_superpathway_of_pyrimidine_ribonucleotides_de_novo_biosynthesis	1	0.08333333333333333	0.1321152884318616
DTDPRHAMSYN-PWY:_dTDP-&beta;-L-rhamnose_biosynthesis	PWY0-845:_superpathway_of_pyridoxal_5'-phosphate_biosynthesis_and_salvage	1	0.08333333333333333	0.1380863161930267
DTDPRHAMSYN-PWY:_dTDP-&beta;-L-rhamnose_biosynthesis	PWY66-429:_fatty_acid_biosynthesis_initiation_(mitochondria)	5	0.29411764705882354	0.652500255048615
DTDPRHAMSYN-PWY:_dTDP-&beta;-L-rhamnose_biosynthesis	PYRIDNUCSYN-PWY:_NAD_de_novo_biosynthesis_I_(from_aspartate)	4	0.2857142857142857	0.6276782363397239
DTDPRHAMSYN-PWY:_dTDP-&beta;-L-rhamnose_biosynthesis	PYRIDOXSYN-PWY:_pyridoxal_5'-phosphate_biosynthesis_I	1	0.08333333333333333	0.13924098893027137
DTDPRHAMSYN-PWY:_dTDP-&beta;-L-rhamnose_biosynthesis	RHAMCAT-PWY:_L-rhamnose_degradation_I	4	0.3333333333333333	0.6343433662620108
DTDPRHAMSYN-PWY:_dTDP-&beta;-L-rhamnose_biosynthesis	RIBOSYN2-PWY:_flavin_biosynthesis_I_(bacteria_and_plants)	4	0.25	0.6691345128122795
DTDPRHAMSYN-PWY:_dTDP-&beta;-L-rhamnose_biosynthesis	SALVADEHYPOX-PWY:_adenosine_nucleotides_degradation_II	1	0.08333333333333333	0.04016517176106005
DTDPRHAMSYN-PWY:_dTDP-&beta;-L-rhamnose_biosynthesis	SER-GLYSYN-PWY:_superpathway_of_L-serine_and_glycine_biosynthesis_I	6	0.375	0.5558260898279268
DTDPRHAMSYN-PWY:_dTDP-&beta;-L-rhamnose_biosynthesis	THISYNARA-PWY:_superpathway_of_thiamine_diphosphate_biosynthesis_III_(eukaryotes)	1	0.07142857142857142	0.03715261559756444
DTDPRHAMSYN-PWY:_dTDP-&beta;-L-rhamnose_biosynthesis	THRESYN-PWY:_superpathway_of_L-threonine_biosynthesis	2	0.15384615384615385	0.4927216493019705
DTDPRHAMSYN-PWY:_dTDP-&beta;-L-rhamnose_biosynthesis	TRNA-CHARGING-PWY:_tRNA_charging	5	0.35714285714285715	0.6343014308401008
DTDPRHAMSYN-PWY:_dTDP-&beta;-L-rhamnose_biosynthesis	VALSYN-PWY:_L-valine_biosynthesis	8	0.3076923076923077	0.6510148581858867
GALACTARDEG-PWY:_D-galactarate_degradation_I	GLUCARGALACTSUPER-PWY:_superpathway_of_D-glucarate_and_D-galactarate_degradation	1	1.0	1.0
GALACTARDEG-PWY:_D-galactarate_degradation_I	GOLPDLCAT-PWY:_superpathway_of_glycerol_degradation_to_1,3-propanediol	1	1.0	0.9886974244950899
GALACTARDEG-PWY:_D-galactarate_degradation_I	NONOXIPENT-PWY:_pentose_phosphate_pathway_(non-oxidative_branch)_I	1	0.14285714285714285	0.034630874341420426
GALACTARDEG-PWY:_D-galactarate_degradation_I	PWY-5667:_CDP-diacylglycerol_biosynthesis_I	1	0.125	0.007594221645944033
GALACTARDEG-PWY:_D-galactarate_degradation_I	PWY-6122:_5-aminoimidazole_ribonucleotide_biosynthesis_II	1	0.041666666666666664	0.008172930689889113
GALACTARDEG-PWY:_D-galactarate_degradation_I	PWY-6277:_superpathway_of_5-aminoimidazole_ribonucleotide_biosynthesis	1	0.041666666666666664	0.008172930689889113
GALACTARDEG-PWY:_D-galactarate_degradation_I	PWY-6588:_pyruvate_fermentation_to_acetone	1	1.0	0.7632385750879818
GALACTARDEG-PWY:_D-galactarate_degradation_I	PWY-6609:_adenine_and_adenosine_salvage_III	1	0.058823529411764705	0.006718073902990396
GALACTARDEG-PWY:_D-galactarate_degradation_I	PWY-6876:_isopropanol_biosynthesis_(engineered)	1	1.0	0.8512486530427056
GALACTARDEG-PWY:_D-galactarate_degradation_I	PWY-7111:_pyruvate_fermentation_to_isobutanol_(engineered)	1	0.125	0.09920705792611173
GALACTARDEG-PWY:_D-galactarate_degradation_I	PWY-7237:_myo-,_chiro-_and_scyllo-inositol_degradation	1	0.1	0.040142460111391665
GALACTARDEG-PWY:_D-galactarate_degradation_I	PWY0-1319:_CDP-diacylglycerol_biosynthesis_II	1	0.125	0.007594221645944033
GALACTARDEG-PWY:_D-galactarate_degradation_I	PWY0-1477:_ethanolamine_utilization	1	1.0	0.7576936101651778
GALACTARDEG-PWY:_D-galactarate_degradation_I	VALSYN-PWY:_L-valine_biosynthesis	1	0.045454545454545456	0.007174962276116248
GALACTUROCAT-PWY:_D-galacturonate_degradation_I	GLCMANNANAUT-PWY:_superpathway_of_N-acetylglucosamine,_N-acetylmannosamine_and_N-acetylneuraminate_degradation	1	0.3333333333333333	0.726951640213455
GALACTUROCAT-PWY:_D-galacturonate_degradation_I	GLUCUROCAT-PWY:_superpathway_of_&beta;-D-glucuronosides_degradation	1	0.5	0.7789589421136957
GALACTUROCAT-PWY:_D-galacturonate_degradation_I	GLUTORN-PWY:_L-ornithine_biosynthesis_I	1	0.1111111111111111	0.6534428925385765
GALACTUROCAT-PWY:_D-galacturonate_degradation_I	GLYCOGENSYNTH-PWY:_glycogen_biosynthesis_I_(from_ADP-D-Glucose)	1	0.06666666666666667	0.3169633285949436
GALACTUROCAT-PWY:_D-galacturonate_degradation_I	HISDEG-PWY:_L-histidine_degradation_I	1	0.2	0.03332529170086551
GALACTUROCAT-PWY:_D-galacturonate_degradation_I	HISTSYN-PWY:_L-histidine_biosynthesis	2	0.4	0.15794710094665
GALACTUROCAT-PWY:_D-galacturonate_degradation_I	PEPTIDOGLYCANSYN-PWY:_peptidoglycan_biosynthesis_I_(meso-diaminopimelate_containing)	1	0.07142857142857142	0.13994266019135415
GALACTUROCAT-PWY:_D-galacturonate_degradation_I	PWY-1042:_glycolysis_IV	2	0.15384615384615385	0.1335279419185751
GALACTUROCAT-PWY:_D-galacturonate_degradation_I	PWY-1269:_CMP-3-deoxy-D-manno-octulosonate_biosynthesis	1	0.3333333333333333	0.14105620292970356
GALACTUROCAT-PWY:_D-galacturonate_degradation_I	PWY-2942:_L-lysine_biosynthesis_III	1	0.16666666666666666	0.04157291737630531
GALACTUROCAT-PWY:_D-galacturonate_degradation_I	PWY-5030:_L-histidine_degradation_III	1	0.2	0.03185053818115724
GALACTUROCAT-PWY:_D-galacturonate_degradation_I	PWY-5097:_L-lysine_biosynthesis_VI	1	0.16666666666666666	0.17234808597594398
GALACTUROCAT-PWY:_D-galacturonate_degradation_I	PWY-5659:_GDP-mannose_biosynthesis	2	0.5	0.6309530051844767
GALACTUROCAT-PWY:_D-galacturonate_degradation_I	PWY-5667:_CDP-diacylglycerol_biosynthesis_I	1	0.1111111111111111	0.1746438861386277
GALACTUROCAT-PWY:_D-galacturonate_degradation_I	PWY-5686:_UMP_biosynthesis_I	1	0.05555555555555555	0.16033566108717567
GALACTUROCAT-PWY:_D-galacturonate_degradation_I	PWY-5695:_inosine_5'-phosphate_degradation	2	0.16666666666666666	0.1126281906296368
GALACTUROCAT-PWY:_D-galacturonate_degradation_I	PWY-5941:_glycogen_degradation_II	1	0.125	0.6370932257403115
GALACTUROCAT-PWY:_D-galacturonate_degradation_I	PWY-6121:_5-aminoimidazole_ribonucleotide_biosynthesis_I	2	0.1	0.17151872308343963
GALACTUROCAT-PWY:_D-galacturonate_degradation_I	PWY-6122:_5-aminoimidazole_ribonucleotide_biosynthesis_II	2	0.08333333333333333	0.17806458124823854
GALACTUROCAT-PWY:_D-galacturonate_degradation_I	PWY-6123:_inosine-5'-phosphate_biosynthesis_I	1	0.125	0.1504973202403047
GALACTUROCAT-PWY:_D-galacturonate_degradation_I	PWY-6124:_inosine-5'-phosphate_biosynthesis_II	1	0.09090909090909091	0.16090923689076964
GALACTUROCAT-PWY:_D-galacturonate_degradation_I	PWY-6151:_S-adenosyl-L-methionine_salvage_I	1	0.06666666666666667	0.1452053097594852
GALACTUROCAT-PWY:_D-galacturonate_degradation_I	PWY-6163:_chorismate_biosynthesis_from_3-dehydroquinate	2	0.125	0.18533922412696024
GALACTUROCAT-PWY:_D-galacturonate_degradation_I	PWY-6277:_superpathway_of_5-aminoimidazole_ribonucleotide_biosynthesis	2	0.08333333333333333	0.17806458124823854
GALACTUROCAT-PWY:_D-galacturonate_degradation_I	PWY-6317:_D-galactose_degradation_I_(Leloir_pathway)	1	0.1111111111111111	0.564597804599843
GALACTUROCAT-PWY:_D-galacturonate_degradation_I	PWY-6385:_peptidoglycan_biosynthesis_III_(mycobacteria)	1	0.07142857142857142	0.06269453661089774
GALACTUROCAT-PWY:_D-galacturonate_degradation_I	PWY-6386:_UDP-N-acetylmuramoyl-pentapeptide_biosynthesis_II_(lysine-containing)	1	0.08333333333333333	0.16264398725491835
GALACTUROCAT-PWY:_D-galacturonate_degradation_I	PWY-6387:_UDP-N-acetylmuramoyl-pentapeptide_biosynthesis_I_(meso-diaminopimelate_containing)	1	0.0625	0.14023210582799162
GALACTUROCAT-PWY:_D-galacturonate_degradation_I	PWY-6507:_4-deoxy-L-threo-hex-4-enopyranuronate_degradation	1	0.5	0.885601694159627
GALACTUROCAT-PWY:_D-galacturonate_degradation_I	PWY-6527:_stachyose_degradation	1	0.1111111111111111	0.18785978985352036
GALACTUROCAT-PWY:_D-galacturonate_degradation_I	PWY-6608:_guanosine_nucleotides_degradation_III	1	0.3333333333333333	0.5157288654618404
GALACTUROCAT-PWY:_D-galacturonate_degradation_I	PWY-6609:_adenine_and_adenosine_salvage_III	2	0.11764705882352941	0.17395312492961024
GALACTUROCAT-PWY:_D-galacturonate_degradation_I	PWY-6700:_queuosine_biosynthesis_I_(de_novo)	1	0.05263157894736842	0.10756178966720942
GALACTUROCAT-PWY:_D-galacturonate_degradation_I	PWY-6823:_molybdopterin_biosynthesis	1	0.125	0.6632282046079842
GALACTUROCAT-PWY:_D-galacturonate_degradation_I	PWY-6897:_thiamine_diphosphate_salvage_II	1	0.25	0.8163454217245235
GALACTUROCAT-PWY:_D-galacturonate_degradation_I	PWY-7111:_pyruvate_fermentation_to_isobutanol_(engineered)	1	0.1111111111111111	0.1866380885845076
GALACTUROCAT-PWY:_D-galacturonate_degradation_I	PWY-7221:_guanosine_ribonucleotides_de_novo_biosynthesis	2	0.125	0.16775288380134257
GALACTUROCAT-PWY:_D-galacturonate_degradation_I	PWY-7237:_myo-,_chiro-_and_scyllo-inositol_degradation	1	0.09090909090909091	0.5765916645157704
GALACTUROCAT-PWY:_D-galacturonate_degradation_I	PWY-7238:_sucrose_biosynthesis_II	1	0.07142857142857142	0.39819267357323573
GALACTUROCAT-PWY:_D-galacturonate_degradation_I	PWY-7242:_D-fructuronate_degradation	1	0.5	0.8693098815751341
GALACTUROCAT-PWY:_D-galacturonate_degradation_I	PWY-724:_superpathway_of_L-lysine,_L-threonine_and_L-methionine_biosynthesis_II	1	0.5	0.558511069073004
GALACTUROCAT-PWY:_D-galacturonate_degradation_I	PWY-7357:_thiamine_phosphate_formation_from_pyrithiamine_and_oxythiamine_(yeast)	1	0.16666666666666666	0.8106304977348002
GALACTUROCAT-PWY:_D-galacturonate_degradation_I	PWY-7790:_UMP_biosynthesis_II	1	0.05555555555555555	0.16081271598919333
GALACTUROCAT-PWY:_D-galacturonate_degradation_I	PWY-7791:_UMP_biosynthesis_III	1	0.05555555555555555	0.15302629659694145
GALACTUROCAT-PWY:_D-galacturonate_degradation_I	PWY-7851:_coenzyme_A_biosynthesis_II_(eukaryotic)	1	0.08333333333333333	0.13595316882886332
GALACTUROCAT-PWY:_D-galacturonate_degradation_I	PWY-7977:_L-methionine_biosynthesis_IV	2	0.3333333333333333	0.1401610091440294
GALACTUROCAT-PWY:_D-galacturonate_degradation_I	PWY0-1296:_purine_ribonucleosides_degradation	1	0.1111111111111111	0.6059833844388558
GALACTUROCAT-PWY:_D-galacturonate_degradation_I	PWY0-1319:_CDP-diacylglycerol_biosynthesis_II	1	0.1111111111111111	0.1746438861386277
GALACTUROCAT-PWY:_D-galacturonate_degradation_I	PWY0-1586:_peptidoglycan_maturation_(meso-diaminopimelate_containing)	1	0.16666666666666666	0.03719811102963699
GALACTUROCAT-PWY:_D-galacturonate_degradation_I	PYRIDNUCSYN-PWY:_NAD_de_novo_biosynthesis_I_(from_aspartate)	1	0.14285714285714285	0.03377229966128947
GALACTUROCAT-PWY:_D-galacturonate_degradation_I	RIBOSYN2-PWY:_flavin_biosynthesis_I_(bacteria_and_plants)	1	0.1111111111111111	0.1583444128409428
GALACTUROCAT-PWY:_D-galacturonate_degradation_I	SALVADEHYPOX-PWY:_adenosine_nucleotides_degradation_II	1	0.5	0.5219782107727479
GALACTUROCAT-PWY:_D-galacturonate_degradation_I	SER-GLYSYN-PWY:_superpathway_of_L-serine_and_glycine_biosynthesis_I	1	0.09090909090909091	0.03884620867810651
GALACTUROCAT-PWY:_D-galacturonate_degradation_I	THISYNARA-PWY:_superpathway_of_thiamine_diphosphate_biosynthesis_III_(eukaryotes)	1	0.25	0.4719105514327321
GALACTUROCAT-PWY:_D-galacturonate_degradation_I	THRESYN-PWY:_superpathway_of_L-threonine_biosynthesis	1	0.25	0.08905607996073661
GALACTUROCAT-PWY:_D-galacturonate_degradation_I	TRNA-CHARGING-PWY:_tRNA_charging	2	0.2857142857142857	0.2094865931485701
GALACTUROCAT-PWY:_D-galacturonate_degradation_I	VALSYN-PWY:_L-valine_biosynthesis	1	0.043478260869565216	0.15770474777106602
GLCMANNANAUT-PWY:_superpathway_of_N-acetylglucosamine,_N-acetylmannosamine_and_N-acetylneuraminate_degradation	GLUCUROCAT-PWY:_superpathway_of_&beta;-D-glucuronosides_degradation	1	0.5	0.9332508679441716
GLCMANNANAUT-PWY:_superpathway_of_N-acetylglucosamine,_N-acetylmannosamine_and_N-acetylneuraminate_degradation	GLUTORN-PWY:_L-ornithine_biosynthesis_I	1	0.1111111111111111	0.6273614147546946
GLCMANNANAUT-PWY:_superpathway_of_N-acetylglucosamine,_N-acetylmannosamine_and_N-acetylneuraminate_degradation	GLYCOGENSYNTH-PWY:_glycogen_biosynthesis_I_(from_ADP-D-Glucose)	2	0.14285714285714285	0.25732895025819313
GLCMANNANAUT-PWY:_superpathway_of_N-acetylglucosamine,_N-acetylmannosamine_and_N-acetylneuraminate_degradation	HISTSYN-PWY:_L-histidine_biosynthesis	1	0.16666666666666666	0.1354118448795243
GLCMANNANAUT-PWY:_superpathway_of_N-acetylglucosamine,_N-acetylmannosamine_and_N-acetylneuraminate_degradation	ILEUSYN-PWY:_L-isoleucine_biosynthesis_I_(from_threonine)	1	0.07692307692307693	0.03174137117636866
GLCMANNANAUT-PWY:_superpathway_of_N-acetylglucosamine,_N-acetylmannosamine_and_N-acetylneuraminate_degradation	PEPTIDOGLYCANSYN-PWY:_peptidoglycan_biosynthesis_I_(meso-diaminopimelate_containing)	1	0.07142857142857142	0.12517359281238938
GLCMANNANAUT-PWY:_superpathway_of_N-acetylglucosamine,_N-acetylmannosamine_and_N-acetylneuraminate_degradation	PWY-1042:_glycolysis_IV	1	0.07142857142857142	0.08146121458933131
GLCMANNANAUT-PWY:_superpathway_of_N-acetylglucosamine,_N-acetylmannosamine_and_N-acetylneuraminate_degradation	PWY-5097:_L-lysine_biosynthesis_VI	1	0.16666666666666666	0.16058184483111848
GLCMANNANAUT-PWY:_superpathway_of_N-acetylglucosamine,_N-acetylmannosamine_and_N-acetylneuraminate_degradation	PWY-5103:_L-isoleucine_biosynthesis_III	1	0.07692307692307693	0.03381131806260662
GLCMANNANAUT-PWY:_superpathway_of_N-acetylglucosamine,_N-acetylmannosamine_and_N-acetylneuraminate_degradation	PWY-5659:_GDP-mannose_biosynthesis	1	0.2	0.569489148393775
GLCMANNANAUT-PWY:_superpathway_of_N-acetylglucosamine,_N-acetylmannosamine_and_N-acetylneuraminate_degradation	PWY-5667:_CDP-diacylglycerol_biosynthesis_I	1	0.1111111111111111	0.14172723842545043
GLCMANNANAUT-PWY:_superpathway_of_N-acetylglucosamine,_N-acetylmannosamine_and_N-acetylneuraminate_degradation	PWY-5686:_UMP_biosynthesis_I	2	0.11764705882352941	0.12563032292647158
GLCMANNANAUT-PWY:_superpathway_of_N-acetylglucosamine,_N-acetylmannosamine_and_N-acetylneuraminate_degradation	PWY-5695:_inosine_5'-phosphate_degradation	2	0.16666666666666666	0.0949333054277054
GLCMANNANAUT-PWY:_superpathway_of_N-acetylglucosamine,_N-acetylmannosamine_and_N-acetylneuraminate_degradation	PWY-5941:_glycogen_degradation_II	1	0.125	0.5211965109171224
GLCMANNANAUT-PWY:_superpathway_of_N-acetylglucosamine,_N-acetylmannosamine_and_N-acetylneuraminate_degradation	PWY-6121:_5-aminoimidazole_ribonucleotide_biosynthesis_I	2	0.1	0.13464136317169229
GLCMANNANAUT-PWY:_superpathway_of_N-acetylglucosamine,_N-acetylmannosamine_and_N-acetylneuraminate_degradation	PWY-6122:_5-aminoimidazole_ribonucleotide_biosynthesis_II	2	0.08333333333333333	0.13691935590099968
GLCMANNANAUT-PWY:_superpathway_of_N-acetylglucosamine,_N-acetylmannosamine_and_N-acetylneuraminate_degradation	PWY-6123:_inosine-5'-phosphate_biosynthesis_I	1	0.125	0.1356601985892144
GLCMANNANAUT-PWY:_superpathway_of_N-acetylglucosamine,_N-acetylmannosamine_and_N-acetylneuraminate_degradation	PWY-6124:_inosine-5'-phosphate_biosynthesis_II	1	0.09090909090909091	0.13158739987580448
GLCMANNANAUT-PWY:_superpathway_of_N-acetylglucosamine,_N-acetylmannosamine_and_N-acetylneuraminate_degradation	PWY-6151:_S-adenosyl-L-methionine_salvage_I	2	0.14285714285714285	0.14694281152493394
GLCMANNANAUT-PWY:_superpathway_of_N-acetylglucosamine,_N-acetylmannosamine_and_N-acetylneuraminate_degradation	PWY-6163:_chorismate_biosynthesis_from_3-dehydroquinate	1	0.058823529411764705	0.11617520588575236
GLCMANNANAUT-PWY:_superpathway_of_N-acetylglucosamine,_N-acetylmannosamine_and_N-acetylneuraminate_degradation	PWY-6277:_superpathway_of_5-aminoimidazole_ribonucleotide_biosynthesis	2	0.08333333333333333	0.13691935590099968
GLCMANNANAUT-PWY:_superpathway_of_N-acetylglucosamine,_N-acetylmannosamine_and_N-acetylneuraminate_degradation	PWY-6317:_D-galactose_degradation_I_(Leloir_pathway)	1	0.1111111111111111	0.6241973862162291
GLCMANNANAUT-PWY:_superpathway_of_N-acetylglucosamine,_N-acetylmannosamine_and_N-acetylneuraminate_degradation	PWY-6385:_peptidoglycan_biosynthesis_III_(mycobacteria)	1	0.07142857142857142	0.06534344454876229
GLCMANNANAUT-PWY:_superpathway_of_N-acetylglucosamine,_N-acetylmannosamine_and_N-acetylneuraminate_degradation	PWY-6386:_UDP-N-acetylmuramoyl-pentapeptide_biosynthesis_II_(lysine-containing)	1	0.08333333333333333	0.12978195633763
GLCMANNANAUT-PWY:_superpathway_of_N-acetylglucosamine,_N-acetylmannosamine_and_N-acetylneuraminate_degradation	PWY-6387:_UDP-N-acetylmuramoyl-pentapeptide_biosynthesis_I_(meso-diaminopimelate_containing)	1	0.0625	0.1215042436590068
GLCMANNANAUT-PWY:_superpathway_of_N-acetylglucosamine,_N-acetylmannosamine_and_N-acetylneuraminate_degradation	PWY-6507:_4-deoxy-L-threo-hex-4-enopyranuronate_degradation	1	0.5	0.8311374352911616
GLCMANNANAUT-PWY:_superpathway_of_N-acetylglucosamine,_N-acetylmannosamine_and_N-acetylneuraminate_degradation	PWY-6527:_stachyose_degradation	1	0.1111111111111111	0.23547298987488918
GLCMANNANAUT-PWY:_superpathway_of_N-acetylglucosamine,_N-acetylmannosamine_and_N-acetylneuraminate_degradation	PWY-6608:_guanosine_nucleotides_degradation_III	1	0.3333333333333333	0.6907960563087693
GLCMANNANAUT-PWY:_superpathway_of_N-acetylglucosamine,_N-acetylmannosamine_and_N-acetylneuraminate_degradation	PWY-6609:_adenine_and_adenosine_salvage_III	1	0.05555555555555555	0.10832874121294811
GLCMANNANAUT-PWY:_superpathway_of_N-acetylglucosamine,_N-acetylmannosamine_and_N-acetylneuraminate_degradation	PWY-6700:_queuosine_biosynthesis_I_(de_novo)	1	0.05263157894736842	0.1113703983293276
GLCMANNANAUT-PWY:_superpathway_of_N-acetylglucosamine,_N-acetylmannosamine_and_N-acetylneuraminate_degradation	PWY-6823:_molybdopterin_biosynthesis	1	0.125	0.7445373454079685
GLCMANNANAUT-PWY:_superpathway_of_N-acetylglucosamine,_N-acetylmannosamine_and_N-acetylneuraminate_degradation	PWY-6897:_thiamine_diphosphate_salvage_II	1	0.25	0.8069912224988284
GLCMANNANAUT-PWY:_superpathway_of_N-acetylglucosamine,_N-acetylmannosamine_and_N-acetylneuraminate_degradation	PWY-7111:_pyruvate_fermentation_to_isobutanol_(engineered)	2	0.25	0.30348590020048205
GLCMANNANAUT-PWY:_superpathway_of_N-acetylglucosamine,_N-acetylmannosamine_and_N-acetylneuraminate_degradation	PWY-7221:_guanosine_ribonucleotides_de_novo_biosynthesis	1	0.058823529411764705	0.11451088214102068
GLCMANNANAUT-PWY:_superpathway_of_N-acetylglucosamine,_N-acetylmannosamine_and_N-acetylneuraminate_degradation	PWY-7237:_myo-,_chiro-_and_scyllo-inositol_degradation	2	0.2	0.5448322510262852
GLCMANNANAUT-PWY:_superpathway_of_N-acetylglucosamine,_N-acetylmannosamine_and_N-acetylneuraminate_degradation	PWY-7238:_sucrose_biosynthesis_II	1	0.07142857142857142	0.30747700821612023
GLCMANNANAUT-PWY:_superpathway_of_N-acetylglucosamine,_N-acetylmannosamine_and_N-acetylneuraminate_degradation	PWY-7242:_D-fructuronate_degradation	1	0.5	0.8464163766120565
GLCMANNANAUT-PWY:_superpathway_of_N-acetylglucosamine,_N-acetylmannosamine_and_N-acetylneuraminate_degradation	PWY-724:_superpathway_of_L-lysine,_L-threonine_and_L-methionine_biosynthesis_II	1	0.5	0.7557857977072402
GLCMANNANAUT-PWY:_superpathway_of_N-acetylglucosamine,_N-acetylmannosamine_and_N-acetylneuraminate_degradation	PWY-7357:_thiamine_phosphate_formation_from_pyrithiamine_and_oxythiamine_(yeast)	1	0.16666666666666666	0.6930940280746263
GLCMANNANAUT-PWY:_superpathway_of_N-acetylglucosamine,_N-acetylmannosamine_and_N-acetylneuraminate_degradation	PWY-7790:_UMP_biosynthesis_II	2	0.11764705882352941	0.1260174900532487
GLCMANNANAUT-PWY:_superpathway_of_N-acetylglucosamine,_N-acetylmannosamine_and_N-acetylneuraminate_degradation	PWY-7791:_UMP_biosynthesis_III	2	0.11764705882352941	0.11970846365662835
GLCMANNANAUT-PWY:_superpathway_of_N-acetylglucosamine,_N-acetylmannosamine_and_N-acetylneuraminate_degradation	PWY-7851:_coenzyme_A_biosynthesis_II_(eukaryotic)	1	0.08333333333333333	0.14203228095628173
GLCMANNANAUT-PWY:_superpathway_of_N-acetylglucosamine,_N-acetylmannosamine_and_N-acetylneuraminate_degradation	PWY-7977:_L-methionine_biosynthesis_IV	1	0.14285714285714285	0.10981454233629184
GLCMANNANAUT-PWY:_superpathway_of_N-acetylglucosamine,_N-acetylmannosamine_and_N-acetylneuraminate_degradation	PWY-8178:_pentose_phosphate_pathway_(non-oxidative_branch)_II	1	0.125	0.023358259351435318
GLCMANNANAUT-PWY:_superpathway_of_N-acetylglucosamine,_N-acetylmannosamine_and_N-acetylneuraminate_degradation	PWY-I9:_L-cysteine_biosynthesis_VI_(from_L-methionine)	1	0.5	0.013473454882853564
GLCMANNANAUT-PWY:_superpathway_of_N-acetylglucosamine,_N-acetylmannosamine_and_N-acetylneuraminate_degradation	PWY0-1296:_purine_ribonucleosides_degradation	1	0.1111111111111111	0.49193781871136233
GLCMANNANAUT-PWY:_superpathway_of_N-acetylglucosamine,_N-acetylmannosamine_and_N-acetylneuraminate_degradation	PWY0-1319:_CDP-diacylglycerol_biosynthesis_II	1	0.1111111111111111	0.14172723842545043
GLCMANNANAUT-PWY:_superpathway_of_N-acetylglucosamine,_N-acetylmannosamine_and_N-acetylneuraminate_degradation	PWY0-1586:_peptidoglycan_maturation_(meso-diaminopimelate_containing)	1	0.16666666666666666	0.0389822959735614
GLCMANNANAUT-PWY:_superpathway_of_N-acetylglucosamine,_N-acetylmannosamine_and_N-acetylneuraminate_degradation	RIBOSYN2-PWY:_flavin_biosynthesis_I_(bacteria_and_plants)	1	0.1111111111111111	0.1252386022157307
GLCMANNANAUT-PWY:_superpathway_of_N-acetylglucosamine,_N-acetylmannosamine_and_N-acetylneuraminate_degradation	SALVADEHYPOX-PWY:_adenosine_nucleotides_degradation_II	1	0.5	0.7127292034470956
GLCMANNANAUT-PWY:_superpathway_of_N-acetylglucosamine,_N-acetylmannosamine_and_N-acetylneuraminate_degradation	THISYNARA-PWY:_superpathway_of_thiamine_diphosphate_biosynthesis_III_(eukaryotes)	1	0.25	0.6386479278984494
GLCMANNANAUT-PWY:_superpathway_of_N-acetylglucosamine,_N-acetylmannosamine_and_N-acetylneuraminate_degradation	THRESYN-PWY:_superpathway_of_L-threonine_biosynthesis	1	0.25	0.09416445440208554
GLCMANNANAUT-PWY:_superpathway_of_N-acetylglucosamine,_N-acetylmannosamine_and_N-acetylneuraminate_degradation	TRNA-CHARGING-PWY:_tRNA_charging	1	0.125	0.13280539804711133
GLCMANNANAUT-PWY:_superpathway_of_N-acetylglucosamine,_N-acetylmannosamine_and_N-acetylneuraminate_degradation	VALSYN-PWY:_L-valine_biosynthesis	2	0.09090909090909091	0.12350062122807348
GLUCARGALACTSUPER-PWY:_superpathway_of_D-glucarate_and_D-galactarate_degradation	GOLPDLCAT-PWY:_superpathway_of_glycerol_degradation_to_1,3-propanediol	1	1.0	0.9886974244950899
GLUCARGALACTSUPER-PWY:_superpathway_of_D-glucarate_and_D-galactarate_degradation	NONOXIPENT-PWY:_pentose_phosphate_pathway_(non-oxidative_branch)_I	1	0.14285714285714285	0.034630874341420426
GLUCARGALACTSUPER-PWY:_superpathway_of_D-glucarate_and_D-galactarate_degradation	PWY-5667:_CDP-diacylglycerol_biosynthesis_I	1	0.125	0.007594221645944033
GLUCARGALACTSUPER-PWY:_superpathway_of_D-glucarate_and_D-galactarate_degradation	PWY-6122:_5-aminoimidazole_ribonucleotide_biosynthesis_II	1	0.041666666666666664	0.008172930689889113
GLUCARGALACTSUPER-PWY:_superpathway_of_D-glucarate_and_D-galactarate_degradation	PWY-6277:_superpathway_of_5-aminoimidazole_ribonucleotide_biosynthesis	1	0.041666666666666664	0.008172930689889113
GLUCARGALACTSUPER-PWY:_superpathway_of_D-glucarate_and_D-galactarate_degradation	PWY-6588:_pyruvate_fermentation_to_acetone	1	1.0	0.7632385750879818
GLUCARGALACTSUPER-PWY:_superpathway_of_D-glucarate_and_D-galactarate_degradation	PWY-6609:_adenine_and_adenosine_salvage_III	1	0.058823529411764705	0.006718073902990396
GLUCARGALACTSUPER-PWY:_superpathway_of_D-glucarate_and_D-galactarate_degradation	PWY-6876:_isopropanol_biosynthesis_(engineered)	1	1.0	0.8512486530427056
GLUCARGALACTSUPER-PWY:_superpathway_of_D-glucarate_and_D-galactarate_degradation	PWY-7111:_pyruvate_fermentation_to_isobutanol_(engineered)	1	0.125	0.09920705792611173
GLUCARGALACTSUPER-PWY:_superpathway_of_D-glucarate_and_D-galactarate_degradation	PWY-7237:_myo-,_chiro-_and_scyllo-inositol_degradation	1	0.1	0.040142460111391665
GLUCARGALACTSUPER-PWY:_superpathway_of_D-glucarate_and_D-galactarate_degradation	PWY0-1319:_CDP-diacylglycerol_biosynthesis_II	1	0.125	0.007594221645944033
GLUCARGALACTSUPER-PWY:_superpathway_of_D-glucarate_and_D-galactarate_degradation	PWY0-1477:_ethanolamine_utilization	1	1.0	0.7576936101651778
GLUCARGALACTSUPER-PWY:_superpathway_of_D-glucarate_and_D-galactarate_degradation	VALSYN-PWY:_L-valine_biosynthesis	1	0.045454545454545456	0.007174962276116248
GLUCUROCAT-PWY:_superpathway_of_&beta;-D-glucuronosides_degradation	GLUTORN-PWY:_L-ornithine_biosynthesis_I	1	0.125	0.6722494362961005
GLUCUROCAT-PWY:_superpathway_of_&beta;-D-glucuronosides_degradation	GLYCOGENSYNTH-PWY:_glycogen_biosynthesis_I_(from_ADP-D-Glucose)	1	0.07142857142857142	0.257363749402058
GLUCUROCAT-PWY:_superpathway_of_&beta;-D-glucuronosides_degradation	HISTSYN-PWY:_L-histidine_biosynthesis	1	0.2	0.13541020443888785
GLUCUROCAT-PWY:_superpathway_of_&beta;-D-glucuronosides_degradation	PEPTIDOGLYCANSYN-PWY:_peptidoglycan_biosynthesis_I_(meso-diaminopimelate_containing)	1	0.07692307692307693	0.13413542620905894
GLUCUROCAT-PWY:_superpathway_of_&beta;-D-glucuronosides_degradation	PWY-1042:_glycolysis_IV	1	0.07692307692307693	0.08729376705046876
GLUCUROCAT-PWY:_superpathway_of_&beta;-D-glucuronosides_degradation	PWY-5097:_L-lysine_biosynthesis_VI	1	0.2	0.1720782339206307
GLUCUROCAT-PWY:_superpathway_of_&beta;-D-glucuronosides_degradation	PWY-5659:_GDP-mannose_biosynthesis	1	0.25	0.5694485660799193
GLUCUROCAT-PWY:_superpathway_of_&beta;-D-glucuronosides_degradation	PWY-5667:_CDP-diacylglycerol_biosynthesis_I	1	0.125	0.15187402501725566
GLUCUROCAT-PWY:_superpathway_of_&beta;-D-glucuronosides_degradation	PWY-5686:_UMP_biosynthesis_I	1	0.058823529411764705	0.12565267980635364
GLUCUROCAT-PWY:_superpathway_of_&beta;-D-glucuronosides_degradation	PWY-5695:_inosine_5'-phosphate_degradation	1	0.08333333333333333	0.08692801660233285
GLUCUROCAT-PWY:_superpathway_of_&beta;-D-glucuronosides_degradation	PWY-5941:_glycogen_degradation_II	1	0.14285714285714285	0.5584933104019135
GLUCUROCAT-PWY:_superpathway_of_&beta;-D-glucuronosides_degradation	PWY-6121:_5-aminoimidazole_ribonucleotide_biosynthesis_I	1	0.05	0.1370274411791622
GLUCUROCAT-PWY:_superpathway_of_&beta;-D-glucuronosides_degradation	PWY-6122:_5-aminoimidazole_ribonucleotide_biosynthesis_II	1	0.041666666666666664	0.13956554772270224
GLUCUROCAT-PWY:_superpathway_of_&beta;-D-glucuronosides_degradation	PWY-6123:_inosine-5'-phosphate_biosynthesis_I	1	0.14285714285714285	0.14537269628952798
GLUCUROCAT-PWY:_superpathway_of_&beta;-D-glucuronosides_degradation	PWY-6124:_inosine-5'-phosphate_biosynthesis_II	1	0.1	0.14100835613090468
GLUCUROCAT-PWY:_superpathway_of_&beta;-D-glucuronosides_degradation	PWY-6151:_S-adenosyl-L-methionine_salvage_I	1	0.07142857142857142	0.15160646988412174
GLUCUROCAT-PWY:_superpathway_of_&beta;-D-glucuronosides_degradation	PWY-6163:_chorismate_biosynthesis_from_3-dehydroquinate	1	0.0625	0.12449289075444936
GLUCUROCAT-PWY:_superpathway_of_&beta;-D-glucuronosides_degradation	PWY-6277:_superpathway_of_5-aminoimidazole_ribonucleotide_biosynthesis	1	0.041666666666666664	0.13956554772270224
GLUCUROCAT-PWY:_superpathway_of_&beta;-D-glucuronosides_degradation	PWY-6317:_D-galactose_degradation_I_(Leloir_pathway)	1	0.125	0.6688591958922931
GLUCUROCAT-PWY:_superpathway_of_&beta;-D-glucuronosides_degradation	PWY-6385:_peptidoglycan_biosynthesis_III_(mycobacteria)	1	0.07692307692307693	0.06534268986878433
GLUCUROCAT-PWY:_superpathway_of_&beta;-D-glucuronosides_degradation	PWY-6386:_UDP-N-acetylmuramoyl-pentapeptide_biosynthesis_II_(lysine-containing)	1	0.09090909090909091	0.13907367333822185
GLUCUROCAT-PWY:_superpathway_of_&beta;-D-glucuronosides_degradation	PWY-6387:_UDP-N-acetylmuramoyl-pentapeptide_biosynthesis_I_(meso-diaminopimelate_containing)	1	0.06666666666666667	0.1302034088465921
GLUCUROCAT-PWY:_superpathway_of_&beta;-D-glucuronosides_degradation	PWY-6507:_4-deoxy-L-threo-hex-4-enopyranuronate_degradation	1	1.0	0.8905906439233101
GLUCUROCAT-PWY:_superpathway_of_&beta;-D-glucuronosides_degradation	PWY-6527:_stachyose_degradation	1	0.125	0.23545667689876582
GLUCUROCAT-PWY:_superpathway_of_&beta;-D-glucuronosides_degradation	PWY-6608:_guanosine_nucleotides_degradation_III	1	0.5	0.6907319616961296
GLUCUROCAT-PWY:_superpathway_of_&beta;-D-glucuronosides_degradation	PWY-6609:_adenine_and_adenosine_salvage_III	1	0.058823529411764705	0.11608472600398301
GLUCUROCAT-PWY:_superpathway_of_&beta;-D-glucuronosides_degradation	PWY-6700:_queuosine_biosynthesis_I_(de_novo)	1	0.05555555555555555	0.11136932036955982
GLUCUROCAT-PWY:_superpathway_of_&beta;-D-glucuronosides_degradation	PWY-6823:_molybdopterin_biosynthesis	1	0.14285714285714285	0.7978015907818962
GLUCUROCAT-PWY:_superpathway_of_&beta;-D-glucuronosides_degradation	PWY-6897:_thiamine_diphosphate_salvage_II	1	0.3333333333333333	0.8647189318812767
GLUCUROCAT-PWY:_superpathway_of_&beta;-D-glucuronosides_degradation	PWY-7111:_pyruvate_fermentation_to_isobutanol_(engineered)	1	0.125	0.2383585197918543
GLUCUROCAT-PWY:_superpathway_of_&beta;-D-glucuronosides_degradation	PWY-7221:_guanosine_ribonucleotides_de_novo_biosynthesis	1	0.0625	0.12270942499830562
GLUCUROCAT-PWY:_superpathway_of_&beta;-D-glucuronosides_degradation	PWY-7237:_myo-,_chiro-_and_scyllo-inositol_degradation	1	0.1	0.5448937730586395
GLUCUROCAT-PWY:_superpathway_of_&beta;-D-glucuronosides_degradation	PWY-7238:_sucrose_biosynthesis_II	1	0.07692307692307693	0.3294859041328545
GLUCUROCAT-PWY:_superpathway_of_&beta;-D-glucuronosides_degradation	PWY-7242:_D-fructuronate_degradation	1	1.0	0.9069613716174344
GLUCUROCAT-PWY:_superpathway_of_&beta;-D-glucuronosides_degradation	PWY-724:_superpathway_of_L-lysine,_L-threonine_and_L-methionine_biosynthesis_II	1	1.0	0.7557128309379907
GLUCUROCAT-PWY:_superpathway_of_&beta;-D-glucuronosides_degradation	PWY-7357:_thiamine_phosphate_formation_from_pyrithiamine_and_oxythiamine_(yeast)	1	0.2	0.7426811919841989
GLUCUROCAT-PWY:_superpathway_of_&beta;-D-glucuronosides_degradation	PWY-7790:_UMP_biosynthesis_II	1	0.058823529411764705	0.12603991204554132
GLUCUROCAT-PWY:_superpathway_of_&beta;-D-glucuronosides_degradation	PWY-7791:_UMP_biosynthesis_III	1	0.058823529411764705	0.11972982171911561
GLUCUROCAT-PWY:_superpathway_of_&beta;-D-glucuronosides_degradation	PWY-7851:_coenzyme_A_biosynthesis_II_(eukaryotic)	1	0.09090909090909091	0.14203054491029976
GLUCUROCAT-PWY:_superpathway_of_&beta;-D-glucuronosides_degradation	PWY-7977:_L-methionine_biosynthesis_IV	1	0.16666666666666666	0.10981328854205474
GLUCUROCAT-PWY:_superpathway_of_&beta;-D-glucuronosides_degradation	PWY0-1296:_purine_ribonucleosides_degradation	1	0.125	0.5271421498089341
GLUCUROCAT-PWY:_superpathway_of_&beta;-D-glucuronosides_degradation	PWY0-1319:_CDP-diacylglycerol_biosynthesis_II	1	0.125	0.15187402501725566
GLUCUROCAT-PWY:_superpathway_of_&beta;-D-glucuronosides_degradation	PWY0-1586:_peptidoglycan_maturation_(meso-diaminopimelate_containing)	1	0.2	0.038981784869472014
GLUCUROCAT-PWY:_superpathway_of_&beta;-D-glucuronosides_degradation	RIBOSYN2-PWY:_flavin_biosynthesis_I_(bacteria_and_plants)	1	0.125	0.1342050892508162
GLUCUROCAT-PWY:_superpathway_of_&beta;-D-glucuronosides_degradation	SALVADEHYPOX-PWY:_adenosine_nucleotides_degradation_II	1	1.0	0.7126580125843206
GLUCUROCAT-PWY:_superpathway_of_&beta;-D-glucuronosides_degradation	THISYNARA-PWY:_superpathway_of_thiamine_diphosphate_biosynthesis_III_(eukaryotes)	1	0.3333333333333333	0.6385862511469573
GLUCUROCAT-PWY:_superpathway_of_&beta;-D-glucuronosides_degradation	THRESYN-PWY:_superpathway_of_L-threonine_biosynthesis	1	0.3333333333333333	0.09416297792066974
GLUCUROCAT-PWY:_superpathway_of_&beta;-D-glucuronosides_degradation	TRNA-CHARGING-PWY:_tRNA_charging	1	0.14285714285714285	0.14231354206519187
GLUCUROCAT-PWY:_superpathway_of_&beta;-D-glucuronosides_degradation	VALSYN-PWY:_L-valine_biosynthesis	1	0.045454545454545456	0.1235186052395898
GLUTORN-PWY:_L-ornithine_biosynthesis_I	GLYCOGENSYNTH-PWY:_glycogen_biosynthesis_I_(from_ADP-D-Glucose)	7	0.4666666666666667	0.433678748974723
GLUTORN-PWY:_L-ornithine_biosynthesis_I	HISTSYN-PWY:_L-histidine_biosynthesis	2	0.18181818181818182	0.1348161344817137
GLUTORN-PWY:_L-ornithine_biosynthesis_I	HSERMETANA-PWY:_L-methionine_biosynthesis_III	2	0.16666666666666666	0.2203698537061406
GLUTORN-PWY:_L-ornithine_biosynthesis_I	ILEUSYN-PWY:_L-isoleucine_biosynthesis_I_(from_threonine)	3	0.17647058823529413	0.12853556940398436
GLUTORN-PWY:_L-ornithine_biosynthesis_I	NONMEVIPP-PWY:_methylerythritol_phosphate_pathway_I	3	0.25	0.0572667304181691
GLUTORN-PWY:_L-ornithine_biosynthesis_I	NONOXIPENT-PWY:_pentose_phosphate_pathway_(non-oxidative_branch)_I	4	0.36363636363636365	0.1867016691341301
GLUTORN-PWY:_L-ornithine_biosynthesis_I	P41-PWY:_pyruvate_fermentation_to_acetate_and_(S)-lactate_I	3	0.3	0.1467118522332731
GLUTORN-PWY:_L-ornithine_biosynthesis_I	PANTO-PWY:_phosphopantothenate_biosynthesis_I	4	0.3333333333333333	0.0569051983854687
GLUTORN-PWY:_L-ornithine_biosynthesis_I	PANTOSYN-PWY:_superpathway_of_coenzyme_A_biosynthesis_I_(bacteria)	3	0.2727272727272727	0.04984251265904727
GLUTORN-PWY:_L-ornithine_biosynthesis_I	PEPTIDOGLYCANSYN-PWY:_peptidoglycan_biosynthesis_I_(meso-diaminopimelate_containing)	7	0.5	0.2200681876105961
GLUTORN-PWY:_L-ornithine_biosynthesis_I	PWY-1042:_glycolysis_IV	7	0.5	0.15879593083257992
GLUTORN-PWY:_L-ornithine_biosynthesis_I	PWY-2942:_L-lysine_biosynthesis_III	1	0.08333333333333333	0.040657821199637456
GLUTORN-PWY:_L-ornithine_biosynthesis_I	PWY-3841:_folate_transformations_II_(plants)	3	0.2	0.033429462515766284
GLUTORN-PWY:_L-ornithine_biosynthesis_I	PWY-5097:_L-lysine_biosynthesis_VI	3	0.3	0.21587533662083191
GLUTORN-PWY:_L-ornithine_biosynthesis_I	PWY-5100:_pyruvate_fermentation_to_acetate_and_lactate_II	3	0.2727272727272727	0.1349296367666385
GLUTORN-PWY:_L-ornithine_biosynthesis_I	PWY-5103:_L-isoleucine_biosynthesis_III	3	0.17647058823529413	0.13289018088487048
GLUTORN-PWY:_L-ornithine_biosynthesis_I	PWY-5188:_tetrapyrrole_biosynthesis_I_(from_glutamate)	3	0.23076923076923078	0.30373223610644673
GLUTORN-PWY:_L-ornithine_biosynthesis_I	PWY-5384:_sucrose_degradation_IV_(sucrose_phosphorylase)	1	0.1	0.04067459762742165
GLUTORN-PWY:_L-ornithine_biosynthesis_I	PWY-5659:_GDP-mannose_biosynthesis	1	0.09090909090909091	0.39332705436139714
GLUTORN-PWY:_L-ornithine_biosynthesis_I	PWY-5667:_CDP-diacylglycerol_biosynthesis_I	4	0.3333333333333333	0.2275131374272441
GLUTORN-PWY:_L-ornithine_biosynthesis_I	PWY-5686:_UMP_biosynthesis_I	8	0.47058823529411764	0.23384902275683284
GLUTORN-PWY:_L-ornithine_biosynthesis_I	PWY-5695:_inosine_5'-phosphate_degradation	3	0.17647058823529413	0.11981269780574921
GLUTORN-PWY:_L-ornithine_biosynthesis_I	PWY-5941:_glycogen_degradation_II	4	0.36363636363636365	0.6882049550451761
GLUTORN-PWY:_L-ornithine_biosynthesis_I	PWY-6121:_5-aminoimidazole_ribonucleotide_biosynthesis_I	7	0.3333333333333333	0.23457769132869288
GLUTORN-PWY:_L-ornithine_biosynthesis_I	PWY-6122:_5-aminoimidazole_ribonucleotide_biosynthesis_II	7	0.28	0.24084906462515598
GLUTORN-PWY:_L-ornithine_biosynthesis_I	PWY-6123:_inosine-5'-phosphate_biosynthesis_I	1	0.07142857142857142	0.14633408698758954
GLUTORN-PWY:_L-ornithine_biosynthesis_I	PWY-6124:_inosine-5'-phosphate_biosynthesis_II	1	0.058823529411764705	0.15271136159336263
GLUTORN-PWY:_L-ornithine_biosynthesis_I	PWY-6151:_S-adenosyl-L-methionine_salvage_I	8	0.5714285714285714	0.25622265062556326
GLUTORN-PWY:_L-ornithine_biosynthesis_I	PWY-6163:_chorismate_biosynthesis_from_3-dehydroquinate	7	0.4117647058823529	0.21137465322928684
GLUTORN-PWY:_L-ornithine_biosynthesis_I	PWY-621:_sucrose_degradation_III_(sucrose_invertase)	1	0.09090909090909091	0.039861743543496364
GLUTORN-PWY:_L-ornithine_biosynthesis_I	PWY-6270:_isoprene_biosynthesis_I	1	0.1111111111111111	0.1178551449916232
GLUTORN-PWY:_L-ornithine_biosynthesis_I	PWY-6277:_superpathway_of_5-aminoimidazole_ribonucleotide_biosynthesis	7	0.28	0.24084906462515598
GLUTORN-PWY:_L-ornithine_biosynthesis_I	PWY-6317:_D-galactose_degradation_I_(Leloir_pathway)	5	0.45454545454545453	0.7610130273484483
GLUTORN-PWY:_L-ornithine_biosynthesis_I	PWY-6385:_peptidoglycan_biosynthesis_III_(mycobacteria)	6	0.4	0.13471216355738136
GLUTORN-PWY:_L-ornithine_biosynthesis_I	PWY-6386:_UDP-N-acetylmuramoyl-pentapeptide_biosynthesis_II_(lysine-containing)	6	0.46153846153846156	0.22455842503753365
GLUTORN-PWY:_L-ornithine_biosynthesis_I	PWY-6387:_UDP-N-acetylmuramoyl-pentapeptide_biosynthesis_I_(meso-diaminopimelate_containing)	7	0.4375	0.22310062167547973
GLUTORN-PWY:_L-ornithine_biosynthesis_I	PWY-6507:_4-deoxy-L-threo-hex-4-enopyranuronate_degradation	1	0.125	0.7187364756753087
GLUTORN-PWY:_L-ornithine_biosynthesis_I	PWY-6527:_stachyose_degradation	4	0.3333333333333333	0.3747276388007832
GLUTORN-PWY:_L-ornithine_biosynthesis_I	PWY-6608:_guanosine_nucleotides_degradation_III	1	0.1111111111111111	0.43633979530284583
GLUTORN-PWY:_L-ornithine_biosynthesis_I	PWY-6609:_adenine_and_adenosine_salvage_III	7	0.3888888888888889	0.20295399382281643
GLUTORN-PWY:_L-ornithine_biosynthesis_I	PWY-6700:_queuosine_biosynthesis_I_(de_novo)	7	0.3684210526315789	0.1897317941380161
GLUTORN-PWY:_L-ornithine_biosynthesis_I	PWY-6703:_preQ0_biosynthesis	1	0.07142857142857142	0.03439020319374153
GLUTORN-PWY:_L-ornithine_biosynthesis_I	PWY-6823:_molybdopterin_biosynthesis	4	0.36363636363636365	0.7214763338819131
GLUTORN-PWY:_L-ornithine_biosynthesis_I	PWY-6897:_thiamine_diphosphate_salvage_II	2	0.2222222222222222	0.7446709390160395
GLUTORN-PWY:_L-ornithine_biosynthesis_I	PWY-6936:_seleno-amino_acid_biosynthesis_(plants)	2	0.15384615384615385	0.2367859712786321
GLUTORN-PWY:_L-ornithine_biosynthesis_I	PWY-7111:_pyruvate_fermentation_to_isobutanol_(engineered)	4	0.3333333333333333	0.38962565494540446
GLUTORN-PWY:_L-ornithine_biosynthesis_I	PWY-7221:_guanosine_ribonucleotides_de_novo_biosynthesis	6	0.3333333333333333	0.20161815408721628
GLUTORN-PWY:_L-ornithine_biosynthesis_I	PWY-7237:_myo-,_chiro-_and_scyllo-inositol_degradation	5	0.38461538461538464	0.7045093553280586
GLUTORN-PWY:_L-ornithine_biosynthesis_I	PWY-7238:_sucrose_biosynthesis_II	7	0.5	0.538389785701496
GLUTORN-PWY:_L-ornithine_biosynthesis_I	PWY-7242:_D-fructuronate_degradation	1	0.125	0.727897398975021
GLUTORN-PWY:_L-ornithine_biosynthesis_I	PWY-724:_superpathway_of_L-lysine,_L-threonine_and_L-methionine_biosynthesis_II	1	0.125	0.4703674348704465
GLUTORN-PWY:_L-ornithine_biosynthesis_I	PWY-7357:_thiamine_phosphate_formation_from_pyrithiamine_and_oxythiamine_(yeast)	4	0.4444444444444444	0.7454392442198607
GLUTORN-PWY:_L-ornithine_biosynthesis_I	PWY-7560:_methylerythritol_phosphate_pathway_II	1	0.1111111111111111	0.11818511529778564
GLUTORN-PWY:_L-ornithine_biosynthesis_I	PWY-7790:_UMP_biosynthesis_II	8	0.47058823529411764	0.2345279696670629
GLUTORN-PWY:_L-ornithine_biosynthesis_I	PWY-7791:_UMP_biosynthesis_III	8	0.47058823529411764	0.22343409658469626
GLUTORN-PWY:_L-ornithine_biosynthesis_I	PWY-7851:_coenzyme_A_biosynthesis_II_(eukaryotic)	6	0.46153846153846156	0.2253175494883991
GLUTORN-PWY:_L-ornithine_biosynthesis_I	PWY-7953:_UDP-N-acetylmuramoyl-pentapeptide_biosynthesis_III_(meso-diaminopimelate_containing)	5	0.3333333333333333	0.07619486526991648
GLUTORN-PWY:_L-ornithine_biosynthesis_I	PWY-7977:_L-methionine_biosynthesis_IV	2	0.16666666666666666	0.13663353836353564
GLUTORN-PWY:_L-ornithine_biosynthesis_I	PWY-8178:_pentose_phosphate_pathway_(non-oxidative_branch)_II	4	0.36363636363636365	0.19106734779473433
GLUTORN-PWY:_L-ornithine_biosynthesis_I	PWY0-1061:_superpathway_of_L-alanine_biosynthesis	2	0.25	0.09984400603001897
GLUTORN-PWY:_L-ornithine_biosynthesis_I	PWY0-1296:_purine_ribonucleosides_degradation	6	0.6	0.7293917719400753
GLUTORN-PWY:_L-ornithine_biosynthesis_I	PWY0-1319:_CDP-diacylglycerol_biosynthesis_II	4	0.3333333333333333	0.2275131374272441
GLUTORN-PWY:_L-ornithine_biosynthesis_I	PWY0-1586:_peptidoglycan_maturation_(meso-diaminopimelate_containing)	2	0.18181818181818182	0.04644057367232024
GLUTORN-PWY:_L-ornithine_biosynthesis_I	PWY66-429:_fatty_acid_biosynthesis_initiation_(mitochondria)	2	0.125	0.0463437115429719
GLUTORN-PWY:_L-ornithine_biosynthesis_I	PYRIDNUCSYN-PWY:_NAD_de_novo_biosynthesis_I_(from_aspartate)	1	0.07692307692307693	0.008918353262441836
GLUTORN-PWY:_L-ornithine_biosynthesis_I	RHAMCAT-PWY:_L-rhamnose_degradation_I	1	0.09090909090909091	0.034275962343354394
GLUTORN-PWY:_L-ornithine_biosynthesis_I	RIBOSYN2-PWY:_flavin_biosynthesis_I_(bacteria_and_plants)	4	0.3333333333333333	0.18516652580923998
GLUTORN-PWY:_L-ornithine_biosynthesis_I	SALVADEHYPOX-PWY:_adenosine_nucleotides_degradation_II	1	0.125	0.4378488735168371
GLUTORN-PWY:_L-ornithine_biosynthesis_I	SER-GLYSYN-PWY:_superpathway_of_L-serine_and_glycine_biosynthesis_I	3	0.2	0.05542537851059326
GLUTORN-PWY:_L-ornithine_biosynthesis_I	THISYNARA-PWY:_superpathway_of_thiamine_diphosphate_biosynthesis_III_(eukaryotes)	3	0.375	0.4661574513236416
GLUTORN-PWY:_L-ornithine_biosynthesis_I	THRESYN-PWY:_superpathway_of_L-threonine_biosynthesis	1	0.1	0.08571761526965371
GLUTORN-PWY:_L-ornithine_biosynthesis_I	TRNA-CHARGING-PWY:_tRNA_charging	3	0.25	0.17394841063964506
GLUTORN-PWY:_L-ornithine_biosynthesis_I	VALSYN-PWY:_L-valine_biosynthesis	8	0.36363636363636365	0.23010294197224768
GLYCOCAT-PWY:_glycogen_degradation_I	GLYCOGENSYNTH-PWY:_glycogen_biosynthesis_I_(from_ADP-D-Glucose)	1	0.07142857142857142	0.043383256956903815
GLYCOCAT-PWY:_glycogen_degradation_I	HSERMETANA-PWY:_L-methionine_biosynthesis_III	1	0.16666666666666666	0.24591898402350998
GLYCOCAT-PWY:_glycogen_degradation_I	ILEUSYN-PWY:_L-isoleucine_biosynthesis_I_(from_threonine)	1	0.08333333333333333	0.058310547638156685
GLYCOCAT-PWY:_glycogen_degradation_I	P41-PWY:_pyruvate_fermentation_to_acetate_and_(S)-lactate_I	1	0.2	0.4185880776398839
GLYCOCAT-PWY:_glycogen_degradation_I	PWY-5100:_pyruvate_fermentation_to_acetate_and_lactate_II	1	0.16666666666666666	0.3196611558125708
GLYCOCAT-PWY:_glycogen_degradation_I	PWY-5103:_L-isoleucine_biosynthesis_III	1	0.08333333333333333	0.04766205841950377
GLYCOCAT-PWY:_glycogen_degradation_I	PWY-5188:_tetrapyrrole_biosynthesis_I_(from_glutamate)	1	0.125	0.21916130147081536
GLYCOCAT-PWY:_glycogen_degradation_I	PWY-5384:_sucrose_degradation_IV_(sucrose_phosphorylase)	1	0.3333333333333333	0.11677923620043462
GLYCOCAT-PWY:_glycogen_degradation_I	PWY-5659:_GDP-mannose_biosynthesis	1	0.25	0.20891017052500505
GLYCOCAT-PWY:_glycogen_degradation_I	PWY-5695:_inosine_5'-phosphate_degradation	1	0.08333333333333333	0.01714014092544558
GLYCOCAT-PWY:_glycogen_degradation_I	PWY-5941:_glycogen_degradation_II	1	0.14285714285714285	0.10648973675218854
GLYCOCAT-PWY:_glycogen_degradation_I	PWY-6121:_5-aminoimidazole_ribonucleotide_biosynthesis_I	1	0.05	0.021844259514133157
GLYCOCAT-PWY:_glycogen_degradation_I	PWY-6122:_5-aminoimidazole_ribonucleotide_biosynthesis_II	1	0.041666666666666664	0.022274381155296785
GLYCOCAT-PWY:_glycogen_degradation_I	PWY-6124:_inosine-5'-phosphate_biosynthesis_II	1	0.1	0.012526108291185833
GLYCOCAT-PWY:_glycogen_degradation_I	PWY-6151:_S-adenosyl-L-methionine_salvage_I	1	0.07142857142857142	0.024049810960367513
GLYCOCAT-PWY:_glycogen_degradation_I	PWY-6163:_chorismate_biosynthesis_from_3-dehydroquinate	1	0.0625	0.016928444117173314
GLYCOCAT-PWY:_glycogen_degradation_I	PWY-621:_sucrose_degradation_III_(sucrose_invertase)	1	0.25	0.12294816967931721
GLYCOCAT-PWY:_glycogen_degradation_I	PWY-6277:_superpathway_of_5-aminoimidazole_ribonucleotide_biosynthesis	1	0.041666666666666664	0.022274381155296785
GLYCOCAT-PWY:_glycogen_degradation_I	PWY-6317:_D-galactose_degradation_I_(Leloir_pathway)	1	0.125	0.13225051387669262
GLYCOCAT-PWY:_glycogen_degradation_I	PWY-6527:_stachyose_degradation	1	0.125	0.21600134918921965
GLYCOCAT-PWY:_glycogen_degradation_I	PWY-6700:_queuosine_biosynthesis_I_(de_novo)	1	0.05555555555555555	0.017120376916634594
GLYCOCAT-PWY:_glycogen_degradation_I	PWY-6936:_seleno-amino_acid_biosynthesis_(plants)	1	0.14285714285714285	0.3191553094253269
GLYCOCAT-PWY:_glycogen_degradation_I	PWY-7111:_pyruvate_fermentation_to_isobutanol_(engineered)	1	0.125	0.11783526903130215
GLYCOCAT-PWY:_glycogen_degradation_I	PWY-7238:_sucrose_biosynthesis_II	1	0.07692307692307693	0.05104409918369235
GLYCOCAT-PWY:_glycogen_degradation_I	PWY-7456:_&beta;-(1,4)-mannan_degradation	1	1.0	0.9661993743413018
GLYCOCAT-PWY:_glycogen_degradation_I	PYRIDNUCSYN-PWY:_NAD_de_novo_biosynthesis_I_(from_aspartate)	1	0.16666666666666666	0.018553118088881382
GLYCOCAT-PWY:_glycogen_degradation_I	UDPNAGSYN-PWY:_UDP-N-acetyl-D-glucosamine_biosynthesis_I	1	0.14285714285714285	0.40746228462152967
GLYCOCAT-PWY:_glycogen_degradation_I	VALSYN-PWY:_L-valine_biosynthesis	1	0.045454545454545456	0.019571452179938942
GLYCOGENSYNTH-PWY:_glycogen_biosynthesis_I_(from_ADP-D-Glucose)	HISDEG-PWY:_L-histidine_degradation_I	1	0.058823529411764705	0.19496139543415525
GLYCOGENSYNTH-PWY:_glycogen_biosynthesis_I_(from_ADP-D-Glucose)	HISTSYN-PWY:_L-histidine_biosynthesis	3	0.1875	0.33693446300297913
GLYCOGENSYNTH-PWY:_glycogen_biosynthesis_I_(from_ADP-D-Glucose)	HSERMETANA-PWY:_L-methionine_biosynthesis_III	5	0.3333333333333333	0.18811688393569326
GLYCOGENSYNTH-PWY:_glycogen_biosynthesis_I_(from_ADP-D-Glucose)	ILEUSYN-PWY:_L-isoleucine_biosynthesis_I_(from_threonine)	8	0.4444444444444444	0.6018155223479209
GLYCOGENSYNTH-PWY:_glycogen_biosynthesis_I_(from_ADP-D-Glucose)	NONMEVIPP-PWY:_methylerythritol_phosphate_pathway_I	5	0.3125	0.2899106532062362
GLYCOGENSYNTH-PWY:_glycogen_biosynthesis_I_(from_ADP-D-Glucose)	NONOXIPENT-PWY:_pentose_phosphate_pathway_(non-oxidative_branch)_I	6	0.4	0.5892574673682563
GLYCOGENSYNTH-PWY:_glycogen_biosynthesis_I_(from_ADP-D-Glucose)	P41-PWY:_pyruvate_fermentation_to_acetate_and_(S)-lactate_I	5	0.35714285714285715	0.15077157141632025
GLYCOGENSYNTH-PWY:_glycogen_biosynthesis_I_(from_ADP-D-Glucose)	PANTO-PWY:_phosphopantothenate_biosynthesis_I	6	0.375	0.2589739350898923
GLYCOGENSYNTH-PWY:_glycogen_biosynthesis_I_(from_ADP-D-Glucose)	PANTOSYN-PWY:_superpathway_of_coenzyme_A_biosynthesis_I_(bacteria)	4	0.25	0.23560394293672215
GLYCOGENSYNTH-PWY:_glycogen_biosynthesis_I_(from_ADP-D-Glucose)	PENTOSE-P-PWY:_pentose_phosphate_pathway	1	0.07142857142857142	0.45293097749738986
GLYCOGENSYNTH-PWY:_glycogen_biosynthesis_I_(from_ADP-D-Glucose)	PEPTIDOGLYCANSYN-PWY:_peptidoglycan_biosynthesis_I_(meso-diaminopimelate_containing)	7	0.35	0.350818219217505
GLYCOGENSYNTH-PWY:_glycogen_biosynthesis_I_(from_ADP-D-Glucose)	PWY-1042:_glycolysis_IV	8	0.42105263157894735	0.20259496088628082
GLYCOGENSYNTH-PWY:_glycogen_biosynthesis_I_(from_ADP-D-Glucose)	PWY-1269:_CMP-3-deoxy-D-manno-octulosonate_biosynthesis	1	0.06666666666666667	0.3821468314626367
GLYCOGENSYNTH-PWY:_glycogen_biosynthesis_I_(from_ADP-D-Glucose)	PWY-2942:_L-lysine_biosynthesis_III	2	0.11764705882352941	0.270127648046425
GLYCOGENSYNTH-PWY:_glycogen_biosynthesis_I_(from_ADP-D-Glucose)	PWY-3841:_folate_transformations_II_(plants)	4	0.2	0.24464042371667927
GLYCOGENSYNTH-PWY:_glycogen_biosynthesis_I_(from_ADP-D-Glucose)	PWY-5030:_L-histidine_degradation_III	1	0.058823529411764705	0.20842476023177547
GLYCOGENSYNTH-PWY:_glycogen_biosynthesis_I_(from_ADP-D-Glucose)	PWY-5097:_L-lysine_biosynthesis_VI	4	0.26666666666666666	0.3898571667736416
GLYCOGENSYNTH-PWY:_glycogen_biosynthesis_I_(from_ADP-D-Glucose)	PWY-5100:_pyruvate_fermentation_to_acetate_and_lactate_II	5	0.3333333333333333	0.1804632839926673
GLYCOGENSYNTH-PWY:_glycogen_biosynthesis_I_(from_ADP-D-Glucose)	PWY-5103:_L-isoleucine_biosynthesis_III	8	0.4444444444444444	0.5723463842698768
GLYCOGENSYNTH-PWY:_glycogen_biosynthesis_I_(from_ADP-D-Glucose)	PWY-5188:_tetrapyrrole_biosynthesis_I_(from_glutamate)	4	0.2222222222222222	0.1419393441771586
GLYCOGENSYNTH-PWY:_glycogen_biosynthesis_I_(from_ADP-D-Glucose)	PWY-5384:_sucrose_degradation_IV_(sucrose_phosphorylase)	3	0.21428571428571427	0.4916078103361412
GLYCOGENSYNTH-PWY:_glycogen_biosynthesis_I_(from_ADP-D-Glucose)	PWY-5659:_GDP-mannose_biosynthesis	3	0.2	0.22709972418873536
GLYCOGENSYNTH-PWY:_glycogen_biosynthesis_I_(from_ADP-D-Glucose)	PWY-5667:_CDP-diacylglycerol_biosynthesis_I	6	0.375	0.34468310603259533
GLYCOGENSYNTH-PWY:_glycogen_biosynthesis_I_(from_ADP-D-Glucose)	PWY-5686:_UMP_biosynthesis_I	11	0.55	0.43684273528733053
GLYCOGENSYNTH-PWY:_glycogen_biosynthesis_I_(from_ADP-D-Glucose)	PWY-5695:_inosine_5'-phosphate_degradation	7	0.3684210526315789	0.29334257762828797
GLYCOGENSYNTH-PWY:_glycogen_biosynthesis_I_(from_ADP-D-Glucose)	PWY-5941:_glycogen_degradation_II	6	0.4	0.5180922564052839
GLYCOGENSYNTH-PWY:_glycogen_biosynthesis_I_(from_ADP-D-Glucose)	PWY-5973:_cis-vaccenate_biosynthesis	1	0.06666666666666667	0.24304935080817924
GLYCOGENSYNTH-PWY:_glycogen_biosynthesis_I_(from_ADP-D-Glucose)	PWY-6121:_5-aminoimidazole_ribonucleotide_biosynthesis_I	12	0.5454545454545454	0.4103183613930387
GLYCOGENSYNTH-PWY:_glycogen_biosynthesis_I_(from_ADP-D-Glucose)	PWY-6122:_5-aminoimidazole_ribonucleotide_biosynthesis_II	14	0.5833333333333334	0.41053888755294576
GLYCOGENSYNTH-PWY:_glycogen_biosynthesis_I_(from_ADP-D-Glucose)	PWY-6123:_inosine-5'-phosphate_biosynthesis_I	2	0.10526315789473684	0.320720568322332
GLYCOGENSYNTH-PWY:_glycogen_biosynthesis_I_(from_ADP-D-Glucose)	PWY-6124:_inosine-5'-phosphate_biosynthesis_II	3	0.14285714285714285	0.3281958077366596
GLYCOGENSYNTH-PWY:_glycogen_biosynthesis_I_(from_ADP-D-Glucose)	PWY-6125:_superpathway_of_guanosine_nucleotides_de_novo_biosynthesis_II	1	0.06666666666666667	0.22530482675980146
GLYCOGENSYNTH-PWY:_glycogen_biosynthesis_I_(from_ADP-D-Glucose)	PWY-6126:_superpathway_of_adenosine_nucleotides_de_novo_biosynthesis_II	1	0.06666666666666667	0.2229325791649096
GLYCOGENSYNTH-PWY:_glycogen_biosynthesis_I_(from_ADP-D-Glucose)	PWY-6147:_6-hydroxymethyl-dihydropterin_diphosphate_biosynthesis_I	1	0.0625	0.21005369349852865
GLYCOGENSYNTH-PWY:_glycogen_biosynthesis_I_(from_ADP-D-Glucose)	PWY-6151:_S-adenosyl-L-methionine_salvage_I	11	0.6470588235294118	0.22239515067614446
GLYCOGENSYNTH-PWY:_glycogen_biosynthesis_I_(from_ADP-D-Glucose)	PWY-6163:_chorismate_biosynthesis_from_3-dehydroquinate	9	0.42857142857142855	0.4405356805386693
GLYCOGENSYNTH-PWY:_glycogen_biosynthesis_I_(from_ADP-D-Glucose)	PWY-621:_sucrose_degradation_III_(sucrose_invertase)	4	0.2857142857142857	0.5058004278092568
GLYCOGENSYNTH-PWY:_glycogen_biosynthesis_I_(from_ADP-D-Glucose)	PWY-6270:_isoprene_biosynthesis_I	2	0.14285714285714285	0.4985626452888833
GLYCOGENSYNTH-PWY:_glycogen_biosynthesis_I_(from_ADP-D-Glucose)	PWY-6277:_superpathway_of_5-aminoimidazole_ribonucleotide_biosynthesis	14	0.5833333333333334	0.41053888755294576
GLYCOGENSYNTH-PWY:_glycogen_biosynthesis_I_(from_ADP-D-Glucose)	PWY-6317:_D-galactose_degradation_I_(Leloir_pathway)	7	0.4666666666666667	0.4391128059219105
GLYCOGENSYNTH-PWY:_glycogen_biosynthesis_I_(from_ADP-D-Glucose)	PWY-6385:_peptidoglycan_biosynthesis_III_(mycobacteria)	7	0.35	0.31448612412876054
GLYCOGENSYNTH-PWY:_glycogen_biosynthesis_I_(from_ADP-D-Glucose)	PWY-6386:_UDP-N-acetylmuramoyl-pentapeptide_biosynthesis_II_(lysine-containing)	6	0.3157894736842105	0.34914231552963826
GLYCOGENSYNTH-PWY:_glycogen_biosynthesis_I_(from_ADP-D-Glucose)	PWY-6387:_UDP-N-acetylmuramoyl-pentapeptide_biosynthesis_I_(meso-diaminopimelate_containing)	8	0.38095238095238093	0.35988245609981007
GLYCOGENSYNTH-PWY:_glycogen_biosynthesis_I_(from_ADP-D-Glucose)	PWY-6507:_4-deoxy-L-threo-hex-4-enopyranuronate_degradation	1	0.07142857142857142	0.3107724324140244
GLYCOGENSYNTH-PWY:_glycogen_biosynthesis_I_(from_ADP-D-Glucose)	PWY-6527:_stachyose_degradation	7	0.4666666666666667	0.2882389499503131
GLYCOGENSYNTH-PWY:_glycogen_biosynthesis_I_(from_ADP-D-Glucose)	PWY-6572:_chondroitin_sulfate_degradation_I_(bacterial)	1	0.07142857142857142	0.484947351289422
GLYCOGENSYNTH-PWY:_glycogen_biosynthesis_I_(from_ADP-D-Glucose)	PWY-6608:_guanosine_nucleotides_degradation_III	2	0.14285714285714285	0.18069016421104567
GLYCOGENSYNTH-PWY:_glycogen_biosynthesis_I_(from_ADP-D-Glucose)	PWY-6609:_adenine_and_adenosine_salvage_III	10	0.47619047619047616	0.3707028246359235
GLYCOGENSYNTH-PWY:_glycogen_biosynthesis_I_(from_ADP-D-Glucose)	PWY-6700:_queuosine_biosynthesis_I_(de_novo)	11	0.5238095238095238	0.369450577138277
GLYCOGENSYNTH-PWY:_glycogen_biosynthesis_I_(from_ADP-D-Glucose)	PWY-6703:_preQ0_biosynthesis	3	0.16666666666666666	0.28593253366149574
GLYCOGENSYNTH-PWY:_glycogen_biosynthesis_I_(from_ADP-D-Glucose)	PWY-6823:_molybdopterin_biosynthesis	5	0.3125	0.32758018990490856
GLYCOGENSYNTH-PWY:_glycogen_biosynthesis_I_(from_ADP-D-Glucose)	PWY-6897:_thiamine_diphosphate_salvage_II	2	0.13333333333333333	0.30779525445035416
GLYCOGENSYNTH-PWY:_glycogen_biosynthesis_I_(from_ADP-D-Glucose)	PWY-6902:_chitin_degradation_II_(Vibrio)	1	0.06666666666666667	0.38934826105965714
GLYCOGENSYNTH-PWY:_glycogen_biosynthesis_I_(from_ADP-D-Glucose)	PWY-6936:_seleno-amino_acid_biosynthesis_(plants)	2	0.10526315789473684	0.12877647020326888
GLYCOGENSYNTH-PWY:_glycogen_biosynthesis_I_(from_ADP-D-Glucose)	PWY-7111:_pyruvate_fermentation_to_isobutanol_(engineered)	7	0.4666666666666667	0.24788012570815932
GLYCOGENSYNTH-PWY:_glycogen_biosynthesis_I_(from_ADP-D-Glucose)	PWY-7199:_pyrimidine_deoxyribonucleosides_salvage	1	0.0625	0.21755668317719057
GLYCOGENSYNTH-PWY:_glycogen_biosynthesis_I_(from_ADP-D-Glucose)	PWY-7220:_adenosine_deoxyribonucleotides_de_novo_biosynthesis_II	1	0.06666666666666667	0.20304789987066263
GLYCOGENSYNTH-PWY:_glycogen_biosynthesis_I_(from_ADP-D-Glucose)	PWY-7221:_guanosine_ribonucleotides_de_novo_biosynthesis	9	0.42857142857142855	0.4040489224267968
GLYCOGENSYNTH-PWY:_glycogen_biosynthesis_I_(from_ADP-D-Glucose)	PWY-7222:_guanosine_deoxyribonucleotides_de_novo_biosynthesis_II	1	0.06666666666666667	0.20304789987066263
GLYCOGENSYNTH-PWY:_glycogen_biosynthesis_I_(from_ADP-D-Glucose)	PWY-7228:_superpathway_of_guanosine_nucleotides_de_novo_biosynthesis_I	1	0.0625	0.2316414352420626
GLYCOGENSYNTH-PWY:_glycogen_biosynthesis_I_(from_ADP-D-Glucose)	PWY-7229:_superpathway_of_adenosine_nucleotides_de_novo_biosynthesis_I	1	0.06666666666666667	0.22134025023874127
GLYCOGENSYNTH-PWY:_glycogen_biosynthesis_I_(from_ADP-D-Glucose)	PWY-7237:_myo-,_chiro-_and_scyllo-inositol_degradation	6	0.3333333333333333	0.419725210833512
GLYCOGENSYNTH-PWY:_glycogen_biosynthesis_I_(from_ADP-D-Glucose)	PWY-7238:_sucrose_biosynthesis_II	11	0.6875	0.6641704171660485
GLYCOGENSYNTH-PWY:_glycogen_biosynthesis_I_(from_ADP-D-Glucose)	PWY-7242:_D-fructuronate_degradation	1	0.07142857142857142	0.30218784364296636
GLYCOGENSYNTH-PWY:_glycogen_biosynthesis_I_(from_ADP-D-Glucose)	PWY-724:_superpathway_of_L-lysine,_L-threonine_and_L-methionine_biosynthesis_II	1	0.07142857142857142	0.16462702733493018
GLYCOGENSYNTH-PWY:_glycogen_biosynthesis_I_(from_ADP-D-Glucose)	PWY-7357:_thiamine_phosphate_formation_from_pyrithiamine_and_oxythiamine_(yeast)	4	0.26666666666666666	0.3800889547908939
GLYCOGENSYNTH-PWY:_glycogen_biosynthesis_I_(from_ADP-D-Glucose)	PWY-7456:_&beta;-(1,4)-mannan_degradation	1	0.07142857142857142	0.04060397681738703
GLYCOGENSYNTH-PWY:_glycogen_biosynthesis_I_(from_ADP-D-Glucose)	PWY-7560:_methylerythritol_phosphate_pathway_II	2	0.14285714285714285	0.49659713428443597
GLYCOGENSYNTH-PWY:_glycogen_biosynthesis_I_(from_ADP-D-Glucose)	PWY-7663:_gondoate_biosynthesis_(anaerobic)	1	0.06666666666666667	0.24658993730292633
GLYCOGENSYNTH-PWY:_glycogen_biosynthesis_I_(from_ADP-D-Glucose)	PWY-7790:_UMP_biosynthesis_II	11	0.55	0.43717680731401054
GLYCOGENSYNTH-PWY:_glycogen_biosynthesis_I_(from_ADP-D-Glucose)	PWY-7791:_UMP_biosynthesis_III	11	0.55	0.4286128726114963
GLYCOGENSYNTH-PWY:_glycogen_biosynthesis_I_(from_ADP-D-Glucose)	PWY-7851:_coenzyme_A_biosynthesis_II_(eukaryotic)	8	0.47058823529411764	0.35713090436561856
GLYCOGENSYNTH-PWY:_glycogen_biosynthesis_I_(from_ADP-D-Glucose)	PWY-7953:_UDP-N-acetylmuramoyl-pentapeptide_biosynthesis_III_(meso-diaminopimelate_containing)	6	0.3	0.24338492488278773
GLYCOGENSYNTH-PWY:_glycogen_biosynthesis_I_(from_ADP-D-Glucose)	PWY-7977:_L-methionine_biosynthesis_IV	3	0.17647058823529413	0.34154261830989663
GLYCOGENSYNTH-PWY:_glycogen_biosynthesis_I_(from_ADP-D-Glucose)	PWY-8178:_pentose_phosphate_pathway_(non-oxidative_branch)_II	7	0.5	0.6132873184030769
GLYCOGENSYNTH-PWY:_glycogen_biosynthesis_I_(from_ADP-D-Glucose)	PWY-I9:_L-cysteine_biosynthesis_VI_(from_L-methionine)	1	0.07142857142857142	0.00200102766082233
GLYCOGENSYNTH-PWY:_glycogen_biosynthesis_I_(from_ADP-D-Glucose)	PWY0-1061:_superpathway_of_L-alanine_biosynthesis	2	0.14285714285714285	0.03072295747358056
GLYCOGENSYNTH-PWY:_glycogen_biosynthesis_I_(from_ADP-D-Glucose)	PWY0-1296:_purine_ribonucleosides_degradation	7	0.4666666666666667	0.5503348276826019
GLYCOGENSYNTH-PWY:_glycogen_biosynthesis_I_(from_ADP-D-Glucose)	PWY0-1319:_CDP-diacylglycerol_biosynthesis_II	6	0.375	0.34468310603259533
GLYCOGENSYNTH-PWY:_glycogen_biosynthesis_I_(from_ADP-D-Glucose)	PWY0-1586:_peptidoglycan_maturation_(meso-diaminopimelate_containing)	4	0.26666666666666666	0.3128471772580874
GLYCOGENSYNTH-PWY:_glycogen_biosynthesis_I_(from_ADP-D-Glucose)	PWY0-162:_superpathway_of_pyrimidine_ribonucleotides_de_novo_biosynthesis	1	0.07142857142857142	0.44013644616703096
GLYCOGENSYNTH-PWY:_glycogen_biosynthesis_I_(from_ADP-D-Glucose)	PWY0-845:_superpathway_of_pyridoxal_5'-phosphate_biosynthesis_and_salvage	1	0.07142857142857142	0.456625476950841
GLYCOGENSYNTH-PWY:_glycogen_biosynthesis_I_(from_ADP-D-Glucose)	PWY66-429:_fatty_acid_biosynthesis_initiation_(mitochondria)	4	0.2	0.2784410474165844
GLYCOGENSYNTH-PWY:_glycogen_biosynthesis_I_(from_ADP-D-Glucose)	PYRIDNUCSYN-PWY:_NAD_de_novo_biosynthesis_I_(from_aspartate)	3	0.17647058823529413	0.20248780600486282
GLYCOGENSYNTH-PWY:_glycogen_biosynthesis_I_(from_ADP-D-Glucose)	PYRIDOXSYN-PWY:_pyridoxal_5'-phosphate_biosynthesis_I	1	0.07142857142857142	0.4597860027656553
GLYCOGENSYNTH-PWY:_glycogen_biosynthesis_I_(from_ADP-D-Glucose)	RHAMCAT-PWY:_L-rhamnose_degradation_I	3	0.2	0.28708631593290534
GLYCOGENSYNTH-PWY:_glycogen_biosynthesis_I_(from_ADP-D-Glucose)	RIBOSYN2-PWY:_flavin_biosynthesis_I_(bacteria_and_plants)	5	0.29411764705882354	0.3397027605839208
GLYCOGENSYNTH-PWY:_glycogen_biosynthesis_I_(from_ADP-D-Glucose)	SALVADEHYPOX-PWY:_adenosine_nucleotides_degradation_II	1	0.07142857142857142	0.1511568836627074
GLYCOGENSYNTH-PWY:_glycogen_biosynthesis_I_(from_ADP-D-Glucose)	SER-GLYSYN-PWY:_superpathway_of_L-serine_and_glycine_biosynthesis_I	5	0.2631578947368421	0.23738969347207695
GLYCOGENSYNTH-PWY:_glycogen_biosynthesis_I_(from_ADP-D-Glucose)	THISYNARA-PWY:_superpathway_of_thiamine_diphosphate_biosynthesis_III_(eukaryotes)	3	0.21428571428571427	0.1635715197151164
GLYCOGENSYNTH-PWY:_glycogen_biosynthesis_I_(from_ADP-D-Glucose)	THRESYN-PWY:_superpathway_of_L-threonine_biosynthesis	1	0.0625	0.05947906307867523
GLYCOGENSYNTH-PWY:_glycogen_biosynthesis_I_(from_ADP-D-Glucose)	TRNA-CHARGING-PWY:_tRNA_charging	4	0.23529411764705882	0.35555670068444956
GLYCOGENSYNTH-PWY:_glycogen_biosynthesis_I_(from_ADP-D-Glucose)	UDPNAGSYN-PWY:_UDP-N-acetyl-D-glucosamine_biosynthesis_I	2	0.10526315789473684	0.0757356309293633
GLYCOGENSYNTH-PWY:_glycogen_biosynthesis_I_(from_ADP-D-Glucose)	VALSYN-PWY:_L-valine_biosynthesis	12	0.5	0.48568995519602287
GOLPDLCAT-PWY:_superpathway_of_glycerol_degradation_to_1,3-propanediol	NONOXIPENT-PWY:_pentose_phosphate_pathway_(non-oxidative_branch)_I	1	0.14285714285714285	0.033869896496467766
GOLPDLCAT-PWY:_superpathway_of_glycerol_degradation_to_1,3-propanediol	PWY-5667:_CDP-diacylglycerol_biosynthesis_I	1	0.125	0.007594981306479065
GOLPDLCAT-PWY:_superpathway_of_glycerol_degradation_to_1,3-propanediol	PWY-6122:_5-aminoimidazole_ribonucleotide_biosynthesis_II	1	0.041666666666666664	0.007990975091987429
GOLPDLCAT-PWY:_superpathway_of_glycerol_degradation_to_1,3-propanediol	PWY-6277:_superpathway_of_5-aminoimidazole_ribonucleotide_biosynthesis	1	0.041666666666666664	0.007990975091987429
GOLPDLCAT-PWY:_superpathway_of_glycerol_degradation_to_1,3-propanediol	PWY-6588:_pyruvate_fermentation_to_acetone	1	1.0	0.7525980506339394
GOLPDLCAT-PWY:_superpathway_of_glycerol_degradation_to_1,3-propanediol	PWY-6609:_adenine_and_adenosine_salvage_III	1	0.058823529411764705	0.0065684012630393696
GOLPDLCAT-PWY:_superpathway_of_glycerol_degradation_to_1,3-propanediol	PWY-6876:_isopropanol_biosynthesis_(engineered)	1	1.0	0.8402147202672074
GOLPDLCAT-PWY:_superpathway_of_glycerol_degradation_to_1,3-propanediol	PWY-7111:_pyruvate_fermentation_to_isobutanol_(engineered)	1	0.125	0.09709718897164343
GOLPDLCAT-PWY:_superpathway_of_glycerol_degradation_to_1,3-propanediol	PWY-7237:_myo-,_chiro-_and_scyllo-inositol_degradation	1	0.1	0.03926279031862112
GOLPDLCAT-PWY:_superpathway_of_glycerol_degradation_to_1,3-propanediol	PWY0-1319:_CDP-diacylglycerol_biosynthesis_II	1	0.125	0.007594981306479065
GOLPDLCAT-PWY:_superpathway_of_glycerol_degradation_to_1,3-propanediol	PWY0-1477:_ethanolamine_utilization	1	1.0	0.7470836930765951
GOLPDLCAT-PWY:_superpathway_of_glycerol_degradation_to_1,3-propanediol	VALSYN-PWY:_L-valine_biosynthesis	1	0.045454545454545456	0.00701514639857348
HEME-BIOSYNTHESIS-II:_heme_b_biosynthesis_I_(aerobic)	HEMESYN2-PWY:_heme_b_biosynthesis_II_(oxygen-independent)	2	1.0	0.9473374797648463
HEME-BIOSYNTHESIS-II:_heme_b_biosynthesis_I_(aerobic)	HSERMETANA-PWY:_L-methionine_biosynthesis_III	1	0.14285714285714285	0.08488267717464304
HEME-BIOSYNTHESIS-II:_heme_b_biosynthesis_I_(aerobic)	ILEUSYN-PWY:_L-isoleucine_biosynthesis_I_(from_threonine)	2	0.16666666666666666	0.05427900608988878
HEME-BIOSYNTHESIS-II:_heme_b_biosynthesis_I_(aerobic)	PEPTIDOGLYCANSYN-PWY:_peptidoglycan_biosynthesis_I_(meso-diaminopimelate_containing)	2	0.15384615384615385	0.013602182103372606
HEME-BIOSYNTHESIS-II:_heme_b_biosynthesis_I_(aerobic)	PWY-1042:_glycolysis_IV	2	0.15384615384615385	0.006634646850001702
HEME-BIOSYNTHESIS-II:_heme_b_biosynthesis_I_(aerobic)	PWY-3841:_folate_transformations_II_(plants)	2	0.2	0.010189003324036605
HEME-BIOSYNTHESIS-II:_heme_b_biosynthesis_I_(aerobic)	PWY-5005:_biotin_biosynthesis_II	2	1.0	0.6227772911848335
HEME-BIOSYNTHESIS-II:_heme_b_biosynthesis_I_(aerobic)	PWY-5100:_pyruvate_fermentation_to_acetate_and_lactate_II	1	0.14285714285714285	0.08482732464077991
HEME-BIOSYNTHESIS-II:_heme_b_biosynthesis_I_(aerobic)	PWY-5103:_L-isoleucine_biosynthesis_III	2	0.16666666666666666	0.05745436707667595
HEME-BIOSYNTHESIS-II:_heme_b_biosynthesis_I_(aerobic)	PWY-5130:_2-oxobutanoate_degradation_I	2	0.5	0.14383604429932273
HEME-BIOSYNTHESIS-II:_heme_b_biosynthesis_I_(aerobic)	PWY-5188:_tetrapyrrole_biosynthesis_I_(from_glutamate)	2	0.25	0.19205369953308205
HEME-BIOSYNTHESIS-II:_heme_b_biosynthesis_I_(aerobic)	PWY-5686:_UMP_biosynthesis_I	1	0.05555555555555555	0.005243861469754307
HEME-BIOSYNTHESIS-II:_heme_b_biosynthesis_I_(aerobic)	PWY-5837:_2-carboxy-1,4-naphthoquinol_biosynthesis	2	1.0	0.801833920713108
HEME-BIOSYNTHESIS-II:_heme_b_biosynthesis_I_(aerobic)	PWY-6121:_5-aminoimidazole_ribonucleotide_biosynthesis_I	2	0.1	0.010038764656579602
HEME-BIOSYNTHESIS-II:_heme_b_biosynthesis_I_(aerobic)	PWY-6122:_5-aminoimidazole_ribonucleotide_biosynthesis_II	2	0.08333333333333333	0.010627519714960787
HEME-BIOSYNTHESIS-II:_heme_b_biosynthesis_I_(aerobic)	PWY-6123:_inosine-5'-phosphate_biosynthesis_I	2	0.2857142857142857	0.011081703864315617
HEME-BIOSYNTHESIS-II:_heme_b_biosynthesis_I_(aerobic)	PWY-6124:_inosine-5'-phosphate_biosynthesis_II	2	0.2	0.010398344999984932
HEME-BIOSYNTHESIS-II:_heme_b_biosynthesis_I_(aerobic)	PWY-6163:_chorismate_biosynthesis_from_3-dehydroquinate	2	0.125	0.011485895881584107
HEME-BIOSYNTHESIS-II:_heme_b_biosynthesis_I_(aerobic)	PWY-6277:_superpathway_of_5-aminoimidazole_ribonucleotide_biosynthesis	2	0.08333333333333333	0.010627519714960787
HEME-BIOSYNTHESIS-II:_heme_b_biosynthesis_I_(aerobic)	PWY-6385:_peptidoglycan_biosynthesis_III_(mycobacteria)	2	0.15384615384615385	0.014147835667901676
HEME-BIOSYNTHESIS-II:_heme_b_biosynthesis_I_(aerobic)	PWY-6386:_UDP-N-acetylmuramoyl-pentapeptide_biosynthesis_II_(lysine-containing)	2	0.18181818181818182	0.014711839021531281
HEME-BIOSYNTHESIS-II:_heme_b_biosynthesis_I_(aerobic)	PWY-6387:_UDP-N-acetylmuramoyl-pentapeptide_biosynthesis_I_(meso-diaminopimelate_containing)	2	0.13333333333333333	0.013720391790611353
HEME-BIOSYNTHESIS-II:_heme_b_biosynthesis_I_(aerobic)	PWY-6700:_queuosine_biosynthesis_I_(de_novo)	2	0.1111111111111111	0.008501990053891961
HEME-BIOSYNTHESIS-II:_heme_b_biosynthesis_I_(aerobic)	PWY-6703:_preQ0_biosynthesis	2	0.2857142857142857	0.014254203512049202
HEME-BIOSYNTHESIS-II:_heme_b_biosynthesis_I_(aerobic)	PWY-6823:_molybdopterin_biosynthesis	1	0.125	0.059792519921994636
HEME-BIOSYNTHESIS-II:_heme_b_biosynthesis_I_(aerobic)	PWY-6936:_seleno-amino_acid_biosynthesis_(plants)	2	0.2857142857142857	0.1937146772588415
HEME-BIOSYNTHESIS-II:_heme_b_biosynthesis_I_(aerobic)	PWY-7221:_guanosine_ribonucleotides_de_novo_biosynthesis	1	0.058823529411764705	0.006262794922394455
HEME-BIOSYNTHESIS-II:_heme_b_biosynthesis_I_(aerobic)	PWY-7790:_UMP_biosynthesis_II	1	0.05555555555555555	0.005260985854854239
HEME-BIOSYNTHESIS-II:_heme_b_biosynthesis_I_(aerobic)	PWY-7791:_UMP_biosynthesis_III	1	0.05555555555555555	0.0049827176769853265
HEME-BIOSYNTHESIS-II:_heme_b_biosynthesis_I_(aerobic)	PWY-7851:_coenzyme_A_biosynthesis_II_(eukaryotic)	1	0.08333333333333333	0.0032927043686733493
HEME-BIOSYNTHESIS-II:_heme_b_biosynthesis_I_(aerobic)	PWY-7953:_UDP-N-acetylmuramoyl-pentapeptide_biosynthesis_III_(meso-diaminopimelate_containing)	2	0.16666666666666666	0.012958495891306154
HEME-BIOSYNTHESIS-II:_heme_b_biosynthesis_I_(aerobic)	PWY0-1241:_ADP-L-glycero-&beta;-D-manno-heptose_biosynthesis	2	1.0	0.6792665560517719
HEME-BIOSYNTHESIS-II:_heme_b_biosynthesis_I_(aerobic)	PWY66-429:_fatty_acid_biosynthesis_initiation_(mitochondria)	1	0.09090909090909091	0.006063301597639459
HEME-BIOSYNTHESIS-II:_heme_b_biosynthesis_I_(aerobic)	RIBOSYN2-PWY:_flavin_biosynthesis_I_(bacteria_and_plants)	2	0.25	0.010464179927822337
HEME-BIOSYNTHESIS-II:_heme_b_biosynthesis_I_(aerobic)	UDPNAGSYN-PWY:_UDP-N-acetyl-D-glucosamine_biosynthesis_I	2	0.2857142857142857	0.16008593398138526
HEME-BIOSYNTHESIS-II:_heme_b_biosynthesis_I_(aerobic)	VALSYN-PWY:_L-valine_biosynthesis	2	0.09090909090909091	0.011766640219016633
HEMESYN2-PWY:_heme_b_biosynthesis_II_(oxygen-independent)	HSERMETANA-PWY:_L-methionine_biosynthesis_III	1	0.14285714285714285	0.08483742839492814
HEMESYN2-PWY:_heme_b_biosynthesis_II_(oxygen-independent)	ILEUSYN-PWY:_L-isoleucine_biosynthesis_I_(from_threonine)	2	0.16666666666666666	0.05781318510149658
HEMESYN2-PWY:_heme_b_biosynthesis_II_(oxygen-independent)	PEPTIDOGLYCANSYN-PWY:_peptidoglycan_biosynthesis_I_(meso-diaminopimelate_containing)	2	0.15384615384615385	0.014437509543144045
HEMESYN2-PWY:_heme_b_biosynthesis_II_(oxygen-independent)	PWY-1042:_glycolysis_IV	2	0.15384615384615385	0.007166582835156254
HEMESYN2-PWY:_heme_b_biosynthesis_II_(oxygen-independent)	PWY-3841:_folate_transformations_II_(plants)	2	0.2	0.011142263913975659
HEMESYN2-PWY:_heme_b_biosynthesis_II_(oxygen-independent)	PWY-5005:_biotin_biosynthesis_II	2	1.0	0.6833484806289176
HEMESYN2-PWY:_heme_b_biosynthesis_II_(oxygen-independent)	PWY-5100:_pyruvate_fermentation_to_acetate_and_lactate_II	1	0.14285714285714285	0.08478444578163569
HEMESYN2-PWY:_heme_b_biosynthesis_II_(oxygen-independent)	PWY-5103:_L-isoleucine_biosynthesis_III	2	0.16666666666666666	0.06128598843171673
HEMESYN2-PWY:_heme_b_biosynthesis_II_(oxygen-independent)	PWY-5130:_2-oxobutanoate_degradation_I	2	0.5	0.14501707944184927
HEMESYN2-PWY:_heme_b_biosynthesis_II_(oxygen-independent)	PWY-5188:_tetrapyrrole_biosynthesis_I_(from_glutamate)	2	0.25	0.19194552981298696
HEMESYN2-PWY:_heme_b_biosynthesis_II_(oxygen-independent)	PWY-5686:_UMP_biosynthesis_I	1	0.05555555555555555	0.0052437033274748135
HEMESYN2-PWY:_heme_b_biosynthesis_II_(oxygen-independent)	PWY-5837:_2-carboxy-1,4-naphthoquinol_biosynthesis	2	1.0	0.7997993180214118
HEMESYN2-PWY:_heme_b_biosynthesis_II_(oxygen-independent)	PWY-6121:_5-aminoimidazole_ribonucleotide_biosynthesis_I	2	0.1	0.010893393421378517
HEMESYN2-PWY:_heme_b_biosynthesis_II_(oxygen-independent)	PWY-6122:_5-aminoimidazole_ribonucleotide_biosynthesis_II	2	0.08333333333333333	0.011499010410207178
HEMESYN2-PWY:_heme_b_biosynthesis_II_(oxygen-independent)	PWY-6123:_inosine-5'-phosphate_biosynthesis_I	2	0.2857142857142857	0.01199195682343368
HEMESYN2-PWY:_heme_b_biosynthesis_II_(oxygen-independent)	PWY-6124:_inosine-5'-phosphate_biosynthesis_II	2	0.2	0.01127945808329811
HEMESYN2-PWY:_heme_b_biosynthesis_II_(oxygen-independent)	PWY-6163:_chorismate_biosynthesis_from_3-dehydroquinate	2	0.125	0.012257704007880177
HEMESYN2-PWY:_heme_b_biosynthesis_II_(oxygen-independent)	PWY-6277:_superpathway_of_5-aminoimidazole_ribonucleotide_biosynthesis	2	0.08333333333333333	0.011499010410207178
HEMESYN2-PWY:_heme_b_biosynthesis_II_(oxygen-independent)	PWY-6385:_peptidoglycan_biosynthesis_III_(mycobacteria)	2	0.15384615384615385	0.015081315134568452
HEMESYN2-PWY:_heme_b_biosynthesis_II_(oxygen-independent)	PWY-6386:_UDP-N-acetylmuramoyl-pentapeptide_biosynthesis_II_(lysine-containing)	2	0.18181818181818182	0.015579917786139874
HEMESYN2-PWY:_heme_b_biosynthesis_II_(oxygen-independent)	PWY-6387:_UDP-N-acetylmuramoyl-pentapeptide_biosynthesis_I_(meso-diaminopimelate_containing)	2	0.13333333333333333	0.014529717779220741
HEMESYN2-PWY:_heme_b_biosynthesis_II_(oxygen-independent)	PWY-6700:_queuosine_biosynthesis_I_(de_novo)	2	0.1111111111111111	0.00927554992160462
HEMESYN2-PWY:_heme_b_biosynthesis_II_(oxygen-independent)	PWY-6703:_preQ0_biosynthesis	2	0.2857142857142857	0.015183043021898102
HEMESYN2-PWY:_heme_b_biosynthesis_II_(oxygen-independent)	PWY-6823:_molybdopterin_biosynthesis	1	0.125	0.06703410708553914
HEMESYN2-PWY:_heme_b_biosynthesis_II_(oxygen-independent)	PWY-6936:_seleno-amino_acid_biosynthesis_(plants)	2	0.2857142857142857	0.2066653299639768
HEMESYN2-PWY:_heme_b_biosynthesis_II_(oxygen-independent)	PWY-7221:_guanosine_ribonucleotides_de_novo_biosynthesis	1	0.058823529411764705	0.007023059061000758
HEMESYN2-PWY:_heme_b_biosynthesis_II_(oxygen-independent)	PWY-7790:_UMP_biosynthesis_II	1	0.05555555555555555	0.005260826678043173
HEMESYN2-PWY:_heme_b_biosynthesis_II_(oxygen-independent)	PWY-7791:_UMP_biosynthesis_III	1	0.05555555555555555	0.00498257489323406
HEMESYN2-PWY:_heme_b_biosynthesis_II_(oxygen-independent)	PWY-7851:_coenzyme_A_biosynthesis_II_(eukaryotic)	1	0.08333333333333333	0.003292577969558952
HEMESYN2-PWY:_heme_b_biosynthesis_II_(oxygen-independent)	PWY-7953:_UDP-N-acetylmuramoyl-pentapeptide_biosynthesis_III_(meso-diaminopimelate_containing)	2	0.16666666666666666	0.013918444697679
HEMESYN2-PWY:_heme_b_biosynthesis_II_(oxygen-independent)	PWY0-1241:_ADP-L-glycero-&beta;-D-manno-heptose_biosynthesis	2	1.0	0.7397982006417256
HEMESYN2-PWY:_heme_b_biosynthesis_II_(oxygen-independent)	PWY66-429:_fatty_acid_biosynthesis_initiation_(mitochondria)	1	0.09090909090909091	0.006063104635765981
HEMESYN2-PWY:_heme_b_biosynthesis_II_(oxygen-independent)	RIBOSYN2-PWY:_flavin_biosynthesis_I_(bacteria_and_plants)	2	0.25	0.011300070327932121
HEMESYN2-PWY:_heme_b_biosynthesis_II_(oxygen-independent)	UDPNAGSYN-PWY:_UDP-N-acetyl-D-glucosamine_biosynthesis_I	2	0.2857142857142857	0.17686378156282057
HEMESYN2-PWY:_heme_b_biosynthesis_II_(oxygen-independent)	VALSYN-PWY:_L-valine_biosynthesis	2	0.09090909090909091	0.012532047331865304
HISDEG-PWY:_L-histidine_degradation_I	HISTSYN-PWY:_L-histidine_biosynthesis	3	0.5	0.8614335628601596
HISDEG-PWY:_L-histidine_degradation_I	ILEUSYN-PWY:_L-isoleucine_biosynthesis_I_(from_threonine)	1	0.06666666666666667	0.24606646407576305
HISDEG-PWY:_L-histidine_degradation_I	NONMEVIPP-PWY:_methylerythritol_phosphate_pathway_I	3	0.375	0.8830352645272362
HISDEG-PWY:_L-histidine_degradation_I	NONOXIPENT-PWY:_pentose_phosphate_pathway_(non-oxidative_branch)_I	1	0.1	0.24782409481884138
HISDEG-PWY:_L-histidine_degradation_I	PANTO-PWY:_phosphopantothenate_biosynthesis_I	3	0.3333333333333333	0.9460929373300422
HISDEG-PWY:_L-histidine_degradation_I	PANTOSYN-PWY:_superpathway_of_coenzyme_A_biosynthesis_I_(bacteria)	3	0.42857142857142855	0.9544831481606819
HISDEG-PWY:_L-histidine_degradation_I	PENTOSE-P-PWY:_pentose_phosphate_pathway	1	0.25	0.27024016578751087
HISDEG-PWY:_L-histidine_degradation_I	PEPTIDOGLYCANSYN-PWY:_peptidoglycan_biosynthesis_I_(meso-diaminopimelate_containing)	3	0.21428571428571427	0.8368189159466433
HISDEG-PWY:_L-histidine_degradation_I	PWY-1042:_glycolysis_IV	3	0.21428571428571427	0.5409079208235712
HISDEG-PWY:_L-histidine_degradation_I	PWY-1269:_CMP-3-deoxy-D-manno-octulosonate_biosynthesis	2	0.5	0.3015283184274472
HISDEG-PWY:_L-histidine_degradation_I	PWY-2942:_L-lysine_biosynthesis_III	3	0.5	0.9202783763812591
HISDEG-PWY:_L-histidine_degradation_I	PWY-3841:_folate_transformations_II_(plants)	3	0.2727272727272727	0.9045290854600381
HISDEG-PWY:_L-histidine_degradation_I	PWY-5030:_L-histidine_degradation_III	4	1.0	0.9784916990886885
HISDEG-PWY:_L-histidine_degradation_I	PWY-5097:_L-lysine_biosynthesis_VI	2	0.2857142857142857	0.8466574750902723
HISDEG-PWY:_L-histidine_degradation_I	PWY-5103:_L-isoleucine_biosynthesis_III	1	0.06666666666666667	0.2508017183685687
HISDEG-PWY:_L-histidine_degradation_I	PWY-5121:_superpathway_of_geranylgeranyl_diphosphate_biosynthesis_II_(via_MEP)	1	0.25	0.7902594198925652
HISDEG-PWY:_L-histidine_degradation_I	PWY-5130:_2-oxobutanoate_degradation_I	1	0.14285714285714285	0.14158942990069268
HISDEG-PWY:_L-histidine_degradation_I	PWY-5384:_sucrose_degradation_IV_(sucrose_phosphorylase)	1	0.16666666666666666	0.2654364320470286
HISDEG-PWY:_L-histidine_degradation_I	PWY-5659:_GDP-mannose_biosynthesis	1	0.14285714285714285	0.034445663529941495
HISDEG-PWY:_L-histidine_degradation_I	PWY-5667:_CDP-diacylglycerol_biosynthesis_I	2	0.2	0.8161700327436726
HISDEG-PWY:_L-histidine_degradation_I	PWY-5686:_UMP_biosynthesis_I	3	0.16666666666666666	0.8067407957925472
HISDEG-PWY:_L-histidine_degradation_I	PWY-5695:_inosine_5'-phosphate_degradation	4	0.3333333333333333	0.799150535579815
HISDEG-PWY:_L-histidine_degradation_I	PWY-5973:_cis-vaccenate_biosynthesis	2	0.5	0.8109697664212675
HISDEG-PWY:_L-histidine_degradation_I	PWY-6121:_5-aminoimidazole_ribonucleotide_biosynthesis_I	4	0.2	0.8677602063876456
HISDEG-PWY:_L-histidine_degradation_I	PWY-6122:_5-aminoimidazole_ribonucleotide_biosynthesis_II	4	0.16666666666666666	0.8542997577514769
HISDEG-PWY:_L-histidine_degradation_I	PWY-6123:_inosine-5'-phosphate_biosynthesis_I	3	0.375	0.8818942485995791
HISDEG-PWY:_L-histidine_degradation_I	PWY-6124:_inosine-5'-phosphate_biosynthesis_II	3	0.2727272727272727	0.8659845019718991
HISDEG-PWY:_L-histidine_degradation_I	PWY-6125:_superpathway_of_guanosine_nucleotides_de_novo_biosynthesis_II	2	0.5	0.8774786807205845
HISDEG-PWY:_L-histidine_degradation_I	PWY-6126:_superpathway_of_adenosine_nucleotides_de_novo_biosynthesis_II	2	0.5	0.7781227099163824
HISDEG-PWY:_L-histidine_degradation_I	PWY-6147:_6-hydroxymethyl-dihydropterin_diphosphate_biosynthesis_I	3	0.75	0.8939808045556557
HISDEG-PWY:_L-histidine_degradation_I	PWY-6151:_S-adenosyl-L-methionine_salvage_I	1	0.058823529411764705	0.6916360814790637
HISDEG-PWY:_L-histidine_degradation_I	PWY-6163:_chorismate_biosynthesis_from_3-dehydroquinate	3	0.17647058823529413	0.7522164257393456
HISDEG-PWY:_L-histidine_degradation_I	PWY-621:_sucrose_degradation_III_(sucrose_invertase)	1	0.14285714285714285	0.26365578024950287
HISDEG-PWY:_L-histidine_degradation_I	PWY-6270:_isoprene_biosynthesis_I	1	0.2	0.2645650674168032
HISDEG-PWY:_L-histidine_degradation_I	PWY-6277:_superpathway_of_5-aminoimidazole_ribonucleotide_biosynthesis	4	0.16666666666666666	0.8542997577514769
HISDEG-PWY:_L-histidine_degradation_I	PWY-6385:_peptidoglycan_biosynthesis_III_(mycobacteria)	3	0.21428571428571427	0.8860208468162271
HISDEG-PWY:_L-histidine_degradation_I	PWY-6386:_UDP-N-acetylmuramoyl-pentapeptide_biosynthesis_II_(lysine-containing)	3	0.25	0.8533885771710388
HISDEG-PWY:_L-histidine_degradation_I	PWY-6387:_UDP-N-acetylmuramoyl-pentapeptide_biosynthesis_I_(meso-diaminopimelate_containing)	3	0.1875	0.8209074680827801
HISDEG-PWY:_L-histidine_degradation_I	PWY-6572:_chondroitin_sulfate_degradation_I_(bacterial)	1	0.25	0.24973425172329355
HISDEG-PWY:_L-histidine_degradation_I	PWY-6609:_adenine_and_adenosine_salvage_III	4	0.23529411764705882	0.7820158726083418
HISDEG-PWY:_L-histidine_degradation_I	PWY-6700:_queuosine_biosynthesis_I_(de_novo)	2	0.1	0.7374849211067178
HISDEG-PWY:_L-histidine_degradation_I	PWY-6703:_preQ0_biosynthesis	2	0.2222222222222222	0.8190188327396164
HISDEG-PWY:_L-histidine_degradation_I	PWY-6902:_chitin_degradation_II_(Vibrio)	1	0.2	0.21185808590747546
HISDEG-PWY:_L-histidine_degradation_I	PWY-7199:_pyrimidine_deoxyribonucleosides_salvage	2	0.4	0.934947222512472
HISDEG-PWY:_L-histidine_degradation_I	PWY-7220:_adenosine_deoxyribonucleotides_de_novo_biosynthesis_II	2	0.5	0.8117133339821493
HISDEG-PWY:_L-histidine_degradation_I	PWY-7221:_guanosine_ribonucleotides_de_novo_biosynthesis	4	0.25	0.8087621195831262
HISDEG-PWY:_L-histidine_degradation_I	PWY-7222:_guanosine_deoxyribonucleotides_de_novo_biosynthesis_II	2	0.5	0.8117133339821493
HISDEG-PWY:_L-histidine_degradation_I	PWY-7228:_superpathway_of_guanosine_nucleotides_de_novo_biosynthesis_I	2	0.4	0.8132521152289498
HISDEG-PWY:_L-histidine_degradation_I	PWY-7229:_superpathway_of_adenosine_nucleotides_de_novo_biosynthesis_I	2	0.5	0.7527777088667821
HISDEG-PWY:_L-histidine_degradation_I	PWY-7234:_inosine-5'-phosphate_biosynthesis_III	1	0.25	0.1475834908036464
HISDEG-PWY:_L-histidine_degradation_I	PWY-7560:_methylerythritol_phosphate_pathway_II	1	0.2	0.26481156001864525
HISDEG-PWY:_L-histidine_degradation_I	PWY-7663:_gondoate_biosynthesis_(anaerobic)	2	0.5	0.8208983559452948
HISDEG-PWY:_L-histidine_degradation_I	PWY-7790:_UMP_biosynthesis_II	3	0.16666666666666666	0.8083008671406913
HISDEG-PWY:_L-histidine_degradation_I	PWY-7791:_UMP_biosynthesis_III	3	0.16666666666666666	0.7824254766412265
HISDEG-PWY:_L-histidine_degradation_I	PWY-7851:_coenzyme_A_biosynthesis_II_(eukaryotic)	3	0.25	0.8871704644235127
HISDEG-PWY:_L-histidine_degradation_I	PWY-7953:_UDP-N-acetylmuramoyl-pentapeptide_biosynthesis_III_(meso-diaminopimelate_containing)	3	0.23076923076923078	0.9003329578041648
HISDEG-PWY:_L-histidine_degradation_I	PWY-7977:_L-methionine_biosynthesis_IV	4	0.6666666666666666	0.8991891542958527
HISDEG-PWY:_L-histidine_degradation_I	PWY-8178:_pentose_phosphate_pathway_(non-oxidative_branch)_II	1	0.1	0.24778539170930813
HISDEG-PWY:_L-histidine_degradation_I	PWY0-1319:_CDP-diacylglycerol_biosynthesis_II	2	0.2	0.8161700327436726
HISDEG-PWY:_L-histidine_degradation_I	PWY0-1586:_peptidoglycan_maturation_(meso-diaminopimelate_containing)	2	0.2857142857142857	0.8831001297637487
HISDEG-PWY:_L-histidine_degradation_I	PWY0-162:_superpathway_of_pyrimidine_ribonucleotides_de_novo_biosynthesis	1	0.25	0.27181375354136705
HISDEG-PWY:_L-histidine_degradation_I	PWY0-845:_superpathway_of_pyridoxal_5'-phosphate_biosynthesis_and_salvage	1	0.25	0.26978435687604896
HISDEG-PWY:_L-histidine_degradation_I	PWY66-429:_fatty_acid_biosynthesis_initiation_(mitochondria)	2	0.16666666666666666	0.7737125275768634
HISDEG-PWY:_L-histidine_degradation_I	PYRIDNUCSYN-PWY:_NAD_de_novo_biosynthesis_I_(from_aspartate)	4	0.6666666666666666	0.8897848613991712
HISDEG-PWY:_L-histidine_degradation_I	PYRIDOXSYN-PWY:_pyridoxal_5'-phosphate_biosynthesis_I	1	0.25	0.26939391799514334
HISDEG-PWY:_L-histidine_degradation_I	RHAMCAT-PWY:_L-rhamnose_degradation_I	2	0.3333333333333333	0.8172985147403964
HISDEG-PWY:_L-histidine_degradation_I	RIBOSYN2-PWY:_flavin_biosynthesis_I_(bacteria_and_plants)	2	0.2	0.77174791203152
HISDEG-PWY:_L-histidine_degradation_I	SER-GLYSYN-PWY:_superpathway_of_L-serine_and_glycine_biosynthesis_I	4	0.4	0.9464984796001524
HISDEG-PWY:_L-histidine_degradation_I	THRESYN-PWY:_superpathway_of_L-threonine_biosynthesis	1	0.16666666666666666	0.7982340392848691
HISDEG-PWY:_L-histidine_degradation_I	TRNA-CHARGING-PWY:_tRNA_charging	4	0.5714285714285714	0.8878020335024176
HISDEG-PWY:_L-histidine_degradation_I	VALSYN-PWY:_L-valine_biosynthesis	2	0.08333333333333333	0.7328970812594879
HISTSYN-PWY:_L-histidine_biosynthesis	ILEUSYN-PWY:_L-isoleucine_biosynthesis_I_(from_threonine)	2	0.13333333333333333	0.29553257913831144
HISTSYN-PWY:_L-histidine_biosynthesis	NONMEVIPP-PWY:_methylerythritol_phosphate_pathway_I	3	0.3333333333333333	0.876200051140194
HISTSYN-PWY:_L-histidine_biosynthesis	NONOXIPENT-PWY:_pentose_phosphate_pathway_(non-oxidative_branch)_I	2	0.2	0.30347422527000867
HISTSYN-PWY:_L-histidine_biosynthesis	P41-PWY:_pyruvate_fermentation_to_acetate_and_(S)-lactate_I	1	0.1111111111111111	0.01000652243084832
HISTSYN-PWY:_L-histidine_biosynthesis	PANTO-PWY:_phosphopantothenate_biosynthesis_I	3	0.3	0.8253313116751085
HISTSYN-PWY:_L-histidine_biosynthesis	PANTOSYN-PWY:_superpathway_of_coenzyme_A_biosynthesis_I_(bacteria)	3	0.375	0.8260185978558675
HISTSYN-PWY:_L-histidine_biosynthesis	PENTOSE-P-PWY:_pentose_phosphate_pathway	1	0.2	0.2874678201666351
HISTSYN-PWY:_L-histidine_biosynthesis	PEPTIDOGLYCANSYN-PWY:_peptidoglycan_biosynthesis_I_(meso-diaminopimelate_containing)	4	0.2857142857142857	0.8807561130480055
HISTSYN-PWY:_L-histidine_biosynthesis	PWY-1042:_glycolysis_IV	4	0.2857142857142857	0.5698862025805784
HISTSYN-PWY:_L-histidine_biosynthesis	PWY-1269:_CMP-3-deoxy-D-manno-octulosonate_biosynthesis	2	0.4	0.2694686404165759
HISTSYN-PWY:_L-histidine_biosynthesis	PWY-2942:_L-lysine_biosynthesis_III	3	0.42857142857142855	0.8881805026000169
HISTSYN-PWY:_L-histidine_biosynthesis	PWY-3841:_folate_transformations_II_(plants)	3	0.25	0.8776750357932462
HISTSYN-PWY:_L-histidine_biosynthesis	PWY-5030:_L-histidine_degradation_III	3	0.5	0.8794628300254023
HISTSYN-PWY:_L-histidine_biosynthesis	PWY-5097:_L-lysine_biosynthesis_VI	3	0.42857142857142855	0.8961471506186509
HISTSYN-PWY:_L-histidine_biosynthesis	PWY-5100:_pyruvate_fermentation_to_acetate_and_lactate_II	1	0.1	0.009830202453880665
HISTSYN-PWY:_L-histidine_biosynthesis	PWY-5103:_L-isoleucine_biosynthesis_III	2	0.13333333333333333	0.28411927764492007
HISTSYN-PWY:_L-histidine_biosynthesis	PWY-5121:_superpathway_of_geranylgeranyl_diphosphate_biosynthesis_II_(via_MEP)	1	0.2	0.8124031461875547
HISTSYN-PWY:_L-histidine_biosynthesis	PWY-5384:_sucrose_degradation_IV_(sucrose_phosphorylase)	1	0.14285714285714285	0.28060427651084896
HISTSYN-PWY:_L-histidine_biosynthesis	PWY-5659:_GDP-mannose_biosynthesis	2	0.2857142857142857	0.1246138165813605
HISTSYN-PWY:_L-histidine_biosynthesis	PWY-5667:_CDP-diacylglycerol_biosynthesis_I	3	0.3	0.9063081766952348
HISTSYN-PWY:_L-histidine_biosynthesis	PWY-5686:_UMP_biosynthesis_I	4	0.2222222222222222	0.860045130567973
HISTSYN-PWY:_L-histidine_biosynthesis	PWY-5695:_inosine_5'-phosphate_degradation	4	0.3076923076923077	0.826057802341117
HISTSYN-PWY:_L-histidine_biosynthesis	PWY-5941:_glycogen_degradation_II	2	0.2	0.12913911107005938
HISTSYN-PWY:_L-histidine_biosynthesis	PWY-5973:_cis-vaccenate_biosynthesis	2	0.4	0.8714751309352188
HISTSYN-PWY:_L-histidine_biosynthesis	PWY-6121:_5-aminoimidazole_ribonucleotide_biosynthesis_I	5	0.25	0.8510031702764453
HISTSYN-PWY:_L-histidine_biosynthesis	PWY-6122:_5-aminoimidazole_ribonucleotide_biosynthesis_II	5	0.20833333333333334	0.8137512014609147
HISTSYN-PWY:_L-histidine_biosynthesis	PWY-6123:_inosine-5'-phosphate_biosynthesis_I	3	0.3333333333333333	0.9289665540786619
HISTSYN-PWY:_L-histidine_biosynthesis	PWY-6124:_inosine-5'-phosphate_biosynthesis_II	3	0.25	0.9091800642415411
HISTSYN-PWY:_L-histidine_biosynthesis	PWY-6125:_superpathway_of_guanosine_nucleotides_de_novo_biosynthesis_II	2	0.4	0.9208314562251803
HISTSYN-PWY:_L-histidine_biosynthesis	PWY-6126:_superpathway_of_adenosine_nucleotides_de_novo_biosynthesis_II	2	0.4	0.8381000528065181
HISTSYN-PWY:_L-histidine_biosynthesis	PWY-6147:_6-hydroxymethyl-dihydropterin_diphosphate_biosynthesis_I	2	0.3333333333333333	0.8665213012927175
HISTSYN-PWY:_L-histidine_biosynthesis	PWY-6151:_S-adenosyl-L-methionine_salvage_I	3	0.1875	0.7954329581894175
HISTSYN-PWY:_L-histidine_biosynthesis	PWY-6163:_chorismate_biosynthesis_from_3-dehydroquinate	5	0.3125	0.8699157841991629
HISTSYN-PWY:_L-histidine_biosynthesis	PWY-621:_sucrose_degradation_III_(sucrose_invertase)	1	0.125	0.2789073786085702
HISTSYN-PWY:_L-histidine_biosynthesis	PWY-6270:_isoprene_biosynthesis_I	1	0.16666666666666666	0.27412524340648237
HISTSYN-PWY:_L-histidine_biosynthesis	PWY-6277:_superpathway_of_5-aminoimidazole_ribonucleotide_biosynthesis	5	0.20833333333333334	0.8137512014609147
HISTSYN-PWY:_L-histidine_biosynthesis	PWY-6317:_D-galactose_degradation_I_(Leloir_pathway)	2	0.18181818181818182	0.1333666126904074
HISTSYN-PWY:_L-histidine_biosynthesis	PWY-6385:_peptidoglycan_biosynthesis_III_(mycobacteria)	4	0.2857142857142857	0.8930519752216498
HISTSYN-PWY:_L-histidine_biosynthesis	PWY-6386:_UDP-N-acetylmuramoyl-pentapeptide_biosynthesis_II_(lysine-containing)	4	0.3333333333333333	0.889638183655157
HISTSYN-PWY:_L-histidine_biosynthesis	PWY-6387:_UDP-N-acetylmuramoyl-pentapeptide_biosynthesis_I_(meso-diaminopimelate_containing)	4	0.25	0.8656511621853976
HISTSYN-PWY:_L-histidine_biosynthesis	PWY-6507:_4-deoxy-L-threo-hex-4-enopyranuronate_degradation	1	0.2	0.1328617642537946
HISTSYN-PWY:_L-histidine_biosynthesis	PWY-6527:_stachyose_degradation	1	0.08333333333333333	0.040416790295837335
HISTSYN-PWY:_L-histidine_biosynthesis	PWY-6572:_chondroitin_sulfate_degradation_I_(bacterial)	1	0.2	0.2972315181515174
HISTSYN-PWY:_L-histidine_biosynthesis	PWY-6608:_guanosine_nucleotides_degradation_III	1	0.16666666666666666	0.09255289738843209
HISTSYN-PWY:_L-histidine_biosynthesis	PWY-6609:_adenine_and_adenosine_salvage_III	5	0.29411764705882354	0.8253989296803319
HISTSYN-PWY:_L-histidine_biosynthesis	PWY-6700:_queuosine_biosynthesis_I_(de_novo)	4	0.21052631578947367	0.8497416921395974
HISTSYN-PWY:_L-histidine_biosynthesis	PWY-6703:_preQ0_biosynthesis	2	0.2	0.8796302409689865
HISTSYN-PWY:_L-histidine_biosynthesis	PWY-6823:_molybdopterin_biosynthesis	2	0.2	0.13955620155321624
HISTSYN-PWY:_L-histidine_biosynthesis	PWY-6897:_thiamine_diphosphate_salvage_II	1	0.14285714285714285	0.13218148158673504
HISTSYN-PWY:_L-histidine_biosynthesis	PWY-6902:_chitin_degradation_II_(Vibrio)	1	0.16666666666666666	0.25579184184856985
HISTSYN-PWY:_L-histidine_biosynthesis	PWY-7111:_pyruvate_fermentation_to_isobutanol_(engineered)	2	0.18181818181818182	0.03966644550191023
HISTSYN-PWY:_L-histidine_biosynthesis	PWY-7199:_pyrimidine_deoxyribonucleosides_salvage	2	0.3333333333333333	0.8819641809162397
HISTSYN-PWY:_L-histidine_biosynthesis	PWY-7220:_adenosine_deoxyribonucleotides_de_novo_biosynthesis_II	2	0.4	0.8539755716115841
HISTSYN-PWY:_L-histidine_biosynthesis	PWY-7221:_guanosine_ribonucleotides_de_novo_biosynthesis	5	0.3125	0.871286912648863
HISTSYN-PWY:_L-histidine_biosynthesis	PWY-7222:_guanosine_deoxyribonucleotides_de_novo_biosynthesis_II	2	0.4	0.8539755716115841
HISTSYN-PWY:_L-histidine_biosynthesis	PWY-7228:_superpathway_of_guanosine_nucleotides_de_novo_biosynthesis_I	2	0.3333333333333333	0.8737884800950377
HISTSYN-PWY:_L-histidine_biosynthesis	PWY-7229:_superpathway_of_adenosine_nucleotides_de_novo_biosynthesis_I	2	0.4	0.8122425374104538
HISTSYN-PWY:_L-histidine_biosynthesis	PWY-7237:_myo-,_chiro-_and_scyllo-inositol_degradation	2	0.15384615384615385	0.12834200598418366
HISTSYN-PWY:_L-histidine_biosynthesis	PWY-7238:_sucrose_biosynthesis_II	2	0.125	0.11009671786216924
HISTSYN-PWY:_L-histidine_biosynthesis	PWY-7242:_D-fructuronate_degradation	1	0.2	0.1332755717343619
HISTSYN-PWY:_L-histidine_biosynthesis	PWY-724:_superpathway_of_L-lysine,_L-threonine_and_L-methionine_biosynthesis_II	1	0.2	0.09782619488649325
HISTSYN-PWY:_L-histidine_biosynthesis	PWY-7357:_thiamine_phosphate_formation_from_pyrithiamine_and_oxythiamine_(yeast)	2	0.25	0.1370325533106278
HISTSYN-PWY:_L-histidine_biosynthesis	PWY-7560:_methylerythritol_phosphate_pathway_II	1	0.16666666666666666	0.273272635964795
HISTSYN-PWY:_L-histidine_biosynthesis	PWY-7663:_gondoate_biosynthesis_(anaerobic)	2	0.4	0.8815332067007419
HISTSYN-PWY:_L-histidine_biosynthesis	PWY-7790:_UMP_biosynthesis_II	4	0.2222222222222222	0.8610918643980897
HISTSYN-PWY:_L-histidine_biosynthesis	PWY-7791:_UMP_biosynthesis_III	4	0.2222222222222222	0.8412111937001635
HISTSYN-PWY:_L-histidine_biosynthesis	PWY-7851:_coenzyme_A_biosynthesis_II_(eukaryotic)	4	0.3333333333333333	0.8418292813487063
HISTSYN-PWY:_L-histidine_biosynthesis	PWY-7953:_UDP-N-acetylmuramoyl-pentapeptide_biosynthesis_III_(meso-diaminopimelate_containing)	3	0.21428571428571427	0.8571772106875871
HISTSYN-PWY:_L-histidine_biosynthesis	PWY-7977:_L-methionine_biosynthesis_IV	4	0.5714285714285714	0.9347436775501544
HISTSYN-PWY:_L-histidine_biosynthesis	PWY-8178:_pentose_phosphate_pathway_(non-oxidative_branch)_II	2	0.2	0.30240878688449824
HISTSYN-PWY:_L-histidine_biosynthesis	PWY0-1061:_superpathway_of_L-alanine_biosynthesis	1	0.16666666666666666	0.0062592841104945895
HISTSYN-PWY:_L-histidine_biosynthesis	PWY0-1296:_purine_ribonucleosides_degradation	2	0.18181818181818182	0.1272557321666561
HISTSYN-PWY:_L-histidine_biosynthesis	PWY0-1319:_CDP-diacylglycerol_biosynthesis_II	3	0.3	0.9063081766952348
HISTSYN-PWY:_L-histidine_biosynthesis	PWY0-1586:_peptidoglycan_maturation_(meso-diaminopimelate_containing)	3	0.42857142857142855	0.8978211499496583
HISTSYN-PWY:_L-histidine_biosynthesis	PWY0-162:_superpathway_of_pyrimidine_ribonucleotides_de_novo_biosynthesis	1	0.2	0.27850591140624237
HISTSYN-PWY:_L-histidine_biosynthesis	PWY0-845:_superpathway_of_pyridoxal_5'-phosphate_biosynthesis_and_salvage	1	0.2	0.29006571108728785
HISTSYN-PWY:_L-histidine_biosynthesis	PWY66-429:_fatty_acid_biosynthesis_initiation_(mitochondria)	2	0.15384615384615385	0.8336072855860508
HISTSYN-PWY:_L-histidine_biosynthesis	PYRIDNUCSYN-PWY:_NAD_de_novo_biosynthesis_I_(from_aspartate)	3	0.375	0.8456603094572734
HISTSYN-PWY:_L-histidine_biosynthesis	PYRIDOXSYN-PWY:_pyridoxal_5'-phosphate_biosynthesis_I	1	0.2	0.2922917267365762
HISTSYN-PWY:_L-histidine_biosynthesis	RHAMCAT-PWY:_L-rhamnose_degradation_I	2	0.2857142857142857	0.8778880284296499
HISTSYN-PWY:_L-histidine_biosynthesis	RIBOSYN2-PWY:_flavin_biosynthesis_I_(bacteria_and_plants)	4	0.4444444444444444	0.8856168233434417
HISTSYN-PWY:_L-histidine_biosynthesis	SALVADEHYPOX-PWY:_adenosine_nucleotides_degradation_II	1	0.2	0.08955514388418706
HISTSYN-PWY:_L-histidine_biosynthesis	SER-GLYSYN-PWY:_superpathway_of_L-serine_and_glycine_biosynthesis_I	4	0.36363636363636365	0.8188929190720105
HISTSYN-PWY:_L-histidine_biosynthesis	THISYNARA-PWY:_superpathway_of_thiamine_diphosphate_biosynthesis_III_(eukaryotes)	2	0.3333333333333333	0.08617883608583266
HISTSYN-PWY:_L-histidine_biosynthesis	THRESYN-PWY:_superpathway_of_L-threonine_biosynthesis	2	0.3333333333333333	0.8544771764467913
HISTSYN-PWY:_L-histidine_biosynthesis	TRNA-CHARGING-PWY:_tRNA_charging	5	0.7142857142857143	0.9187695733431213
HISTSYN-PWY:_L-histidine_biosynthesis	VALSYN-PWY:_L-valine_biosynthesis	4	0.17391304347826086	0.8607209675564903
HSERMETANA-PWY:_L-methionine_biosynthesis_III	ILEUSYN-PWY:_L-isoleucine_biosynthesis_I_(from_threonine)	5	0.38461538461538464	0.2627463863423727
HSERMETANA-PWY:_L-methionine_biosynthesis_III	NONMEVIPP-PWY:_methylerythritol_phosphate_pathway_I	3	0.3	0.06402285532577423
HSERMETANA-PWY:_L-methionine_biosynthesis_III	NONOXIPENT-PWY:_pentose_phosphate_pathway_(non-oxidative_branch)_I	3	0.3	0.2315646866181642
HSERMETANA-PWY:_L-methionine_biosynthesis_III	P41-PWY:_pyruvate_fermentation_to_acetate_and_(S)-lactate_I	3	0.375	0.4692742931603683
HSERMETANA-PWY:_L-methionine_biosynthesis_III	PANTO-PWY:_phosphopantothenate_biosynthesis_I	1	0.07692307692307693	0.017344833224424594
HSERMETANA-PWY:_L-methionine_biosynthesis_III	PEPTIDOGLYCANSYN-PWY:_peptidoglycan_biosynthesis_I_(meso-diaminopimelate_containing)	2	0.11764705882352941	0.03418739296673645
HSERMETANA-PWY:_L-methionine_biosynthesis_III	PWY-1042:_glycolysis_IV	4	0.26666666666666666	0.04151234160596262
HSERMETANA-PWY:_L-methionine_biosynthesis_III	PWY-2942:_L-lysine_biosynthesis_III	1	0.1	0.03894915179627634
HSERMETANA-PWY:_L-methionine_biosynthesis_III	PWY-3841:_folate_transformations_II_(plants)	2	0.14285714285714285	0.022461763751609576
HSERMETANA-PWY:_L-methionine_biosynthesis_III	PWY-5005:_biotin_biosynthesis_II	1	0.14285714285714285	0.02521823600980444
HSERMETANA-PWY:_L-methionine_biosynthesis_III	PWY-5097:_L-lysine_biosynthesis_VI	1	0.1	0.037732298883648485
HSERMETANA-PWY:_L-methionine_biosynthesis_III	PWY-5100:_pyruvate_fermentation_to_acetate_and_lactate_II	3	0.3333333333333333	0.43179859043418245
HSERMETANA-PWY:_L-methionine_biosynthesis_III	PWY-5103:_L-isoleucine_biosynthesis_III	5	0.38461538461538464	0.25712817824494927
HSERMETANA-PWY:_L-methionine_biosynthesis_III	PWY-5130:_2-oxobutanoate_degradation_I	1	0.1111111111111111	0.03411828268111072
HSERMETANA-PWY:_L-methionine_biosynthesis_III	PWY-5188:_tetrapyrrole_biosynthesis_I_(from_glutamate)	4	0.4	0.6294291322808645
HSERMETANA-PWY:_L-methionine_biosynthesis_III	PWY-5384:_sucrose_degradation_IV_(sucrose_phosphorylase)	2	0.2857142857142857	0.14406140287658675
HSERMETANA-PWY:_L-methionine_biosynthesis_III	PWY-5659:_GDP-mannose_biosynthesis	2	0.25	0.21810991186588613
HSERMETANA-PWY:_L-methionine_biosynthesis_III	PWY-5667:_CDP-diacylglycerol_biosynthesis_I	2	0.16666666666666666	0.04189068341668711
HSERMETANA-PWY:_L-methionine_biosynthesis_III	PWY-5686:_UMP_biosynthesis_I	4	0.21052631578947367	0.06655659666699998
HSERMETANA-PWY:_L-methionine_biosynthesis_III	PWY-5695:_inosine_5'-phosphate_degradation	4	0.2857142857142857	0.059529188204136996
HSERMETANA-PWY:_L-methionine_biosynthesis_III	PWY-5837:_2-carboxy-1,4-naphthoquinol_biosynthesis	1	0.14285714285714285	0.08856226190183125
HSERMETANA-PWY:_L-methionine_biosynthesis_III	PWY-5941:_glycogen_degradation_II	4	0.4444444444444444	0.3289933337694406
HSERMETANA-PWY:_L-methionine_biosynthesis_III	PWY-6121:_5-aminoimidazole_ribonucleotide_biosynthesis_I	5	0.23809523809523808	0.07082577179304006
HSERMETANA-PWY:_L-methionine_biosynthesis_III	PWY-6122:_5-aminoimidazole_ribonucleotide_biosynthesis_II	6	0.25	0.0885518170854096
HSERMETANA-PWY:_L-methionine_biosynthesis_III	PWY-6123:_inosine-5'-phosphate_biosynthesis_I	1	0.08333333333333333	0.003413143860069967
HSERMETANA-PWY:_L-methionine_biosynthesis_III	PWY-6124:_inosine-5'-phosphate_biosynthesis_II	2	0.14285714285714285	0.01498850524764217
HSERMETANA-PWY:_L-methionine_biosynthesis_III	PWY-6151:_S-adenosyl-L-methionine_salvage_I	3	0.17647058823529413	0.06361139317551567
HSERMETANA-PWY:_L-methionine_biosynthesis_III	PWY-6163:_chorismate_biosynthesis_from_3-dehydroquinate	5	0.29411764705882354	0.06411392563489071
HSERMETANA-PWY:_L-methionine_biosynthesis_III	PWY-621:_sucrose_degradation_III_(sucrose_invertase)	3	0.42857142857142855	0.18129801832372372
HSERMETANA-PWY:_L-methionine_biosynthesis_III	PWY-6270:_isoprene_biosynthesis_I	1	0.14285714285714285	0.14336878262932717
HSERMETANA-PWY:_L-methionine_biosynthesis_III	PWY-6277:_superpathway_of_5-aminoimidazole_ribonucleotide_biosynthesis	6	0.25	0.0885518170854096
HSERMETANA-PWY:_L-methionine_biosynthesis_III	PWY-6317:_D-galactose_degradation_I_(Leloir_pathway)	4	0.4	0.3967427151670312
HSERMETANA-PWY:_L-methionine_biosynthesis_III	PWY-6385:_peptidoglycan_biosynthesis_III_(mycobacteria)	3	0.1875	0.056925590530451764
HSERMETANA-PWY:_L-methionine_biosynthesis_III	PWY-6386:_UDP-N-acetylmuramoyl-pentapeptide_biosynthesis_II_(lysine-containing)	2	0.13333333333333333	0.03546893517100913
HSERMETANA-PWY:_L-methionine_biosynthesis_III	PWY-6387:_UDP-N-acetylmuramoyl-pentapeptide_biosynthesis_I_(meso-diaminopimelate_containing)	3	0.16666666666666666	0.04880795649265102
HSERMETANA-PWY:_L-methionine_biosynthesis_III	PWY-6527:_stachyose_degradation	4	0.4	0.41558435989044284
HSERMETANA-PWY:_L-methionine_biosynthesis_III	PWY-6608:_guanosine_nucleotides_degradation_III	1	0.14285714285714285	0.13406455893226576
HSERMETANA-PWY:_L-methionine_biosynthesis_III	PWY-6609:_adenine_and_adenosine_salvage_III	3	0.15	0.05099993978880257
HSERMETANA-PWY:_L-methionine_biosynthesis_III	PWY-6700:_queuosine_biosynthesis_I_(de_novo)	5	0.2631578947368421	0.06089265738445793
HSERMETANA-PWY:_L-methionine_biosynthesis_III	PWY-6703:_preQ0_biosynthesis	2	0.18181818181818182	0.03783175034431652
HSERMETANA-PWY:_L-methionine_biosynthesis_III	PWY-6823:_molybdopterin_biosynthesis	1	0.08333333333333333	0.08727971617063612
HSERMETANA-PWY:_L-methionine_biosynthesis_III	PWY-6936:_seleno-amino_acid_biosynthesis_(plants)	3	0.3	0.4698725411243233
HSERMETANA-PWY:_L-methionine_biosynthesis_III	PWY-7111:_pyruvate_fermentation_to_isobutanol_(engineered)	4	0.4	0.576283246084725
HSERMETANA-PWY:_L-methionine_biosynthesis_III	PWY-7221:_guanosine_ribonucleotides_de_novo_biosynthesis	4	0.2222222222222222	0.06263690457248328
HSERMETANA-PWY:_L-methionine_biosynthesis_III	PWY-7237:_myo-,_chiro-_and_scyllo-inositol_degradation	2	0.14285714285714285	0.1695958113919952
HSERMETANA-PWY:_L-methionine_biosynthesis_III	PWY-7238:_sucrose_biosynthesis_II	5	0.35714285714285715	0.23555605592361917
HSERMETANA-PWY:_L-methionine_biosynthesis_III	PWY-7357:_thiamine_phosphate_formation_from_pyrithiamine_and_oxythiamine_(yeast)	1	0.1	0.07930592355763533
HSERMETANA-PWY:_L-methionine_biosynthesis_III	PWY-7456:_&beta;-(1,4)-mannan_degradation	1	0.16666666666666666	0.24865279370575877
HSERMETANA-PWY:_L-methionine_biosynthesis_III	PWY-7560:_methylerythritol_phosphate_pathway_II	1	0.14285714285714285	0.14393620719899158
HSERMETANA-PWY:_L-methionine_biosynthesis_III	PWY-7790:_UMP_biosynthesis_II	4	0.21052631578947367	0.06676508794799552
HSERMETANA-PWY:_L-methionine_biosynthesis_III	PWY-7791:_UMP_biosynthesis_III	4	0.21052631578947367	0.06337027484370716
HSERMETANA-PWY:_L-methionine_biosynthesis_III	PWY-7851:_coenzyme_A_biosynthesis_II_(eukaryotic)	4	0.3076923076923077	0.0708486158249837
HSERMETANA-PWY:_L-methionine_biosynthesis_III	PWY-7953:_UDP-N-acetylmuramoyl-pentapeptide_biosynthesis_III_(meso-diaminopimelate_containing)	3	0.2	0.056507193964226654
HSERMETANA-PWY:_L-methionine_biosynthesis_III	PWY-7977:_L-methionine_biosynthesis_IV	1	0.09090909090909091	0.032160778384848654
HSERMETANA-PWY:_L-methionine_biosynthesis_III	PWY-8178:_pentose_phosphate_pathway_(non-oxidative_branch)_II	3	0.3	0.23143760241304423
HSERMETANA-PWY:_L-methionine_biosynthesis_III	PWY0-1241:_ADP-L-glycero-&beta;-D-manno-heptose_biosynthesis	1	0.14285714285714285	0.037888012037186614
HSERMETANA-PWY:_L-methionine_biosynthesis_III	PWY0-1296:_purine_ribonucleosides_degradation	2	0.16666666666666666	0.16240279283814485
HSERMETANA-PWY:_L-methionine_biosynthesis_III	PWY0-1319:_CDP-diacylglycerol_biosynthesis_II	2	0.16666666666666666	0.04189068341668711
HSERMETANA-PWY:_L-methionine_biosynthesis_III	PWY0-1586:_peptidoglycan_maturation_(meso-diaminopimelate_containing)	1	0.1	0.014790251947352284
HSERMETANA-PWY:_L-methionine_biosynthesis_III	PWY66-429:_fatty_acid_biosynthesis_initiation_(mitochondria)	2	0.14285714285714285	0.04386149171264031
HSERMETANA-PWY:_L-methionine_biosynthesis_III	PYRIDNUCSYN-PWY:_NAD_de_novo_biosynthesis_I_(from_aspartate)	1	0.09090909090909091	0.015977127502955435
HSERMETANA-PWY:_L-methionine_biosynthesis_III	RHAMCAT-PWY:_L-rhamnose_degradation_I	2	0.25	0.04593688595615997
HSERMETANA-PWY:_L-methionine_biosynthesis_III	RIBOSYN2-PWY:_flavin_biosynthesis_I_(bacteria_and_plants)	2	0.16666666666666666	0.03006871780542819
HSERMETANA-PWY:_L-methionine_biosynthesis_III	SER-GLYSYN-PWY:_superpathway_of_L-serine_and_glycine_biosynthesis_I	3	0.23076923076923078	0.06776492271080514
HSERMETANA-PWY:_L-methionine_biosynthesis_III	UDPNAGSYN-PWY:_UDP-N-acetyl-D-glucosamine_biosynthesis_I	3	0.3	0.31723168090465315
HSERMETANA-PWY:_L-methionine_biosynthesis_III	VALSYN-PWY:_L-valine_biosynthesis	6	0.2727272727272727	0.08709066330163029
ILEUSYN-PWY:_L-isoleucine_biosynthesis_I_(from_threonine)	NONMEVIPP-PWY:_methylerythritol_phosphate_pathway_I	4	0.26666666666666666	0.3300158090249534
ILEUSYN-PWY:_L-isoleucine_biosynthesis_I_(from_threonine)	NONOXIPENT-PWY:_pentose_phosphate_pathway_(non-oxidative_branch)_I	5	0.35714285714285715	0.8408777190590226
ILEUSYN-PWY:_L-isoleucine_biosynthesis_I_(from_threonine)	P41-PWY:_pyruvate_fermentation_to_acetate_and_(S)-lactate_I	4	0.3076923076923077	0.10490014644167678
ILEUSYN-PWY:_L-isoleucine_biosynthesis_I_(from_threonine)	PANTO-PWY:_phosphopantothenate_biosynthesis_I	4	0.25	0.2677731829907608
ILEUSYN-PWY:_L-isoleucine_biosynthesis_I_(from_threonine)	PANTOSYN-PWY:_superpathway_of_coenzyme_A_biosynthesis_I_(bacteria)	2	0.125	0.24913156073563303
ILEUSYN-PWY:_L-isoleucine_biosynthesis_I_(from_threonine)	PENTOSE-P-PWY:_pentose_phosphate_pathway	1	0.08333333333333333	0.7649294102790668
ILEUSYN-PWY:_L-isoleucine_biosynthesis_I_(from_threonine)	PEPTIDOGLYCANSYN-PWY:_peptidoglycan_biosynthesis_I_(meso-diaminopimelate_containing)	6	0.3157894736842105	0.27756646665970275
ILEUSYN-PWY:_L-isoleucine_biosynthesis_I_(from_threonine)	PWY-1042:_glycolysis_IV	6	0.3157894736842105	0.046444467232562126
ILEUSYN-PWY:_L-isoleucine_biosynthesis_I_(from_threonine)	PWY-1269:_CMP-3-deoxy-D-manno-octulosonate_biosynthesis	1	0.07692307692307693	0.6485618109584446
ILEUSYN-PWY:_L-isoleucine_biosynthesis_I_(from_threonine)	PWY-2942:_L-lysine_biosynthesis_III	3	0.21428571428571427	0.3448821587986983
ILEUSYN-PWY:_L-isoleucine_biosynthesis_I_(from_threonine)	PWY-3841:_folate_transformations_II_(plants)	5	0.29411764705882354	0.2840271979280735
ILEUSYN-PWY:_L-isoleucine_biosynthesis_I_(from_threonine)	PWY-5005:_biotin_biosynthesis_II	2	0.16666666666666666	0.04523241058081595
ILEUSYN-PWY:_L-isoleucine_biosynthesis_I_(from_threonine)	PWY-5030:_L-histidine_degradation_III	1	0.06666666666666667	0.2612935849083341
ILEUSYN-PWY:_L-isoleucine_biosynthesis_I_(from_threonine)	PWY-5097:_L-lysine_biosynthesis_VI	3	0.21428571428571427	0.3385655856382652
ILEUSYN-PWY:_L-isoleucine_biosynthesis_I_(from_threonine)	PWY-5100:_pyruvate_fermentation_to_acetate_and_lactate_II	5	0.38461538461538464	0.11811059687918668
ILEUSYN-PWY:_L-isoleucine_biosynthesis_I_(from_threonine)	PWY-5103:_L-isoleucine_biosynthesis_III	12	1.0	0.9581464067751728
ILEUSYN-PWY:_L-isoleucine_biosynthesis_I_(from_threonine)	PWY-5130:_2-oxobutanoate_degradation_I	3	0.23076923076923078	0.050898979509626296
ILEUSYN-PWY:_L-isoleucine_biosynthesis_I_(from_threonine)	PWY-5188:_tetrapyrrole_biosynthesis_I_(from_glutamate)	5	0.3333333333333333	0.21078169614334386
ILEUSYN-PWY:_L-isoleucine_biosynthesis_I_(from_threonine)	PWY-5384:_sucrose_degradation_IV_(sucrose_phosphorylase)	2	0.15384615384615385	0.7634546360807228
ILEUSYN-PWY:_L-isoleucine_biosynthesis_I_(from_threonine)	PWY-5659:_GDP-mannose_biosynthesis	2	0.14285714285714285	0.07488520770022844
ILEUSYN-PWY:_L-isoleucine_biosynthesis_I_(from_threonine)	PWY-5667:_CDP-diacylglycerol_biosynthesis_I	4	0.25	0.2570822385418474
ILEUSYN-PWY:_L-isoleucine_biosynthesis_I_(from_threonine)	PWY-5686:_UMP_biosynthesis_I	8	0.38095238095238093	0.31008746898640793
ILEUSYN-PWY:_L-isoleucine_biosynthesis_I_(from_threonine)	PWY-5695:_inosine_5'-phosphate_degradation	5	0.2631578947368421	0.2577300266142528
ILEUSYN-PWY:_L-isoleucine_biosynthesis_I_(from_threonine)	PWY-5837:_2-carboxy-1,4-naphthoquinol_biosynthesis	2	0.16666666666666666	0.043645056304431606
ILEUSYN-PWY:_L-isoleucine_biosynthesis_I_(from_threonine)	PWY-5941:_glycogen_degradation_II	4	0.26666666666666666	0.17768152902934642
ILEUSYN-PWY:_L-isoleucine_biosynthesis_I_(from_threonine)	PWY-5973:_cis-vaccenate_biosynthesis	1	0.07692307692307693	0.2808767892691929
ILEUSYN-PWY:_L-isoleucine_biosynthesis_I_(from_threonine)	PWY-6121:_5-aminoimidazole_ribonucleotide_biosynthesis_I	9	0.391304347826087	0.30383980416999745
ILEUSYN-PWY:_L-isoleucine_biosynthesis_I_(from_threonine)	PWY-6122:_5-aminoimidazole_ribonucleotide_biosynthesis_II	10	0.38461538461538464	0.28838514543784743
ILEUSYN-PWY:_L-isoleucine_biosynthesis_I_(from_threonine)	PWY-6123:_inosine-5'-phosphate_biosynthesis_I	4	0.26666666666666666	0.27090079202464123
ILEUSYN-PWY:_L-isoleucine_biosynthesis_I_(from_threonine)	PWY-6124:_inosine-5'-phosphate_biosynthesis_II	6	0.375	0.2687241256979719
ILEUSYN-PWY:_L-isoleucine_biosynthesis_I_(from_threonine)	PWY-6125:_superpathway_of_guanosine_nucleotides_de_novo_biosynthesis_II	1	0.07692307692307693	0.28206334955617596
ILEUSYN-PWY:_L-isoleucine_biosynthesis_I_(from_threonine)	PWY-6126:_superpathway_of_adenosine_nucleotides_de_novo_biosynthesis_II	1	0.07692307692307693	0.2646418649260347
ILEUSYN-PWY:_L-isoleucine_biosynthesis_I_(from_threonine)	PWY-6147:_6-hydroxymethyl-dihydropterin_diphosphate_biosynthesis_I	1	0.07142857142857142	0.25798968597559513
ILEUSYN-PWY:_L-isoleucine_biosynthesis_I_(from_threonine)	PWY-6151:_S-adenosyl-L-methionine_salvage_I	5	0.23809523809523808	0.0642206876270085
ILEUSYN-PWY:_L-isoleucine_biosynthesis_I_(from_threonine)	PWY-6163:_chorismate_biosynthesis_from_3-dehydroquinate	8	0.4	0.30386402470406015
ILEUSYN-PWY:_L-isoleucine_biosynthesis_I_(from_threonine)	PWY-621:_sucrose_degradation_III_(sucrose_invertase)	3	0.23076923076923078	0.7766536888999374
ILEUSYN-PWY:_L-isoleucine_biosynthesis_I_(from_threonine)	PWY-6270:_isoprene_biosynthesis_I	2	0.16666666666666666	0.8252273254209554
ILEUSYN-PWY:_L-isoleucine_biosynthesis_I_(from_threonine)	PWY-6277:_superpathway_of_5-aminoimidazole_ribonucleotide_biosynthesis	10	0.38461538461538464	0.28838514543784743
ILEUSYN-PWY:_L-isoleucine_biosynthesis_I_(from_threonine)	PWY-6317:_D-galactose_degradation_I_(Leloir_pathway)	4	0.25	0.1763611396157182
ILEUSYN-PWY:_L-isoleucine_biosynthesis_I_(from_threonine)	PWY-6385:_peptidoglycan_biosynthesis_III_(mycobacteria)	7	0.3888888888888889	0.32636585170856025
ILEUSYN-PWY:_L-isoleucine_biosynthesis_I_(from_threonine)	PWY-6386:_UDP-N-acetylmuramoyl-pentapeptide_biosynthesis_II_(lysine-containing)	6	0.35294117647058826	0.27582900148058764
ILEUSYN-PWY:_L-isoleucine_biosynthesis_I_(from_threonine)	PWY-6387:_UDP-N-acetylmuramoyl-pentapeptide_biosynthesis_I_(meso-diaminopimelate_containing)	7	0.35	0.28506983734588043
ILEUSYN-PWY:_L-isoleucine_biosynthesis_I_(from_threonine)	PWY-6527:_stachyose_degradation	3	0.17647058823529413	0.10591131251509278
ILEUSYN-PWY:_L-isoleucine_biosynthesis_I_(from_threonine)	PWY-6572:_chondroitin_sulfate_degradation_I_(bacterial)	1	0.08333333333333333	0.721365338993568
ILEUSYN-PWY:_L-isoleucine_biosynthesis_I_(from_threonine)	PWY-6608:_guanosine_nucleotides_degradation_III	1	0.07692307692307693	0.0342049756830225
ILEUSYN-PWY:_L-isoleucine_biosynthesis_I_(from_threonine)	PWY-6609:_adenine_and_adenosine_salvage_III	5	0.20833333333333334	0.259173089353571
ILEUSYN-PWY:_L-isoleucine_biosynthesis_I_(from_threonine)	PWY-6700:_queuosine_biosynthesis_I_(de_novo)	9	0.42857142857142855	0.2888128762272747
ILEUSYN-PWY:_L-isoleucine_biosynthesis_I_(from_threonine)	PWY-6703:_preQ0_biosynthesis	4	0.26666666666666666	0.34075785444260376
ILEUSYN-PWY:_L-isoleucine_biosynthesis_I_(from_threonine)	PWY-6823:_molybdopterin_biosynthesis	4	0.26666666666666666	0.08207361917734046
ILEUSYN-PWY:_L-isoleucine_biosynthesis_I_(from_threonine)	PWY-6897:_thiamine_diphosphate_salvage_II	1	0.07142857142857142	0.033447169962523504
ILEUSYN-PWY:_L-isoleucine_biosynthesis_I_(from_threonine)	PWY-6902:_chitin_degradation_II_(Vibrio)	1	0.07692307692307693	0.5201286193306149
ILEUSYN-PWY:_L-isoleucine_biosynthesis_I_(from_threonine)	PWY-6936:_seleno-amino_acid_biosynthesis_(plants)	5	0.35714285714285715	0.23875145541460263
ILEUSYN-PWY:_L-isoleucine_biosynthesis_I_(from_threonine)	PWY-7111:_pyruvate_fermentation_to_isobutanol_(engineered)	5	0.3333333333333333	0.25382544639624793
ILEUSYN-PWY:_L-isoleucine_biosynthesis_I_(from_threonine)	PWY-7199:_pyrimidine_deoxyribonucleosides_salvage	1	0.07142857142857142	0.2790384812500978
ILEUSYN-PWY:_L-isoleucine_biosynthesis_I_(from_threonine)	PWY-7220:_adenosine_deoxyribonucleotides_de_novo_biosynthesis_II	1	0.07692307692307693	0.24862578525885004
ILEUSYN-PWY:_L-isoleucine_biosynthesis_I_(from_threonine)	PWY-7221:_guanosine_ribonucleotides_de_novo_biosynthesis	8	0.4	0.3120035595193642
ILEUSYN-PWY:_L-isoleucine_biosynthesis_I_(from_threonine)	PWY-7222:_guanosine_deoxyribonucleotides_de_novo_biosynthesis_II	1	0.07692307692307693	0.24862578525885004
ILEUSYN-PWY:_L-isoleucine_biosynthesis_I_(from_threonine)	PWY-7228:_superpathway_of_guanosine_nucleotides_de_novo_biosynthesis_I	1	0.07142857142857142	0.2820270357486252
ILEUSYN-PWY:_L-isoleucine_biosynthesis_I_(from_threonine)	PWY-7229:_superpathway_of_adenosine_nucleotides_de_novo_biosynthesis_I	1	0.07692307692307693	0.25250948817976016
ILEUSYN-PWY:_L-isoleucine_biosynthesis_I_(from_threonine)	PWY-7237:_myo-,_chiro-_and_scyllo-inositol_degradation	5	0.29411764705882354	0.20602894408700956
ILEUSYN-PWY:_L-isoleucine_biosynthesis_I_(from_threonine)	PWY-7238:_sucrose_biosynthesis_II	6	0.3157894736842105	0.1771397232571087
ILEUSYN-PWY:_L-isoleucine_biosynthesis_I_(from_threonine)	PWY-7357:_thiamine_phosphate_formation_from_pyrithiamine_and_oxythiamine_(yeast)	2	0.13333333333333333	0.04542074205186908
ILEUSYN-PWY:_L-isoleucine_biosynthesis_I_(from_threonine)	PWY-7456:_&beta;-(1,4)-mannan_degradation	1	0.08333333333333333	0.05848188634059892
ILEUSYN-PWY:_L-isoleucine_biosynthesis_I_(from_threonine)	PWY-7560:_methylerythritol_phosphate_pathway_II	2	0.16666666666666666	0.8226796234044763
ILEUSYN-PWY:_L-isoleucine_biosynthesis_I_(from_threonine)	PWY-7663:_gondoate_biosynthesis_(anaerobic)	1	0.07692307692307693	0.28590205228213206
ILEUSYN-PWY:_L-isoleucine_biosynthesis_I_(from_threonine)	PWY-7790:_UMP_biosynthesis_II	8	0.38095238095238093	0.310144501182378
ILEUSYN-PWY:_L-isoleucine_biosynthesis_I_(from_threonine)	PWY-7791:_UMP_biosynthesis_III	8	0.38095238095238093	0.3055826326947375
ILEUSYN-PWY:_L-isoleucine_biosynthesis_I_(from_threonine)	PWY-7851:_coenzyme_A_biosynthesis_II_(eukaryotic)	5	0.2777777777777778	0.2632008616751943
ILEUSYN-PWY:_L-isoleucine_biosynthesis_I_(from_threonine)	PWY-7953:_UDP-N-acetylmuramoyl-pentapeptide_biosynthesis_III_(meso-diaminopimelate_containing)	7	0.4117647058823529	0.2960273107130401
ILEUSYN-PWY:_L-isoleucine_biosynthesis_I_(from_threonine)	PWY-7977:_L-methionine_biosynthesis_IV	2	0.125	0.31954267856693974
ILEUSYN-PWY:_L-isoleucine_biosynthesis_I_(from_threonine)	PWY-8178:_pentose_phosphate_pathway_(non-oxidative_branch)_II	6	0.46153846153846156	0.8777821533273493
ILEUSYN-PWY:_L-isoleucine_biosynthesis_I_(from_threonine)	PWY-I9:_L-cysteine_biosynthesis_VI_(from_L-methionine)	1	0.08333333333333333	0.004228398545484069
ILEUSYN-PWY:_L-isoleucine_biosynthesis_I_(from_threonine)	PWY0-1061:_superpathway_of_L-alanine_biosynthesis	2	0.16666666666666666	0.054094620965243645
ILEUSYN-PWY:_L-isoleucine_biosynthesis_I_(from_threonine)	PWY0-1241:_ADP-L-glycero-&beta;-D-manno-heptose_biosynthesis	2	0.16666666666666666	0.04841553051431813
ILEUSYN-PWY:_L-isoleucine_biosynthesis_I_(from_threonine)	PWY0-1296:_purine_ribonucleosides_degradation	3	0.17647058823529413	0.1435759376808442
ILEUSYN-PWY:_L-isoleucine_biosynthesis_I_(from_threonine)	PWY0-1319:_CDP-diacylglycerol_biosynthesis_II	4	0.25	0.2570822385418474
ILEUSYN-PWY:_L-isoleucine_biosynthesis_I_(from_threonine)	PWY0-1586:_peptidoglycan_maturation_(meso-diaminopimelate_containing)	3	0.21428571428571427	0.3473250876488816
ILEUSYN-PWY:_L-isoleucine_biosynthesis_I_(from_threonine)	PWY0-162:_superpathway_of_pyrimidine_ribonucleotides_de_novo_biosynthesis	1	0.08333333333333333	0.7475803085713812
ILEUSYN-PWY:_L-isoleucine_biosynthesis_I_(from_threonine)	PWY0-845:_superpathway_of_pyridoxal_5'-phosphate_biosynthesis_and_salvage	1	0.08333333333333333	0.7699023500922613
ILEUSYN-PWY:_L-isoleucine_biosynthesis_I_(from_threonine)	PWY66-429:_fatty_acid_biosynthesis_initiation_(mitochondria)	5	0.29411764705882354	0.31900597375867445
ILEUSYN-PWY:_L-isoleucine_biosynthesis_I_(from_threonine)	PYRIDNUCSYN-PWY:_NAD_de_novo_biosynthesis_I_(from_aspartate)	3	0.2	0.2498890311069345
ILEUSYN-PWY:_L-isoleucine_biosynthesis_I_(from_threonine)	PYRIDOXSYN-PWY:_pyridoxal_5'-phosphate_biosynthesis_I	1	0.08333333333333333	0.7741435953099978
ILEUSYN-PWY:_L-isoleucine_biosynthesis_I_(from_threonine)	RHAMCAT-PWY:_L-rhamnose_degradation_I	3	0.23076923076923078	0.33220639991939915
ILEUSYN-PWY:_L-isoleucine_biosynthesis_I_(from_threonine)	RIBOSYN2-PWY:_flavin_biosynthesis_I_(bacteria_and_plants)	6	0.42857142857142855	0.27345324276420524
ILEUSYN-PWY:_L-isoleucine_biosynthesis_I_(from_threonine)	SER-GLYSYN-PWY:_superpathway_of_L-serine_and_glycine_biosynthesis_I	4	0.2222222222222222	0.2763931155748969
ILEUSYN-PWY:_L-isoleucine_biosynthesis_I_(from_threonine)	THISYNARA-PWY:_superpathway_of_thiamine_diphosphate_biosynthesis_III_(eukaryotes)	2	0.15384615384615385	0.04665258410686757
ILEUSYN-PWY:_L-isoleucine_biosynthesis_I_(from_threonine)	TRNA-CHARGING-PWY:_tRNA_charging	3	0.1875	0.2713869870815485
ILEUSYN-PWY:_L-isoleucine_biosynthesis_I_(from_threonine)	UDPNAGSYN-PWY:_UDP-N-acetyl-D-glucosamine_biosynthesis_I	5	0.35714285714285715	0.14803544743727848
ILEUSYN-PWY:_L-isoleucine_biosynthesis_I_(from_threonine)	VALSYN-PWY:_L-valine_biosynthesis	12	0.5454545454545454	0.3480470218521734
NONMEVIPP-PWY:_methylerythritol_phosphate_pathway_I	NONOXIPENT-PWY:_pentose_phosphate_pathway_(non-oxidative_branch)_I	4	0.4	0.3306582510239984
NONMEVIPP-PWY:_methylerythritol_phosphate_pathway_I	P41-PWY:_pyruvate_fermentation_to_acetate_and_(S)-lactate_I	2	0.2	0.03093475590600825
NONMEVIPP-PWY:_methylerythritol_phosphate_pathway_I	PANTO-PWY:_phosphopantothenate_biosynthesis_I	4	0.36363636363636365	0.864635494668166
NONMEVIPP-PWY:_methylerythritol_phosphate_pathway_I	PANTOSYN-PWY:_superpathway_of_coenzyme_A_biosynthesis_I_(bacteria)	4	0.4444444444444444	0.8652201037704865
NONMEVIPP-PWY:_methylerythritol_phosphate_pathway_I	PENTOSE-P-PWY:_pentose_phosphate_pathway	1	0.14285714285714285	0.2710244369147423
NONMEVIPP-PWY:_methylerythritol_phosphate_pathway_I	PEPTIDOGLYCANSYN-PWY:_peptidoglycan_biosynthesis_I_(meso-diaminopimelate_containing)	5	0.3333333333333333	0.8995866159825979
NONMEVIPP-PWY:_methylerythritol_phosphate_pathway_I	PWY-1042:_glycolysis_IV	5	0.3333333333333333	0.5991434599602288
NONMEVIPP-PWY:_methylerythritol_phosphate_pathway_I	PWY-1269:_CMP-3-deoxy-D-manno-octulosonate_biosynthesis	1	0.125	0.22801771961808337
NONMEVIPP-PWY:_methylerythritol_phosphate_pathway_I	PWY-2942:_L-lysine_biosynthesis_III	3	0.3333333333333333	0.8680223597420633
NONMEVIPP-PWY:_methylerythritol_phosphate_pathway_I	PWY-3841:_folate_transformations_II_(plants)	5	0.4166666666666667	0.926145846333488
NONMEVIPP-PWY:_methylerythritol_phosphate_pathway_I	PWY-5030:_L-histidine_degradation_III	3	0.375	0.9000054265074081
NONMEVIPP-PWY:_methylerythritol_phosphate_pathway_I	PWY-5097:_L-lysine_biosynthesis_VI	3	0.3333333333333333	0.8175496578976149
NONMEVIPP-PWY:_methylerythritol_phosphate_pathway_I	PWY-5100:_pyruvate_fermentation_to_acetate_and_lactate_II	2	0.18181818181818182	0.030423618182920387
NONMEVIPP-PWY:_methylerythritol_phosphate_pathway_I	PWY-5103:_L-isoleucine_biosynthesis_III	4	0.26666666666666666	0.3224465461446133
NONMEVIPP-PWY:_methylerythritol_phosphate_pathway_I	PWY-5121:_superpathway_of_geranylgeranyl_diphosphate_biosynthesis_II_(via_MEP)	1	0.14285714285714285	0.8310708729955987
NONMEVIPP-PWY:_methylerythritol_phosphate_pathway_I	PWY-5130:_2-oxobutanoate_degradation_I	1	0.1	0.11396308387727394
NONMEVIPP-PWY:_methylerythritol_phosphate_pathway_I	PWY-5188:_tetrapyrrole_biosynthesis_I_(from_glutamate)	2	0.15384615384615385	0.04955563002028418
NONMEVIPP-PWY:_methylerythritol_phosphate_pathway_I	PWY-5384:_sucrose_degradation_IV_(sucrose_phosphorylase)	2	0.25	0.27862046269546903
NONMEVIPP-PWY:_methylerythritol_phosphate_pathway_I	PWY-5667:_CDP-diacylglycerol_biosynthesis_I	3	0.25	0.8540669037588193
NONMEVIPP-PWY:_methylerythritol_phosphate_pathway_I	PWY-5686:_UMP_biosynthesis_I	7	0.4117647058823529	0.8877521567508238
NONMEVIPP-PWY:_methylerythritol_phosphate_pathway_I	PWY-5695:_inosine_5'-phosphate_degradation	5	0.35714285714285715	0.8553849080803033
NONMEVIPP-PWY:_methylerythritol_phosphate_pathway_I	PWY-5941:_glycogen_degradation_II	3	0.2727272727272727	0.06994992203768413
NONMEVIPP-PWY:_methylerythritol_phosphate_pathway_I	PWY-5973:_cis-vaccenate_biosynthesis	2	0.2857142857142857	0.8824467908884452
NONMEVIPP-PWY:_methylerythritol_phosphate_pathway_I	PWY-6121:_5-aminoimidazole_ribonucleotide_biosynthesis_I	6	0.2857142857142857	0.8338762385062711
NONMEVIPP-PWY:_methylerythritol_phosphate_pathway_I	PWY-6122:_5-aminoimidazole_ribonucleotide_biosynthesis_II	7	0.2916666666666667	0.8048350324677542
NONMEVIPP-PWY:_methylerythritol_phosphate_pathway_I	PWY-6123:_inosine-5'-phosphate_biosynthesis_I	3	0.2727272727272727	0.8943424575946166
NONMEVIPP-PWY:_methylerythritol_phosphate_pathway_I	PWY-6124:_inosine-5'-phosphate_biosynthesis_II	3	0.21428571428571427	0.8883500070924204
NONMEVIPP-PWY:_methylerythritol_phosphate_pathway_I	PWY-6125:_superpathway_of_guanosine_nucleotides_de_novo_biosynthesis_II	2	0.2857142857142857	0.929105603732036
NONMEVIPP-PWY:_methylerythritol_phosphate_pathway_I	PWY-6126:_superpathway_of_adenosine_nucleotides_de_novo_biosynthesis_II	2	0.2857142857142857	0.8497247457904656
NONMEVIPP-PWY:_methylerythritol_phosphate_pathway_I	PWY-6147:_6-hydroxymethyl-dihydropterin_diphosphate_biosynthesis_I	3	0.42857142857142855	0.9445554557277029
NONMEVIPP-PWY:_methylerythritol_phosphate_pathway_I	PWY-6151:_S-adenosyl-L-methionine_salvage_I	4	0.23529411764705882	0.7751889844901708
NONMEVIPP-PWY:_methylerythritol_phosphate_pathway_I	PWY-6163:_chorismate_biosynthesis_from_3-dehydroquinate	5	0.2777777777777778	0.8330544583785486
NONMEVIPP-PWY:_methylerythritol_phosphate_pathway_I	PWY-621:_sucrose_degradation_III_(sucrose_invertase)	3	0.375	0.28541733370657085
NONMEVIPP-PWY:_methylerythritol_phosphate_pathway_I	PWY-6270:_isoprene_biosynthesis_I	2	0.2857142857142857	0.30190586066824987
NONMEVIPP-PWY:_methylerythritol_phosphate_pathway_I	PWY-6277:_superpathway_of_5-aminoimidazole_ribonucleotide_biosynthesis	7	0.2916666666666667	0.8048350324677542
NONMEVIPP-PWY:_methylerythritol_phosphate_pathway_I	PWY-6317:_D-galactose_degradation_I_(Leloir_pathway)	3	0.25	0.060235468089841926
NONMEVIPP-PWY:_methylerythritol_phosphate_pathway_I	PWY-6385:_peptidoglycan_biosynthesis_III_(mycobacteria)	6	0.42857142857142855	0.9128898077700316
NONMEVIPP-PWY:_methylerythritol_phosphate_pathway_I	PWY-6386:_UDP-N-acetylmuramoyl-pentapeptide_biosynthesis_II_(lysine-containing)	5	0.38461538461538464	0.899231708649478
NONMEVIPP-PWY:_methylerythritol_phosphate_pathway_I	PWY-6387:_UDP-N-acetylmuramoyl-pentapeptide_biosynthesis_I_(meso-diaminopimelate_containing)	6	0.375	0.9001561718206899
NONMEVIPP-PWY:_methylerythritol_phosphate_pathway_I	PWY-6527:_stachyose_degradation	2	0.15384615384615385	0.02625324739256185
NONMEVIPP-PWY:_methylerythritol_phosphate_pathway_I	PWY-6572:_chondroitin_sulfate_degradation_I_(bacterial)	1	0.14285714285714285	0.2763517732430111
NONMEVIPP-PWY:_methylerythritol_phosphate_pathway_I	PWY-6609:_adenine_and_adenosine_salvage_III	7	0.4117647058823529	0.8568603373640311
NONMEVIPP-PWY:_methylerythritol_phosphate_pathway_I	PWY-6700:_queuosine_biosynthesis_I_(de_novo)	5	0.25	0.8332484438564918
NONMEVIPP-PWY:_methylerythritol_phosphate_pathway_I	PWY-6703:_preQ0_biosynthesis	3	0.2727272727272727	0.9178795834562833
NONMEVIPP-PWY:_methylerythritol_phosphate_pathway_I	PWY-6823:_molybdopterin_biosynthesis	2	0.16666666666666666	0.027060818340932657
NONMEVIPP-PWY:_methylerythritol_phosphate_pathway_I	PWY-6902:_chitin_degradation_II_(Vibrio)	1	0.125	0.2396096172594232
NONMEVIPP-PWY:_methylerythritol_phosphate_pathway_I	PWY-6936:_seleno-amino_acid_biosynthesis_(plants)	1	0.07692307692307693	0.0392788919938003
NONMEVIPP-PWY:_methylerythritol_phosphate_pathway_I	PWY-7111:_pyruvate_fermentation_to_isobutanol_(engineered)	3	0.25	0.06357660300016943
NONMEVIPP-PWY:_methylerythritol_phosphate_pathway_I	PWY-7199:_pyrimidine_deoxyribonucleosides_salvage	2	0.25	0.8485393508656416
NONMEVIPP-PWY:_methylerythritol_phosphate_pathway_I	PWY-7220:_adenosine_deoxyribonucleotides_de_novo_biosynthesis_II	2	0.2857142857142857	0.8686104204510819
NONMEVIPP-PWY:_methylerythritol_phosphate_pathway_I	PWY-7221:_guanosine_ribonucleotides_de_novo_biosynthesis	7	0.4375	0.8998298501630808
NONMEVIPP-PWY:_methylerythritol_phosphate_pathway_I	PWY-7222:_guanosine_deoxyribonucleotides_de_novo_biosynthesis_II	2	0.2857142857142857	0.8686104204510819
NONMEVIPP-PWY:_methylerythritol_phosphate_pathway_I	PWY-7228:_superpathway_of_guanosine_nucleotides_de_novo_biosynthesis_I	2	0.25	0.8847118130112768
NONMEVIPP-PWY:_methylerythritol_phosphate_pathway_I	PWY-7229:_superpathway_of_adenosine_nucleotides_de_novo_biosynthesis_I	2	0.2857142857142857	0.8243162167270695
NONMEVIPP-PWY:_methylerythritol_phosphate_pathway_I	PWY-7234:_inosine-5'-phosphate_biosynthesis_III	1	0.14285714285714285	0.11853394320258692
NONMEVIPP-PWY:_methylerythritol_phosphate_pathway_I	PWY-7237:_myo-,_chiro-_and_scyllo-inositol_degradation	2	0.13333333333333333	0.05724925495361288
NONMEVIPP-PWY:_methylerythritol_phosphate_pathway_I	PWY-7238:_sucrose_biosynthesis_II	4	0.25	0.07298902325382406
NONMEVIPP-PWY:_methylerythritol_phosphate_pathway_I	PWY-7357:_thiamine_phosphate_formation_from_pyrithiamine_and_oxythiamine_(yeast)	2	0.2	0.021542797602971064
NONMEVIPP-PWY:_methylerythritol_phosphate_pathway_I	PWY-7560:_methylerythritol_phosphate_pathway_II	2	0.2857142857142857	0.30056044141882954
NONMEVIPP-PWY:_methylerythritol_phosphate_pathway_I	PWY-7663:_gondoate_biosynthesis_(anaerobic)	2	0.2857142857142857	0.8650204017979172
NONMEVIPP-PWY:_methylerythritol_phosphate_pathway_I	PWY-7790:_UMP_biosynthesis_II	7	0.4117647058823529	0.8888163011911034
NONMEVIPP-PWY:_methylerythritol_phosphate_pathway_I	PWY-7791:_UMP_biosynthesis_III	7	0.4117647058823529	0.8907725918656808
NONMEVIPP-PWY:_methylerythritol_phosphate_pathway_I	PWY-7851:_coenzyme_A_biosynthesis_II_(eukaryotic)	7	0.6363636363636364	0.8473063509006085
NONMEVIPP-PWY:_methylerythritol_phosphate_pathway_I	PWY-7953:_UDP-N-acetylmuramoyl-pentapeptide_biosynthesis_III_(meso-diaminopimelate_containing)	6	0.46153846153846156	0.9371274409722352
NONMEVIPP-PWY:_methylerythritol_phosphate_pathway_I	PWY-7977:_L-methionine_biosynthesis_IV	4	0.4444444444444444	0.9095091809723007
NONMEVIPP-PWY:_methylerythritol_phosphate_pathway_I	PWY-8178:_pentose_phosphate_pathway_(non-oxidative_branch)_II	4	0.4	0.3416149698154751
NONMEVIPP-PWY:_methylerythritol_phosphate_pathway_I	PWY0-1061:_superpathway_of_L-alanine_biosynthesis	1	0.125	0.005848691636282433
NONMEVIPP-PWY:_methylerythritol_phosphate_pathway_I	PWY0-1296:_purine_ribonucleosides_degradation	3	0.25	0.05802178288135651
NONMEVIPP-PWY:_methylerythritol_phosphate_pathway_I	PWY0-1319:_CDP-diacylglycerol_biosynthesis_II	3	0.25	0.8540669037588193
NONMEVIPP-PWY:_methylerythritol_phosphate_pathway_I	PWY0-1586:_peptidoglycan_maturation_(meso-diaminopimelate_containing)	3	0.3333333333333333	0.850151068396343
NONMEVIPP-PWY:_methylerythritol_phosphate_pathway_I	PWY0-162:_superpathway_of_pyrimidine_ribonucleotides_de_novo_biosynthesis	1	0.14285714285714285	0.2624965807773514
NONMEVIPP-PWY:_methylerythritol_phosphate_pathway_I	PWY0-845:_superpathway_of_pyridoxal_5'-phosphate_biosynthesis_and_salvage	1	0.14285714285714285	0.2734974586187292
NONMEVIPP-PWY:_methylerythritol_phosphate_pathway_I	PWY66-429:_fatty_acid_biosynthesis_initiation_(mitochondria)	4	0.3076923076923077	0.8791594069265352
NONMEVIPP-PWY:_methylerythritol_phosphate_pathway_I	PYRIDNUCSYN-PWY:_NAD_de_novo_biosynthesis_I_(from_aspartate)	3	0.3	0.9079299884293182
NONMEVIPP-PWY:_methylerythritol_phosphate_pathway_I	PYRIDOXSYN-PWY:_pyridoxal_5'-phosphate_biosynthesis_I	1	0.14285714285714285	0.27561682094540263
NONMEVIPP-PWY:_methylerythritol_phosphate_pathway_I	RHAMCAT-PWY:_L-rhamnose_degradation_I	3	0.375	0.9032587114835566
NONMEVIPP-PWY:_methylerythritol_phosphate_pathway_I	RIBOSYN2-PWY:_flavin_biosynthesis_I_(bacteria_and_plants)	4	0.36363636363636365	0.847959883689449
NONMEVIPP-PWY:_methylerythritol_phosphate_pathway_I	SER-GLYSYN-PWY:_superpathway_of_L-serine_and_glycine_biosynthesis_I	6	0.5454545454545454	0.8695282592714424
NONMEVIPP-PWY:_methylerythritol_phosphate_pathway_I	THISYNARA-PWY:_superpathway_of_thiamine_diphosphate_biosynthesis_III_(eukaryotes)	1	0.1111111111111111	0.00331338503484202
NONMEVIPP-PWY:_methylerythritol_phosphate_pathway_I	THRESYN-PWY:_superpathway_of_L-threonine_biosynthesis	1	0.1111111111111111	0.778029748935928
NONMEVIPP-PWY:_methylerythritol_phosphate_pathway_I	TRNA-CHARGING-PWY:_tRNA_charging	4	0.4	0.8704282286323217
NONMEVIPP-PWY:_methylerythritol_phosphate_pathway_I	UDPNAGSYN-PWY:_UDP-N-acetyl-D-glucosamine_biosynthesis_I	1	0.07692307692307693	0.014181189738058708
NONMEVIPP-PWY:_methylerythritol_phosphate_pathway_I	VALSYN-PWY:_L-valine_biosynthesis	6	0.2608695652173913	0.8508771251377705
NONOXIPENT-PWY:_pentose_phosphate_pathway_(non-oxidative_branch)_I	P41-PWY:_pyruvate_fermentation_to_acetate_and_(S)-lactate_I	4	0.5	0.16904742834800568
NONOXIPENT-PWY:_pentose_phosphate_pathway_(non-oxidative_branch)_I	PANTO-PWY:_phosphopantothenate_biosynthesis_I	4	0.36363636363636365	0.28707279061104796
NONOXIPENT-PWY:_pentose_phosphate_pathway_(non-oxidative_branch)_I	PANTOSYN-PWY:_superpathway_of_coenzyme_A_biosynthesis_I_(bacteria)	2	0.18181818181818182	0.2567328757284899
NONOXIPENT-PWY:_pentose_phosphate_pathway_(non-oxidative_branch)_I	PENTOSE-P-PWY:_pentose_phosphate_pathway	1	0.14285714285714285	0.7794565822336963
NONOXIPENT-PWY:_pentose_phosphate_pathway_(non-oxidative_branch)_I	PEPTIDOGLYCANSYN-PWY:_peptidoglycan_biosynthesis_I_(meso-diaminopimelate_containing)	4	0.25	0.2695131773442144
NONOXIPENT-PWY:_pentose_phosphate_pathway_(non-oxidative_branch)_I	PWY-1042:_glycolysis_IV	5	0.3333333333333333	0.057923291538380606
NONOXIPENT-PWY:_pentose_phosphate_pathway_(non-oxidative_branch)_I	PWY-1269:_CMP-3-deoxy-D-manno-octulosonate_biosynthesis	1	0.125	0.661030436837728
NONOXIPENT-PWY:_pentose_phosphate_pathway_(non-oxidative_branch)_I	PWY-2942:_L-lysine_biosynthesis_III	2	0.2	0.33041154750044155
NONOXIPENT-PWY:_pentose_phosphate_pathway_(non-oxidative_branch)_I	PWY-3841:_folate_transformations_II_(plants)	4	0.3076923076923077	0.3094461681762378
NONOXIPENT-PWY:_pentose_phosphate_pathway_(non-oxidative_branch)_I	PWY-5030:_L-histidine_degradation_III	1	0.1	0.2630992563366842
NONOXIPENT-PWY:_pentose_phosphate_pathway_(non-oxidative_branch)_I	PWY-5097:_L-lysine_biosynthesis_VI	3	0.3333333333333333	0.32780985335555557
NONOXIPENT-PWY:_pentose_phosphate_pathway_(non-oxidative_branch)_I	PWY-5100:_pyruvate_fermentation_to_acetate_and_lactate_II	4	0.4444444444444444	0.1899478045012959
NONOXIPENT-PWY:_pentose_phosphate_pathway_(non-oxidative_branch)_I	PWY-5103:_L-isoleucine_biosynthesis_III	5	0.35714285714285715	0.8217429166296508
NONOXIPENT-PWY:_pentose_phosphate_pathway_(non-oxidative_branch)_I	PWY-5188:_tetrapyrrole_biosynthesis_I_(from_glutamate)	2	0.15384615384615385	0.17674313631968286
NONOXIPENT-PWY:_pentose_phosphate_pathway_(non-oxidative_branch)_I	PWY-5384:_sucrose_degradation_IV_(sucrose_phosphorylase)	2	0.25	0.7792132240704934
NONOXIPENT-PWY:_pentose_phosphate_pathway_(non-oxidative_branch)_I	PWY-5659:_GDP-mannose_biosynthesis	1	0.1	0.06338758980687542
NONOXIPENT-PWY:_pentose_phosphate_pathway_(non-oxidative_branch)_I	PWY-5667:_CDP-diacylglycerol_biosynthesis_I	5	0.5	0.2596338419962485
NONOXIPENT-PWY:_pentose_phosphate_pathway_(non-oxidative_branch)_I	PWY-5686:_UMP_biosynthesis_I	6	0.3333333333333333	0.3075003681179429
NONOXIPENT-PWY:_pentose_phosphate_pathway_(non-oxidative_branch)_I	PWY-5695:_inosine_5'-phosphate_degradation	4	0.26666666666666666	0.24975300221739993
NONOXIPENT-PWY:_pentose_phosphate_pathway_(non-oxidative_branch)_I	PWY-5941:_glycogen_degradation_II	4	0.4	0.18875088262562778
NONOXIPENT-PWY:_pentose_phosphate_pathway_(non-oxidative_branch)_I	PWY-5973:_cis-vaccenate_biosynthesis	1	0.125	0.27981570524687116
NONOXIPENT-PWY:_pentose_phosphate_pathway_(non-oxidative_branch)_I	PWY-6121:_5-aminoimidazole_ribonucleotide_biosynthesis_I	6	0.2857142857142857	0.29154074524508644
NONOXIPENT-PWY:_pentose_phosphate_pathway_(non-oxidative_branch)_I	PWY-6122:_5-aminoimidazole_ribonucleotide_biosynthesis_II	7	0.2916666666666667	0.2718824809918652
NONOXIPENT-PWY:_pentose_phosphate_pathway_(non-oxidative_branch)_I	PWY-6123:_inosine-5'-phosphate_biosynthesis_I	1	0.07692307692307693	0.25894682114251677
NONOXIPENT-PWY:_pentose_phosphate_pathway_(non-oxidative_branch)_I	PWY-6124:_inosine-5'-phosphate_biosynthesis_II	1	0.0625	0.24610153458240724
NONOXIPENT-PWY:_pentose_phosphate_pathway_(non-oxidative_branch)_I	PWY-6125:_superpathway_of_guanosine_nucleotides_de_novo_biosynthesis_II	1	0.125	0.2839990862888354
NONOXIPENT-PWY:_pentose_phosphate_pathway_(non-oxidative_branch)_I	PWY-6126:_superpathway_of_adenosine_nucleotides_de_novo_biosynthesis_II	1	0.125	0.2635491550733794
NONOXIPENT-PWY:_pentose_phosphate_pathway_(non-oxidative_branch)_I	PWY-6147:_6-hydroxymethyl-dihydropterin_diphosphate_biosynthesis_I	1	0.1111111111111111	0.2595925340486591
NONOXIPENT-PWY:_pentose_phosphate_pathway_(non-oxidative_branch)_I	PWY-6151:_S-adenosyl-L-methionine_salvage_I	4	0.23529411764705882	0.06232774293065224
NONOXIPENT-PWY:_pentose_phosphate_pathway_(non-oxidative_branch)_I	PWY-6163:_chorismate_biosynthesis_from_3-dehydroquinate	6	0.35294117647058826	0.2909431220943418
NONOXIPENT-PWY:_pentose_phosphate_pathway_(non-oxidative_branch)_I	PWY-621:_sucrose_degradation_III_(sucrose_invertase)	2	0.2222222222222222	0.7646179194650436
NONOXIPENT-PWY:_pentose_phosphate_pathway_(non-oxidative_branch)_I	PWY-6270:_isoprene_biosynthesis_I	2	0.2857142857142857	0.8087372397671622
NONOXIPENT-PWY:_pentose_phosphate_pathway_(non-oxidative_branch)_I	PWY-6277:_superpathway_of_5-aminoimidazole_ribonucleotide_biosynthesis	7	0.2916666666666667	0.2718824809918652
NONOXIPENT-PWY:_pentose_phosphate_pathway_(non-oxidative_branch)_I	PWY-6317:_D-galactose_degradation_I_(Leloir_pathway)	4	0.36363636363636365	0.21377659522149617
NONOXIPENT-PWY:_pentose_phosphate_pathway_(non-oxidative_branch)_I	PWY-6385:_peptidoglycan_biosynthesis_III_(mycobacteria)	4	0.25	0.3046440292769006
NONOXIPENT-PWY:_pentose_phosphate_pathway_(non-oxidative_branch)_I	PWY-6386:_UDP-N-acetylmuramoyl-pentapeptide_biosynthesis_II_(lysine-containing)	4	0.2857142857142857	0.2655051334874746
NONOXIPENT-PWY:_pentose_phosphate_pathway_(non-oxidative_branch)_I	PWY-6387:_UDP-N-acetylmuramoyl-pentapeptide_biosynthesis_I_(meso-diaminopimelate_containing)	4	0.2222222222222222	0.2643773893574518
NONOXIPENT-PWY:_pentose_phosphate_pathway_(non-oxidative_branch)_I	PWY-6527:_stachyose_degradation	2	0.15384615384615385	0.12991357848114926
NONOXIPENT-PWY:_pentose_phosphate_pathway_(non-oxidative_branch)_I	PWY-6572:_chondroitin_sulfate_degradation_I_(bacterial)	1	0.14285714285714285	0.7255839524114999
NONOXIPENT-PWY:_pentose_phosphate_pathway_(non-oxidative_branch)_I	PWY-6588:_pyruvate_fermentation_to_acetone	1	0.14285714285714285	0.05551987187736507
NONOXIPENT-PWY:_pentose_phosphate_pathway_(non-oxidative_branch)_I	PWY-6608:_guanosine_nucleotides_degradation_III	1	0.125	0.05024050157679516
NONOXIPENT-PWY:_pentose_phosphate_pathway_(non-oxidative_branch)_I	PWY-6609:_adenine_and_adenosine_salvage_III	6	0.3333333333333333	0.2650621724618428
NONOXIPENT-PWY:_pentose_phosphate_pathway_(non-oxidative_branch)_I	PWY-6700:_queuosine_biosynthesis_I_(de_novo)	6	0.3157894736842105	0.2771927208931736
NONOXIPENT-PWY:_pentose_phosphate_pathway_(non-oxidative_branch)_I	PWY-6703:_preQ0_biosynthesis	2	0.16666666666666666	0.31434970131051787
NONOXIPENT-PWY:_pentose_phosphate_pathway_(non-oxidative_branch)_I	PWY-6823:_molybdopterin_biosynthesis	3	0.2727272727272727	0.12378377979663746
NONOXIPENT-PWY:_pentose_phosphate_pathway_(non-oxidative_branch)_I	PWY-6876:_isopropanol_biosynthesis_(engineered)	1	0.14285714285714285	0.046452897692090156
NONOXIPENT-PWY:_pentose_phosphate_pathway_(non-oxidative_branch)_I	PWY-6897:_thiamine_diphosphate_salvage_II	1	0.1111111111111111	0.03417865810479126
NONOXIPENT-PWY:_pentose_phosphate_pathway_(non-oxidative_branch)_I	PWY-6902:_chitin_degradation_II_(Vibrio)	1	0.125	0.5208711331359845
NONOXIPENT-PWY:_pentose_phosphate_pathway_(non-oxidative_branch)_I	PWY-6936:_seleno-amino_acid_biosynthesis_(plants)	1	0.07692307692307693	0.12200281645362054
NONOXIPENT-PWY:_pentose_phosphate_pathway_(non-oxidative_branch)_I	PWY-7111:_pyruvate_fermentation_to_isobutanol_(engineered)	5	0.5	0.2773522009571676
NONOXIPENT-PWY:_pentose_phosphate_pathway_(non-oxidative_branch)_I	PWY-7199:_pyrimidine_deoxyribonucleosides_salvage	1	0.1111111111111111	0.2811884910167515
NONOXIPENT-PWY:_pentose_phosphate_pathway_(non-oxidative_branch)_I	PWY-7220:_adenosine_deoxyribonucleotides_de_novo_biosynthesis_II	1	0.125	0.2501449897623551
NONOXIPENT-PWY:_pentose_phosphate_pathway_(non-oxidative_branch)_I	PWY-7221:_guanosine_ribonucleotides_de_novo_biosynthesis	6	0.35294117647058826	0.29610009392477143
NONOXIPENT-PWY:_pentose_phosphate_pathway_(non-oxidative_branch)_I	PWY-7222:_guanosine_deoxyribonucleotides_de_novo_biosynthesis_II	1	0.125	0.2501449897623551
NONOXIPENT-PWY:_pentose_phosphate_pathway_(non-oxidative_branch)_I	PWY-7228:_superpathway_of_guanosine_nucleotides_de_novo_biosynthesis_I	1	0.1111111111111111	0.28096862772986897
NONOXIPENT-PWY:_pentose_phosphate_pathway_(non-oxidative_branch)_I	PWY-7229:_superpathway_of_adenosine_nucleotides_de_novo_biosynthesis_I	1	0.125	0.25140063141002733
NONOXIPENT-PWY:_pentose_phosphate_pathway_(non-oxidative_branch)_I	PWY-7237:_myo-,_chiro-_and_scyllo-inositol_degradation	5	0.4166666666666667	0.2018185849354871
NONOXIPENT-PWY:_pentose_phosphate_pathway_(non-oxidative_branch)_I	PWY-7238:_sucrose_biosynthesis_II	5	0.3333333333333333	0.1726615022023027
NONOXIPENT-PWY:_pentose_phosphate_pathway_(non-oxidative_branch)_I	PWY-7357:_thiamine_phosphate_formation_from_pyrithiamine_and_oxythiamine_(yeast)	3	0.3333333333333333	0.10365114575583112
NONOXIPENT-PWY:_pentose_phosphate_pathway_(non-oxidative_branch)_I	PWY-7560:_methylerythritol_phosphate_pathway_II	2	0.2857142857142857	0.8076752669668459
NONOXIPENT-PWY:_pentose_phosphate_pathway_(non-oxidative_branch)_I	PWY-7663:_gondoate_biosynthesis_(anaerobic)	1	0.125	0.28485308343119453
NONOXIPENT-PWY:_pentose_phosphate_pathway_(non-oxidative_branch)_I	PWY-7790:_UMP_biosynthesis_II	6	0.3333333333333333	0.30755066747025306
NONOXIPENT-PWY:_pentose_phosphate_pathway_(non-oxidative_branch)_I	PWY-7791:_UMP_biosynthesis_III	6	0.3333333333333333	0.30308069977767416
NONOXIPENT-PWY:_pentose_phosphate_pathway_(non-oxidative_branch)_I	PWY-7851:_coenzyme_A_biosynthesis_II_(eukaryotic)	4	0.2857142857142857	0.2621318491171527
NONOXIPENT-PWY:_pentose_phosphate_pathway_(non-oxidative_branch)_I	PWY-7953:_UDP-N-acetylmuramoyl-pentapeptide_biosynthesis_III_(meso-diaminopimelate_containing)	4	0.26666666666666666	0.27408381113734004
NONOXIPENT-PWY:_pentose_phosphate_pathway_(non-oxidative_branch)_I	PWY-7977:_L-methionine_biosynthesis_IV	2	0.18181818181818182	0.31249111931462015
NONOXIPENT-PWY:_pentose_phosphate_pathway_(non-oxidative_branch)_I	PWY-8178:_pentose_phosphate_pathway_(non-oxidative_branch)_II	6	0.75	0.9528565236644494
NONOXIPENT-PWY:_pentose_phosphate_pathway_(non-oxidative_branch)_I	PWY0-1061:_superpathway_of_L-alanine_biosynthesis	2	0.2857142857142857	0.0683679894417859
NONOXIPENT-PWY:_pentose_phosphate_pathway_(non-oxidative_branch)_I	PWY0-1296:_purine_ribonucleosides_degradation	4	0.36363636363636365	0.16959930208641927
NONOXIPENT-PWY:_pentose_phosphate_pathway_(non-oxidative_branch)_I	PWY0-1319:_CDP-diacylglycerol_biosynthesis_II	5	0.5	0.2596338419962485
NONOXIPENT-PWY:_pentose_phosphate_pathway_(non-oxidative_branch)_I	PWY0-1477:_ethanolamine_utilization	1	0.14285714285714285	0.056158471354973205
NONOXIPENT-PWY:_pentose_phosphate_pathway_(non-oxidative_branch)_I	PWY0-1586:_peptidoglycan_maturation_(meso-diaminopimelate_containing)	2	0.2	0.34117986263492384
NONOXIPENT-PWY:_pentose_phosphate_pathway_(non-oxidative_branch)_I	PWY0-162:_superpathway_of_pyrimidine_ribonucleotides_de_novo_biosynthesis	1	0.14285714285714285	0.7619812721807563
NONOXIPENT-PWY:_pentose_phosphate_pathway_(non-oxidative_branch)_I	PWY0-845:_superpathway_of_pyridoxal_5'-phosphate_biosynthesis_and_salvage	1	0.14285714285714285	0.7844639791450165
NONOXIPENT-PWY:_pentose_phosphate_pathway_(non-oxidative_branch)_I	PWY66-429:_fatty_acid_biosynthesis_initiation_(mitochondria)	2	0.13333333333333333	0.28945314253856924
NONOXIPENT-PWY:_pentose_phosphate_pathway_(non-oxidative_branch)_I	PYRIDNUCSYN-PWY:_NAD_de_novo_biosynthesis_I_(from_aspartate)	2	0.18181818181818182	0.2400233601028835
NONOXIPENT-PWY:_pentose_phosphate_pathway_(non-oxidative_branch)_I	PYRIDOXSYN-PWY:_pyridoxal_5'-phosphate_biosynthesis_I	1	0.14285714285714285	0.7887340066079279
NONOXIPENT-PWY:_pentose_phosphate_pathway_(non-oxidative_branch)_I	RHAMCAT-PWY:_L-rhamnose_degradation_I	3	0.375	0.3249868816434357
NONOXIPENT-PWY:_pentose_phosphate_pathway_(non-oxidative_branch)_I	RIBOSYN2-PWY:_flavin_biosynthesis_I_(bacteria_and_plants)	4	0.36363636363636365	0.268911324337476
NONOXIPENT-PWY:_pentose_phosphate_pathway_(non-oxidative_branch)_I	SER-GLYSYN-PWY:_superpathway_of_L-serine_and_glycine_biosynthesis_I	5	0.4166666666666667	0.298681770367335
NONOXIPENT-PWY:_pentose_phosphate_pathway_(non-oxidative_branch)_I	THISYNARA-PWY:_superpathway_of_thiamine_diphosphate_biosynthesis_III_(eukaryotes)	2	0.25	0.05054964095735626
NONOXIPENT-PWY:_pentose_phosphate_pathway_(non-oxidative_branch)_I	TRNA-CHARGING-PWY:_tRNA_charging	3	0.2727272727272727	0.28116520793802036
NONOXIPENT-PWY:_pentose_phosphate_pathway_(non-oxidative_branch)_I	VALSYN-PWY:_L-valine_biosynthesis	7	0.3181818181818182	0.3309776076903248
P41-PWY:_pyruvate_fermentation_to_acetate_and_(S)-lactate_I	PANTO-PWY:_phosphopantothenate_biosynthesis_I	3	0.3	0.02849763896683255
P41-PWY:_pyruvate_fermentation_to_acetate_and_(S)-lactate_I	PANTOSYN-PWY:_superpathway_of_coenzyme_A_biosynthesis_I_(bacteria)	1	0.1	0.010244465745859355
P41-PWY:_pyruvate_fermentation_to_acetate_and_(S)-lactate_I	PEPTIDOGLYCANSYN-PWY:_peptidoglycan_biosynthesis_I_(meso-diaminopimelate_containing)	2	0.125	0.007892961952619904
P41-PWY:_pyruvate_fermentation_to_acetate_and_(S)-lactate_I	PWY-1042:_glycolysis_IV	4	0.2857142857142857	0.030848919821864884
P41-PWY:_pyruvate_fermentation_to_acetate_and_(S)-lactate_I	PWY-3841:_folate_transformations_II_(plants)	3	0.25	0.044840772666251305
P41-PWY:_pyruvate_fermentation_to_acetate_and_(S)-lactate_I	PWY-5097:_L-lysine_biosynthesis_VI	1	0.1111111111111111	0.0029870838515536624
P41-PWY:_pyruvate_fermentation_to_acetate_and_(S)-lactate_I	PWY-5100:_pyruvate_fermentation_to_acetate_and_lactate_II	5	0.8333333333333334	0.8363337143606335
P41-PWY:_pyruvate_fermentation_to_acetate_and_(S)-lactate_I	PWY-5103:_L-isoleucine_biosynthesis_III	4	0.3076923076923077	0.0890214112969262
P41-PWY:_pyruvate_fermentation_to_acetate_and_(S)-lactate_I	PWY-5188:_tetrapyrrole_biosynthesis_I_(from_glutamate)	2	0.18181818181818182	0.3309363364851482
P41-PWY:_pyruvate_fermentation_to_acetate_and_(S)-lactate_I	PWY-5384:_sucrose_degradation_IV_(sucrose_phosphorylase)	2	0.3333333333333333	0.17324301363633243
P41-PWY:_pyruvate_fermentation_to_acetate_and_(S)-lactate_I	PWY-5659:_GDP-mannose_biosynthesis	2	0.2857142857142857	0.24638258762528398
P41-PWY:_pyruvate_fermentation_to_acetate_and_(S)-lactate_I	PWY-5667:_CDP-diacylglycerol_biosynthesis_I	2	0.18181818181818182	0.011420974604651302
P41-PWY:_pyruvate_fermentation_to_acetate_and_(S)-lactate_I	PWY-5686:_UMP_biosynthesis_I	4	0.2222222222222222	0.03902580659867971
P41-PWY:_pyruvate_fermentation_to_acetate_and_(S)-lactate_I	PWY-5695:_inosine_5'-phosphate_degradation	3	0.21428571428571427	0.03654566787944569
P41-PWY:_pyruvate_fermentation_to_acetate_and_(S)-lactate_I	PWY-5941:_glycogen_degradation_II	4	0.5	0.2664378188529225
P41-PWY:_pyruvate_fermentation_to_acetate_and_(S)-lactate_I	PWY-6121:_5-aminoimidazole_ribonucleotide_biosynthesis_I	5	0.25	0.05870619764395235
P41-PWY:_pyruvate_fermentation_to_acetate_and_(S)-lactate_I	PWY-6122:_5-aminoimidazole_ribonucleotide_biosynthesis_II	5	0.20833333333333334	0.06158868785683158
P41-PWY:_pyruvate_fermentation_to_acetate_and_(S)-lactate_I	PWY-6124:_inosine-5'-phosphate_biosynthesis_II	1	0.07142857142857142	0.01214618799632794
P41-PWY:_pyruvate_fermentation_to_acetate_and_(S)-lactate_I	PWY-6151:_S-adenosyl-L-methionine_salvage_I	4	0.26666666666666666	0.05477373879783587
P41-PWY:_pyruvate_fermentation_to_acetate_and_(S)-lactate_I	PWY-6163:_chorismate_biosynthesis_from_3-dehydroquinate	5	0.3125	0.043717414197688154
P41-PWY:_pyruvate_fermentation_to_acetate_and_(S)-lactate_I	PWY-621:_sucrose_degradation_III_(sucrose_invertase)	2	0.2857142857142857	0.17959931067834367
P41-PWY:_pyruvate_fermentation_to_acetate_and_(S)-lactate_I	PWY-6277:_superpathway_of_5-aminoimidazole_ribonucleotide_biosynthesis	5	0.20833333333333334	0.06158868785683158
P41-PWY:_pyruvate_fermentation_to_acetate_and_(S)-lactate_I	PWY-6317:_D-galactose_degradation_I_(Leloir_pathway)	4	0.4444444444444444	0.304227808535681
P41-PWY:_pyruvate_fermentation_to_acetate_and_(S)-lactate_I	PWY-6385:_peptidoglycan_biosynthesis_III_(mycobacteria)	2	0.125	0.008787763181073327
P41-PWY:_pyruvate_fermentation_to_acetate_and_(S)-lactate_I	PWY-6386:_UDP-N-acetylmuramoyl-pentapeptide_biosynthesis_II_(lysine-containing)	2	0.14285714285714285	0.008822951304062743
P41-PWY:_pyruvate_fermentation_to_acetate_and_(S)-lactate_I	PWY-6387:_UDP-N-acetylmuramoyl-pentapeptide_biosynthesis_I_(meso-diaminopimelate_containing)	2	0.1111111111111111	0.009952769898571634
P41-PWY:_pyruvate_fermentation_to_acetate_and_(S)-lactate_I	PWY-6527:_stachyose_degradation	3	0.3	0.4285938044058386
P41-PWY:_pyruvate_fermentation_to_acetate_and_(S)-lactate_I	PWY-6608:_guanosine_nucleotides_degradation_III	1	0.16666666666666666	0.12302429578821572
P41-PWY:_pyruvate_fermentation_to_acetate_and_(S)-lactate_I	PWY-6609:_adenine_and_adenosine_salvage_III	3	0.15789473684210525	0.019906909810871065
P41-PWY:_pyruvate_fermentation_to_acetate_and_(S)-lactate_I	PWY-6700:_queuosine_biosynthesis_I_(de_novo)	5	0.2777777777777778	0.04876628370617764
P41-PWY:_pyruvate_fermentation_to_acetate_and_(S)-lactate_I	PWY-6823:_molybdopterin_biosynthesis	3	0.3333333333333333	0.21443577485241172
P41-PWY:_pyruvate_fermentation_to_acetate_and_(S)-lactate_I	PWY-6897:_thiamine_diphosphate_salvage_II	1	0.14285714285714285	0.01777838927146469
P41-PWY:_pyruvate_fermentation_to_acetate_and_(S)-lactate_I	PWY-6936:_seleno-amino_acid_biosynthesis_(plants)	1	0.09090909090909091	0.2867985615589449
P41-PWY:_pyruvate_fermentation_to_acetate_and_(S)-lactate_I	PWY-7111:_pyruvate_fermentation_to_isobutanol_(engineered)	4	0.4444444444444444	0.34559296111974225
P41-PWY:_pyruvate_fermentation_to_acetate_and_(S)-lactate_I	PWY-7221:_guanosine_ribonucleotides_de_novo_biosynthesis	4	0.23529411764705882	0.029866395007647872
P41-PWY:_pyruvate_fermentation_to_acetate_and_(S)-lactate_I	PWY-7237:_myo-,_chiro-_and_scyllo-inositol_degradation	3	0.25	0.14951207101544006
P41-PWY:_pyruvate_fermentation_to_acetate_and_(S)-lactate_I	PWY-7238:_sucrose_biosynthesis_II	5	0.38461538461538464	0.17746833733791134
P41-PWY:_pyruvate_fermentation_to_acetate_and_(S)-lactate_I	PWY-7357:_thiamine_phosphate_formation_from_pyrithiamine_and_oxythiamine_(yeast)	3	0.42857142857142855	0.15146457532225943
P41-PWY:_pyruvate_fermentation_to_acetate_and_(S)-lactate_I	PWY-7456:_&beta;-(1,4)-mannan_degradation	1	0.2	0.39664464377743824
P41-PWY:_pyruvate_fermentation_to_acetate_and_(S)-lactate_I	PWY-7790:_UMP_biosynthesis_II	4	0.2222222222222222	0.03914944735808301
P41-PWY:_pyruvate_fermentation_to_acetate_and_(S)-lactate_I	PWY-7791:_UMP_biosynthesis_III	4	0.2222222222222222	0.03713732721807572
P41-PWY:_pyruvate_fermentation_to_acetate_and_(S)-lactate_I	PWY-7851:_coenzyme_A_biosynthesis_II_(eukaryotic)	2	0.14285714285714285	0.025819195780860893
P41-PWY:_pyruvate_fermentation_to_acetate_and_(S)-lactate_I	PWY-7953:_UDP-N-acetylmuramoyl-pentapeptide_biosynthesis_III_(meso-diaminopimelate_containing)	2	0.13333333333333333	0.00805345398012125
P41-PWY:_pyruvate_fermentation_to_acetate_and_(S)-lactate_I	PWY-8178:_pentose_phosphate_pathway_(non-oxidative_branch)_II	4	0.5	0.16527131142362017
P41-PWY:_pyruvate_fermentation_to_acetate_and_(S)-lactate_I	PWY0-1061:_superpathway_of_L-alanine_biosynthesis	2	0.4	0.15955865002366176
P41-PWY:_pyruvate_fermentation_to_acetate_and_(S)-lactate_I	PWY0-1296:_purine_ribonucleosides_degradation	3	0.3	0.09834493352437446
P41-PWY:_pyruvate_fermentation_to_acetate_and_(S)-lactate_I	PWY0-1319:_CDP-diacylglycerol_biosynthesis_II	2	0.18181818181818182	0.011420974604651302
P41-PWY:_pyruvate_fermentation_to_acetate_and_(S)-lactate_I	PWY0-1586:_peptidoglycan_maturation_(meso-diaminopimelate_containing)	1	0.1111111111111111	0.0029312667708986107
P41-PWY:_pyruvate_fermentation_to_acetate_and_(S)-lactate_I	PYRIDNUCSYN-PWY:_NAD_de_novo_biosynthesis_I_(from_aspartate)	2	0.2222222222222222	0.020446277931180035
P41-PWY:_pyruvate_fermentation_to_acetate_and_(S)-lactate_I	RHAMCAT-PWY:_L-rhamnose_degradation_I	1	0.125	0.011629523274182874
P41-PWY:_pyruvate_fermentation_to_acetate_and_(S)-lactate_I	RIBOSYN2-PWY:_flavin_biosynthesis_I_(bacteria_and_plants)	2	0.18181818181818182	0.009780192939959576
P41-PWY:_pyruvate_fermentation_to_acetate_and_(S)-lactate_I	SER-GLYSYN-PWY:_superpathway_of_L-serine_and_glycine_biosynthesis_I	3	0.25	0.0370254870818032
P41-PWY:_pyruvate_fermentation_to_acetate_and_(S)-lactate_I	THISYNARA-PWY:_superpathway_of_thiamine_diphosphate_biosynthesis_III_(eukaryotes)	2	0.3333333333333333	0.06587255722419239
P41-PWY:_pyruvate_fermentation_to_acetate_and_(S)-lactate_I	TRNA-CHARGING-PWY:_tRNA_charging	2	0.2	0.014621816858497949
P41-PWY:_pyruvate_fermentation_to_acetate_and_(S)-lactate_I	UDPNAGSYN-PWY:_UDP-N-acetyl-D-glucosamine_biosynthesis_I	1	0.09090909090909091	0.3202773009942522
P41-PWY:_pyruvate_fermentation_to_acetate_and_(S)-lactate_I	VALSYN-PWY:_L-valine_biosynthesis	5	0.22727272727272727	0.06554375318870609
PANTO-PWY:_phosphopantothenate_biosynthesis_I	PANTOSYN-PWY:_superpathway_of_coenzyme_A_biosynthesis_I_(bacteria)	6	0.75	0.9844604471661615
PANTO-PWY:_phosphopantothenate_biosynthesis_I	PENTOSE-P-PWY:_pentose_phosphate_pathway	1	0.125	0.27402916897840346
PANTO-PWY:_phosphopantothenate_biosynthesis_I	PEPTIDOGLYCANSYN-PWY:_peptidoglycan_biosynthesis_I_(meso-diaminopimelate_containing)	7	0.5	0.8430603716427272
PANTO-PWY:_phosphopantothenate_biosynthesis_I	PWY-1042:_glycolysis_IV	7	0.5	0.5513151594967516
PANTO-PWY:_phosphopantothenate_biosynthesis_I	PWY-1269:_CMP-3-deoxy-D-manno-octulosonate_biosynthesis	1	0.1111111111111111	0.26221969095940545
PANTO-PWY:_phosphopantothenate_biosynthesis_I	PWY-2942:_L-lysine_biosynthesis_III	2	0.18181818181818182	0.8799988161410726
PANTO-PWY:_phosphopantothenate_biosynthesis_I	PWY-3841:_folate_transformations_II_(plants)	5	0.38461538461538464	0.9012672021972463
PANTO-PWY:_phosphopantothenate_biosynthesis_I	PWY-5030:_L-histidine_degradation_III	3	0.3333333333333333	0.9376845506846496
PANTO-PWY:_phosphopantothenate_biosynthesis_I	PWY-5097:_L-lysine_biosynthesis_VI	3	0.3	0.8438608305778985
PANTO-PWY:_phosphopantothenate_biosynthesis_I	PWY-5100:_pyruvate_fermentation_to_acetate_and_lactate_II	3	0.2727272727272727	0.038918392809202396
PANTO-PWY:_phosphopantothenate_biosynthesis_I	PWY-5103:_L-isoleucine_biosynthesis_III	4	0.25	0.2702623836354463
PANTO-PWY:_phosphopantothenate_biosynthesis_I	PWY-5121:_superpathway_of_geranylgeranyl_diphosphate_biosynthesis_II_(via_MEP)	1	0.125	0.7563321142337373
PANTO-PWY:_phosphopantothenate_biosynthesis_I	PWY-5130:_2-oxobutanoate_degradation_I	1	0.09090909090909091	0.16108726457563793
PANTO-PWY:_phosphopantothenate_biosynthesis_I	PWY-5188:_tetrapyrrole_biosynthesis_I_(from_glutamate)	1	0.06666666666666667	0.017691643138172175
PANTO-PWY:_phosphopantothenate_biosynthesis_I	PWY-5384:_sucrose_degradation_IV_(sucrose_phosphorylase)	1	0.1	0.2692808467947264
PANTO-PWY:_phosphopantothenate_biosynthesis_I	PWY-5659:_GDP-mannose_biosynthesis	1	0.09090909090909091	0.023402273847347943
PANTO-PWY:_phosphopantothenate_biosynthesis_I	PWY-5667:_CDP-diacylglycerol_biosynthesis_I	5	0.45454545454545453	0.8066745125984562
PANTO-PWY:_phosphopantothenate_biosynthesis_I	PWY-5686:_UMP_biosynthesis_I	8	0.47058823529411764	0.825947695939122
PANTO-PWY:_phosphopantothenate_biosynthesis_I	PWY-5695:_inosine_5'-phosphate_degradation	4	0.25	0.7802844743836281
PANTO-PWY:_phosphopantothenate_biosynthesis_I	PWY-5941:_glycogen_degradation_II	2	0.15384615384615385	0.024621881551596725
PANTO-PWY:_phosphopantothenate_biosynthesis_I	PWY-5973:_cis-vaccenate_biosynthesis	2	0.25	0.7878209095336708
PANTO-PWY:_phosphopantothenate_biosynthesis_I	PWY-6121:_5-aminoimidazole_ribonucleotide_biosynthesis_I	8	0.4	0.8776709060070557
PANTO-PWY:_phosphopantothenate_biosynthesis_I	PWY-6122:_5-aminoimidazole_ribonucleotide_biosynthesis_II	8	0.3333333333333333	0.8702560025274864
PANTO-PWY:_phosphopantothenate_biosynthesis_I	PWY-6123:_inosine-5'-phosphate_biosynthesis_I	3	0.25	0.8698095527593794
PANTO-PWY:_phosphopantothenate_biosynthesis_I	PWY-6124:_inosine-5'-phosphate_biosynthesis_II	3	0.2	0.8543318862255409
PANTO-PWY:_phosphopantothenate_biosynthesis_I	PWY-6125:_superpathway_of_guanosine_nucleotides_de_novo_biosynthesis_II	2	0.25	0.8514601720198535
PANTO-PWY:_phosphopantothenate_biosynthesis_I	PWY-6126:_superpathway_of_adenosine_nucleotides_de_novo_biosynthesis_II	2	0.25	0.7563375169114617
PANTO-PWY:_phosphopantothenate_biosynthesis_I	PWY-6147:_6-hydroxymethyl-dihydropterin_diphosphate_biosynthesis_I	3	0.375	0.8815626761058127
PANTO-PWY:_phosphopantothenate_biosynthesis_I	PWY-6151:_S-adenosyl-L-methionine_salvage_I	5	0.29411764705882354	0.69532035426525
PANTO-PWY:_phosphopantothenate_biosynthesis_I	PWY-6163:_chorismate_biosynthesis_from_3-dehydroquinate	6	0.3333333333333333	0.7377367736083809
PANTO-PWY:_phosphopantothenate_biosynthesis_I	PWY-621:_sucrose_degradation_III_(sucrose_invertase)	1	0.09090909090909091	0.26751963443599613
PANTO-PWY:_phosphopantothenate_biosynthesis_I	PWY-6270:_isoprene_biosynthesis_I	1	0.1111111111111111	0.2684190692970623
PANTO-PWY:_phosphopantothenate_biosynthesis_I	PWY-6277:_superpathway_of_5-aminoimidazole_ribonucleotide_biosynthesis	8	0.3333333333333333	0.8702560025274864
PANTO-PWY:_phosphopantothenate_biosynthesis_I	PWY-6317:_D-galactose_degradation_I_(Leloir_pathway)	3	0.23076923076923078	0.04916050976274622
PANTO-PWY:_phosphopantothenate_biosynthesis_I	PWY-6385:_peptidoglycan_biosynthesis_III_(mycobacteria)	6	0.4	0.8794897341994905
PANTO-PWY:_phosphopantothenate_biosynthesis_I	PWY-6386:_UDP-N-acetylmuramoyl-pentapeptide_biosynthesis_II_(lysine-containing)	6	0.46153846153846156	0.847914500011523
PANTO-PWY:_phosphopantothenate_biosynthesis_I	PWY-6387:_UDP-N-acetylmuramoyl-pentapeptide_biosynthesis_I_(meso-diaminopimelate_containing)	7	0.4375	0.8280908964566456
PANTO-PWY:_phosphopantothenate_biosynthesis_I	PWY-6527:_stachyose_degradation	3	0.23076923076923078	0.0651504496350771
PANTO-PWY:_phosphopantothenate_biosynthesis_I	PWY-6572:_chondroitin_sulfate_degradation_I_(bacterial)	1	0.125	0.2537295282276436
PANTO-PWY:_phosphopantothenate_biosynthesis_I	PWY-6608:_guanosine_nucleotides_degradation_III	1	0.1111111111111111	0.016616554194844313
PANTO-PWY:_phosphopantothenate_biosynthesis_I	PWY-6609:_adenine_and_adenosine_salvage_III	7	0.3888888888888889	0.7827252057292542
PANTO-PWY:_phosphopantothenate_biosynthesis_I	PWY-6700:_queuosine_biosynthesis_I_(de_novo)	7	0.3684210526315789	0.7515836238901517
PANTO-PWY:_phosphopantothenate_biosynthesis_I	PWY-6703:_preQ0_biosynthesis	2	0.15384615384615385	0.7955304042486008
PANTO-PWY:_phosphopantothenate_biosynthesis_I	PWY-6823:_molybdopterin_biosynthesis	2	0.15384615384615385	0.01768136024037259
PANTO-PWY:_phosphopantothenate_biosynthesis_I	PWY-6897:_thiamine_diphosphate_salvage_II	1	0.1	0.006649069684006026
PANTO-PWY:_phosphopantothenate_biosynthesis_I	PWY-6902:_chitin_degradation_II_(Vibrio)	1	0.1111111111111111	0.21602545888995384
PANTO-PWY:_phosphopantothenate_biosynthesis_I	PWY-7111:_pyruvate_fermentation_to_isobutanol_(engineered)	2	0.14285714285714285	0.01875623361888168
PANTO-PWY:_phosphopantothenate_biosynthesis_I	PWY-7199:_pyrimidine_deoxyribonucleosides_salvage	2	0.2222222222222222	0.9163867721553209
PANTO-PWY:_phosphopantothenate_biosynthesis_I	PWY-7220:_adenosine_deoxyribonucleotides_de_novo_biosynthesis_II	2	0.25	0.7885331969162682
PANTO-PWY:_phosphopantothenate_biosynthesis_I	PWY-7221:_guanosine_ribonucleotides_de_novo_biosynthesis	7	0.4117647058823529	0.7984899471261357
PANTO-PWY:_phosphopantothenate_biosynthesis_I	PWY-7222:_guanosine_deoxyribonucleotides_de_novo_biosynthesis_II	2	0.25	0.7885331969162682
PANTO-PWY:_phosphopantothenate_biosynthesis_I	PWY-7228:_superpathway_of_guanosine_nucleotides_de_novo_biosynthesis_I	2	0.2222222222222222	0.7900071874786625
PANTO-PWY:_phosphopantothenate_biosynthesis_I	PWY-7229:_superpathway_of_adenosine_nucleotides_de_novo_biosynthesis_I	2	0.25	0.7320204599983398
PANTO-PWY:_phosphopantothenate_biosynthesis_I	PWY-7234:_inosine-5'-phosphate_biosynthesis_III	1	0.125	0.1434216858367503
PANTO-PWY:_phosphopantothenate_biosynthesis_I	PWY-7237:_myo-,_chiro-_and_scyllo-inositol_degradation	3	0.2	0.02733011923501838
PANTO-PWY:_phosphopantothenate_biosynthesis_I	PWY-7238:_sucrose_biosynthesis_II	5	0.3125	0.05858167395790148
PANTO-PWY:_phosphopantothenate_biosynthesis_I	PWY-7357:_thiamine_phosphate_formation_from_pyrithiamine_and_oxythiamine_(yeast)	2	0.18181818181818182	0.015750168694088074
PANTO-PWY:_phosphopantothenate_biosynthesis_I	PWY-7560:_methylerythritol_phosphate_pathway_II	1	0.1111111111111111	0.26866286434453446
PANTO-PWY:_phosphopantothenate_biosynthesis_I	PWY-7663:_gondoate_biosynthesis_(anaerobic)	2	0.25	0.7973303282154629
PANTO-PWY:_phosphopantothenate_biosynthesis_I	PWY-7790:_UMP_biosynthesis_II	8	0.47058823529411764	0.8242580268405033
PANTO-PWY:_phosphopantothenate_biosynthesis_I	PWY-7791:_UMP_biosynthesis_III	8	0.47058823529411764	0.7981974718327993
PANTO-PWY:_phosphopantothenate_biosynthesis_I	PWY-7851:_coenzyme_A_biosynthesis_II_(eukaryotic)	6	0.46153846153846156	0.9126781888817965
PANTO-PWY:_phosphopantothenate_biosynthesis_I	PWY-7953:_UDP-N-acetylmuramoyl-pentapeptide_biosynthesis_III_(meso-diaminopimelate_containing)	6	0.42857142857142855	0.8902584360753028
PANTO-PWY:_phosphopantothenate_biosynthesis_I	PWY-7977:_L-methionine_biosynthesis_IV	3	0.2727272727272727	0.8575553435908403
PANTO-PWY:_phosphopantothenate_biosynthesis_I	PWY-8178:_pentose_phosphate_pathway_(non-oxidative_branch)_II	4	0.36363636363636365	0.28729637853485956
PANTO-PWY:_phosphopantothenate_biosynthesis_I	PWY0-1061:_superpathway_of_L-alanine_biosynthesis	2	0.25	0.014258186830439334
PANTO-PWY:_phosphopantothenate_biosynthesis_I	PWY0-1296:_purine_ribonucleosides_degradation	3	0.23076923076923078	0.033814439667154805
PANTO-PWY:_phosphopantothenate_biosynthesis_I	PWY0-1319:_CDP-diacylglycerol_biosynthesis_II	5	0.45454545454545453	0.8066745125984562
PANTO-PWY:_phosphopantothenate_biosynthesis_I	PWY0-1586:_peptidoglycan_maturation_(meso-diaminopimelate_containing)	3	0.3	0.8605476683274812
PANTO-PWY:_phosphopantothenate_biosynthesis_I	PWY0-162:_superpathway_of_pyrimidine_ribonucleotides_de_novo_biosynthesis	1	0.125	0.27558366397097966
PANTO-PWY:_phosphopantothenate_biosynthesis_I	PWY0-845:_superpathway_of_pyridoxal_5'-phosphate_biosynthesis_and_salvage	1	0.125	0.2735788037915159
PANTO-PWY:_phosphopantothenate_biosynthesis_I	PWY66-429:_fatty_acid_biosynthesis_initiation_(mitochondria)	3	0.2	0.7619179828284623
PANTO-PWY:_phosphopantothenate_biosynthesis_I	PYRIDNUCSYN-PWY:_NAD_de_novo_biosynthesis_I_(from_aspartate)	4	0.4	0.8642699221845563
PANTO-PWY:_phosphopantothenate_biosynthesis_I	PYRIDOXSYN-PWY:_pyridoxal_5'-phosphate_biosynthesis_I	1	0.125	0.27319299693587706
PANTO-PWY:_phosphopantothenate_biosynthesis_I	RHAMCAT-PWY:_L-rhamnose_degradation_I	3	0.3333333333333333	0.8016811730507771
PANTO-PWY:_phosphopantothenate_biosynthesis_I	RIBOSYN2-PWY:_flavin_biosynthesis_I_(bacteria_and_plants)	4	0.3333333333333333	0.7578615246945839
PANTO-PWY:_phosphopantothenate_biosynthesis_I	SER-GLYSYN-PWY:_superpathway_of_L-serine_and_glycine_biosynthesis_I	5	0.38461538461538464	0.9388821343774755
PANTO-PWY:_phosphopantothenate_biosynthesis_I	THISYNARA-PWY:_superpathway_of_thiamine_diphosphate_biosynthesis_III_(eukaryotes)	2	0.2222222222222222	0.010930460892708105
PANTO-PWY:_phosphopantothenate_biosynthesis_I	THRESYN-PWY:_superpathway_of_L-threonine_biosynthesis	1	0.1	0.7638375267345376
PANTO-PWY:_phosphopantothenate_biosynthesis_I	TRNA-CHARGING-PWY:_tRNA_charging	5	0.5	0.8680996302476746
PANTO-PWY:_phosphopantothenate_biosynthesis_I	VALSYN-PWY:_L-valine_biosynthesis	7	0.30434782608695654	0.7495164850516216
PANTOSYN-PWY:_superpathway_of_coenzyme_A_biosynthesis_I_(bacteria)	PENTOSE-P-PWY:_pentose_phosphate_pathway	1	0.16666666666666666	0.27077924970936684
PANTOSYN-PWY:_superpathway_of_coenzyme_A_biosynthesis_I_(bacteria)	PEPTIDOGLYCANSYN-PWY:_peptidoglycan_biosynthesis_I_(meso-diaminopimelate_containing)	6	0.46153846153846156	0.8412739928957731
PANTOSYN-PWY:_superpathway_of_coenzyme_A_biosynthesis_I_(bacteria)	PWY-1042:_glycolysis_IV	5	0.35714285714285715	0.5425750082352341
PANTOSYN-PWY:_superpathway_of_coenzyme_A_biosynthesis_I_(bacteria)	PWY-1269:_CMP-3-deoxy-D-manno-octulosonate_biosynthesis	1	0.14285714285714285	0.26804744525458
PANTOSYN-PWY:_superpathway_of_coenzyme_A_biosynthesis_I_(bacteria)	PWY-2942:_L-lysine_biosynthesis_III	2	0.2222222222222222	0.8819824137353784
PANTOSYN-PWY:_superpathway_of_coenzyme_A_biosynthesis_I_(bacteria)	PWY-3841:_folate_transformations_II_(plants)	4	0.3333333333333333	0.8991552183562901
PANTOSYN-PWY:_superpathway_of_coenzyme_A_biosynthesis_I_(bacteria)	PWY-5030:_L-histidine_degradation_III	3	0.42857142857142855	0.94035598387815
PANTOSYN-PWY:_superpathway_of_coenzyme_A_biosynthesis_I_(bacteria)	PWY-5097:_L-lysine_biosynthesis_VI	2	0.2222222222222222	0.8455805684629765
PANTOSYN-PWY:_superpathway_of_coenzyme_A_biosynthesis_I_(bacteria)	PWY-5100:_pyruvate_fermentation_to_acetate_and_lactate_II	1	0.09090909090909091	0.01004249342832042
PANTOSYN-PWY:_superpathway_of_coenzyme_A_biosynthesis_I_(bacteria)	PWY-5103:_L-isoleucine_biosynthesis_III	2	0.125	0.25304015695647464
PANTOSYN-PWY:_superpathway_of_coenzyme_A_biosynthesis_I_(bacteria)	PWY-5121:_superpathway_of_geranylgeranyl_diphosphate_biosynthesis_II_(via_MEP)	1	0.16666666666666666	0.7626205378443941
PANTOSYN-PWY:_superpathway_of_coenzyme_A_biosynthesis_I_(bacteria)	PWY-5130:_2-oxobutanoate_degradation_I	1	0.1111111111111111	0.16557221794270427
PANTOSYN-PWY:_superpathway_of_coenzyme_A_biosynthesis_I_(bacteria)	PWY-5188:_tetrapyrrole_biosynthesis_I_(from_glutamate)	1	0.07692307692307693	0.01812790174472556
PANTOSYN-PWY:_superpathway_of_coenzyme_A_biosynthesis_I_(bacteria)	PWY-5384:_sucrose_degradation_IV_(sucrose_phosphorylase)	1	0.125	0.2659853173521639
PANTOSYN-PWY:_superpathway_of_coenzyme_A_biosynthesis_I_(bacteria)	PWY-5667:_CDP-diacylglycerol_biosynthesis_I	3	0.2727272727272727	0.8042304479859976
PANTOSYN-PWY:_superpathway_of_coenzyme_A_biosynthesis_I_(bacteria)	PWY-5686:_UMP_biosynthesis_I	6	0.35294117647058826	0.8164331028785724
PANTOSYN-PWY:_superpathway_of_coenzyme_A_biosynthesis_I_(bacteria)	PWY-5695:_inosine_5'-phosphate_degradation	3	0.2	0.7750811636142004
PANTOSYN-PWY:_superpathway_of_coenzyme_A_biosynthesis_I_(bacteria)	PWY-5941:_glycogen_degradation_II	1	0.08333333333333333	0.008663782089747163
PANTOSYN-PWY:_superpathway_of_coenzyme_A_biosynthesis_I_(bacteria)	PWY-5973:_cis-vaccenate_biosynthesis	2	0.3333333333333333	0.7884999262766443
PANTOSYN-PWY:_superpathway_of_coenzyme_A_biosynthesis_I_(bacteria)	PWY-6121:_5-aminoimidazole_ribonucleotide_biosynthesis_I	6	0.3	0.870162162318766
PANTOSYN-PWY:_superpathway_of_coenzyme_A_biosynthesis_I_(bacteria)	PWY-6122:_5-aminoimidazole_ribonucleotide_biosynthesis_II	6	0.25	0.8677625712374988
PANTOSYN-PWY:_superpathway_of_coenzyme_A_biosynthesis_I_(bacteria)	PWY-6123:_inosine-5'-phosphate_biosynthesis_I	3	0.3	0.871836214324187
PANTOSYN-PWY:_superpathway_of_coenzyme_A_biosynthesis_I_(bacteria)	PWY-6124:_inosine-5'-phosphate_biosynthesis_II	3	0.23076923076923078	0.8561418664632269
PANTOSYN-PWY:_superpathway_of_coenzyme_A_biosynthesis_I_(bacteria)	PWY-6125:_superpathway_of_guanosine_nucleotides_de_novo_biosynthesis_II	2	0.3333333333333333	0.8530120834791404
PANTOSYN-PWY:_superpathway_of_coenzyme_A_biosynthesis_I_(bacteria)	PWY-6126:_superpathway_of_adenosine_nucleotides_de_novo_biosynthesis_II	2	0.3333333333333333	0.7566304252258347
PANTOSYN-PWY:_superpathway_of_coenzyme_A_biosynthesis_I_(bacteria)	PWY-6147:_6-hydroxymethyl-dihydropterin_diphosphate_biosynthesis_I	3	0.5	0.883758301003439
PANTOSYN-PWY:_superpathway_of_coenzyme_A_biosynthesis_I_(bacteria)	PWY-6151:_S-adenosyl-L-methionine_salvage_I	4	0.25	0.6954385975069444
PANTOSYN-PWY:_superpathway_of_coenzyme_A_biosynthesis_I_(bacteria)	PWY-6163:_chorismate_biosynthesis_from_3-dehydroquinate	4	0.2222222222222222	0.7314023420560625
PANTOSYN-PWY:_superpathway_of_coenzyme_A_biosynthesis_I_(bacteria)	PWY-621:_sucrose_degradation_III_(sucrose_invertase)	1	0.1111111111111111	0.26420812121469084
PANTOSYN-PWY:_superpathway_of_coenzyme_A_biosynthesis_I_(bacteria)	PWY-6270:_isoprene_biosynthesis_I	1	0.14285714285714285	0.26511565575218876
PANTOSYN-PWY:_superpathway_of_coenzyme_A_biosynthesis_I_(bacteria)	PWY-6277:_superpathway_of_5-aminoimidazole_ribonucleotide_biosynthesis	6	0.25	0.8677625712374988
PANTOSYN-PWY:_superpathway_of_coenzyme_A_biosynthesis_I_(bacteria)	PWY-6317:_D-galactose_degradation_I_(Leloir_pathway)	2	0.16666666666666666	0.03150989533305715
PANTOSYN-PWY:_superpathway_of_coenzyme_A_biosynthesis_I_(bacteria)	PWY-6385:_peptidoglycan_biosynthesis_III_(mycobacteria)	5	0.35714285714285715	0.8777790918436269
PANTOSYN-PWY:_superpathway_of_coenzyme_A_biosynthesis_I_(bacteria)	PWY-6386:_UDP-N-acetylmuramoyl-pentapeptide_biosynthesis_II_(lysine-containing)	5	0.4166666666666667	0.8459070393587071
PANTOSYN-PWY:_superpathway_of_coenzyme_A_biosynthesis_I_(bacteria)	PWY-6387:_UDP-N-acetylmuramoyl-pentapeptide_biosynthesis_I_(meso-diaminopimelate_containing)	6	0.4	0.8258487375078185
PANTOSYN-PWY:_superpathway_of_coenzyme_A_biosynthesis_I_(bacteria)	PWY-6527:_stachyose_degradation	2	0.16666666666666666	0.04789212154897826
PANTOSYN-PWY:_superpathway_of_coenzyme_A_biosynthesis_I_(bacteria)	PWY-6572:_chondroitin_sulfate_degradation_I_(bacterial)	1	0.16666666666666666	0.25031029890292333
PANTOSYN-PWY:_superpathway_of_coenzyme_A_biosynthesis_I_(bacteria)	PWY-6609:_adenine_and_adenosine_salvage_III	6	0.35294117647058826	0.7804020762760016
PANTOSYN-PWY:_superpathway_of_coenzyme_A_biosynthesis_I_(bacteria)	PWY-6700:_queuosine_biosynthesis_I_(de_novo)	5	0.2631578947368421	0.744257248528617
PANTOSYN-PWY:_superpathway_of_coenzyme_A_biosynthesis_I_(bacteria)	PWY-6703:_preQ0_biosynthesis	2	0.18181818181818182	0.7963085789942456
PANTOSYN-PWY:_superpathway_of_coenzyme_A_biosynthesis_I_(bacteria)	PWY-6823:_molybdopterin_biosynthesis	1	0.08333333333333333	0.009440756303042974
PANTOSYN-PWY:_superpathway_of_coenzyme_A_biosynthesis_I_(bacteria)	PWY-6902:_chitin_degradation_II_(Vibrio)	1	0.14285714285714285	0.21246889120222678
PANTOSYN-PWY:_superpathway_of_coenzyme_A_biosynthesis_I_(bacteria)	PWY-7111:_pyruvate_fermentation_to_isobutanol_(engineered)	1	0.07692307692307693	0.001897407086572711
PANTOSYN-PWY:_superpathway_of_coenzyme_A_biosynthesis_I_(bacteria)	PWY-7199:_pyrimidine_deoxyribonucleosides_salvage	2	0.2857142857142857	0.9189569983896494
PANTOSYN-PWY:_superpathway_of_coenzyme_A_biosynthesis_I_(bacteria)	PWY-7220:_adenosine_deoxyribonucleotides_de_novo_biosynthesis_II	2	0.3333333333333333	0.789221298886112
PANTOSYN-PWY:_superpathway_of_coenzyme_A_biosynthesis_I_(bacteria)	PWY-7221:_guanosine_ribonucleotides_de_novo_biosynthesis	5	0.29411764705882354	0.7886930105068818
PANTOSYN-PWY:_superpathway_of_coenzyme_A_biosynthesis_I_(bacteria)	PWY-7222:_guanosine_deoxyribonucleotides_de_novo_biosynthesis_II	2	0.3333333333333333	0.789221298886112
PANTOSYN-PWY:_superpathway_of_coenzyme_A_biosynthesis_I_(bacteria)	PWY-7228:_superpathway_of_guanosine_nucleotides_de_novo_biosynthesis_I	2	0.2857142857142857	0.7907141393838749
PANTOSYN-PWY:_superpathway_of_coenzyme_A_biosynthesis_I_(bacteria)	PWY-7229:_superpathway_of_adenosine_nucleotides_de_novo_biosynthesis_I	2	0.3333333333333333	0.7320358280568975
PANTOSYN-PWY:_superpathway_of_coenzyme_A_biosynthesis_I_(bacteria)	PWY-7234:_inosine-5'-phosphate_biosynthesis_III	1	0.16666666666666666	0.1469167467737511
PANTOSYN-PWY:_superpathway_of_coenzyme_A_biosynthesis_I_(bacteria)	PWY-7237:_myo-,_chiro-_and_scyllo-inositol_degradation	1	0.06666666666666667	0.008604857985896497
PANTOSYN-PWY:_superpathway_of_coenzyme_A_biosynthesis_I_(bacteria)	PWY-7238:_sucrose_biosynthesis_II	3	0.1875	0.044411810792935325
PANTOSYN-PWY:_superpathway_of_coenzyme_A_biosynthesis_I_(bacteria)	PWY-7357:_thiamine_phosphate_formation_from_pyrithiamine_and_oxythiamine_(yeast)	1	0.1	0.009296351448441209
PANTOSYN-PWY:_superpathway_of_coenzyme_A_biosynthesis_I_(bacteria)	PWY-7560:_methylerythritol_phosphate_pathway_II	1	0.14285714285714285	0.26536166893125
PANTOSYN-PWY:_superpathway_of_coenzyme_A_biosynthesis_I_(bacteria)	PWY-7663:_gondoate_biosynthesis_(anaerobic)	2	0.3333333333333333	0.7981319145153103
PANTOSYN-PWY:_superpathway_of_coenzyme_A_biosynthesis_I_(bacteria)	PWY-7790:_UMP_biosynthesis_II	6	0.35294117647058826	0.8147067073595678
PANTOSYN-PWY:_superpathway_of_coenzyme_A_biosynthesis_I_(bacteria)	PWY-7791:_UMP_biosynthesis_III	6	0.35294117647058826	0.7886771230278304
PANTOSYN-PWY:_superpathway_of_coenzyme_A_biosynthesis_I_(bacteria)	PWY-7851:_coenzyme_A_biosynthesis_II_(eukaryotic)	6	0.5454545454545454	0.9259181556166403
PANTOSYN-PWY:_superpathway_of_coenzyme_A_biosynthesis_I_(bacteria)	PWY-7953:_UDP-N-acetylmuramoyl-pentapeptide_biosynthesis_III_(meso-diaminopimelate_containing)	5	0.38461538461538464	0.8908656011648325
PANTOSYN-PWY:_superpathway_of_coenzyme_A_biosynthesis_I_(bacteria)	PWY-7977:_L-methionine_biosynthesis_IV	3	0.3333333333333333	0.8590710474824221
PANTOSYN-PWY:_superpathway_of_coenzyme_A_biosynthesis_I_(bacteria)	PWY-8178:_pentose_phosphate_pathway_(non-oxidative_branch)_II	2	0.18181818181818182	0.2566929320895197
PANTOSYN-PWY:_superpathway_of_coenzyme_A_biosynthesis_I_(bacteria)	PWY0-1061:_superpathway_of_L-alanine_biosynthesis	1	0.14285714285714285	0.007051173704594738
PANTOSYN-PWY:_superpathway_of_coenzyme_A_biosynthesis_I_(bacteria)	PWY0-1296:_purine_ribonucleosides_degradation	2	0.16666666666666666	0.028668808588357853
PANTOSYN-PWY:_superpathway_of_coenzyme_A_biosynthesis_I_(bacteria)	PWY0-1319:_CDP-diacylglycerol_biosynthesis_II	3	0.2727272727272727	0.8042304479859976
PANTOSYN-PWY:_superpathway_of_coenzyme_A_biosynthesis_I_(bacteria)	PWY0-1586:_peptidoglycan_maturation_(meso-diaminopimelate_containing)	2	0.2222222222222222	0.8584636959461913
PANTOSYN-PWY:_superpathway_of_coenzyme_A_biosynthesis_I_(bacteria)	PWY0-162:_superpathway_of_pyrimidine_ribonucleotides_de_novo_biosynthesis	1	0.16666666666666666	0.27234947483702987
PANTOSYN-PWY:_superpathway_of_coenzyme_A_biosynthesis_I_(bacteria)	PWY0-845:_superpathway_of_pyridoxal_5'-phosphate_biosynthesis_and_salvage	1	0.16666666666666666	0.2703244008203255
PANTOSYN-PWY:_superpathway_of_coenzyme_A_biosynthesis_I_(bacteria)	PWY66-429:_fatty_acid_biosynthesis_initiation_(mitochondria)	3	0.23076923076923078	0.7641465597705774
PANTOSYN-PWY:_superpathway_of_coenzyme_A_biosynthesis_I_(bacteria)	PYRIDNUCSYN-PWY:_NAD_de_novo_biosynthesis_I_(from_aspartate)	3	0.3333333333333333	0.8627944964841501
PANTOSYN-PWY:_superpathway_of_coenzyme_A_biosynthesis_I_(bacteria)	PYRIDOXSYN-PWY:_pyridoxal_5'-phosphate_biosynthesis_I	1	0.16666666666666666	0.2699347792777639
PANTOSYN-PWY:_superpathway_of_coenzyme_A_biosynthesis_I_(bacteria)	RHAMCAT-PWY:_L-rhamnose_degradation_I	2	0.25	0.7946396729916502
PANTOSYN-PWY:_superpathway_of_coenzyme_A_biosynthesis_I_(bacteria)	RIBOSYN2-PWY:_flavin_biosynthesis_I_(bacteria_and_plants)	3	0.2727272727272727	0.754879521162527
PANTOSYN-PWY:_superpathway_of_coenzyme_A_biosynthesis_I_(bacteria)	SER-GLYSYN-PWY:_superpathway_of_L-serine_and_glycine_biosynthesis_I	4	0.3333333333333333	0.9400529751537768
PANTOSYN-PWY:_superpathway_of_coenzyme_A_biosynthesis_I_(bacteria)	THISYNARA-PWY:_superpathway_of_thiamine_diphosphate_biosynthesis_III_(eukaryotes)	1	0.125	0.00396404983879628
PANTOSYN-PWY:_superpathway_of_coenzyme_A_biosynthesis_I_(bacteria)	THRESYN-PWY:_superpathway_of_L-threonine_biosynthesis	1	0.125	0.7702959627080607
PANTOSYN-PWY:_superpathway_of_coenzyme_A_biosynthesis_I_(bacteria)	TRNA-CHARGING-PWY:_tRNA_charging	4	0.4444444444444444	0.8653061968477592
PANTOSYN-PWY:_superpathway_of_coenzyme_A_biosynthesis_I_(bacteria)	VALSYN-PWY:_L-valine_biosynthesis	5	0.21739130434782608	0.7396364896819656
PENTOSE-P-PWY:_pentose_phosphate_pathway	PEPTIDOGLYCANSYN-PWY:_peptidoglycan_biosynthesis_I_(meso-diaminopimelate_containing)	1	0.07692307692307693	0.24270768668225817
PENTOSE-P-PWY:_pentose_phosphate_pathway	PWY-1269:_CMP-3-deoxy-D-manno-octulosonate_biosynthesis	1	0.5	0.8510265481671587
PENTOSE-P-PWY:_pentose_phosphate_pathway	PWY-2942:_L-lysine_biosynthesis_III	1	0.2	0.3218787187828619
PENTOSE-P-PWY:_pentose_phosphate_pathway	PWY-3841:_folate_transformations_II_(plants)	1	0.1	0.27887783060624916
PENTOSE-P-PWY:_pentose_phosphate_pathway	PWY-5030:_L-histidine_degradation_III	1	0.25	0.2860551458589917
PENTOSE-P-PWY:_pentose_phosphate_pathway	PWY-5097:_L-lysine_biosynthesis_VI	1	0.2	0.3097002237520212
PENTOSE-P-PWY:_pentose_phosphate_pathway	PWY-5103:_L-isoleucine_biosynthesis_III	1	0.08333333333333333	0.8048631399758079
PENTOSE-P-PWY:_pentose_phosphate_pathway	PWY-5384:_sucrose_degradation_IV_(sucrose_phosphorylase)	1	0.3333333333333333	0.9388593312343142
PENTOSE-P-PWY:_pentose_phosphate_pathway	PWY-5667:_CDP-diacylglycerol_biosynthesis_I	1	0.125	0.21319648828252602
PENTOSE-P-PWY:_pentose_phosphate_pathway	PWY-5686:_UMP_biosynthesis_I	1	0.058823529411764705	0.23460882308587028
PENTOSE-P-PWY:_pentose_phosphate_pathway	PWY-5695:_inosine_5'-phosphate_degradation	1	0.08333333333333333	0.2201115876366
PENTOSE-P-PWY:_pentose_phosphate_pathway	PWY-5973:_cis-vaccenate_biosynthesis	1	0.5	0.26955082776483363
PENTOSE-P-PWY:_pentose_phosphate_pathway	PWY-6121:_5-aminoimidazole_ribonucleotide_biosynthesis_I	1	0.05	0.23682330255647732
PENTOSE-P-PWY:_pentose_phosphate_pathway	PWY-6122:_5-aminoimidazole_ribonucleotide_biosynthesis_II	1	0.041666666666666664	0.20791842246336378
PENTOSE-P-PWY:_pentose_phosphate_pathway	PWY-6123:_inosine-5'-phosphate_biosynthesis_I	1	0.14285714285714285	0.26897463755576945
PENTOSE-P-PWY:_pentose_phosphate_pathway	PWY-6124:_inosine-5'-phosphate_biosynthesis_II	1	0.1	0.2614226082262736
PENTOSE-P-PWY:_pentose_phosphate_pathway	PWY-6125:_superpathway_of_guanosine_nucleotides_de_novo_biosynthesis_II	1	0.5	0.30605559008111327
PENTOSE-P-PWY:_pentose_phosphate_pathway	PWY-6126:_superpathway_of_adenosine_nucleotides_de_novo_biosynthesis_II	1	0.5	0.2527603432891099
PENTOSE-P-PWY:_pentose_phosphate_pathway	PWY-6147:_6-hydroxymethyl-dihydropterin_diphosphate_biosynthesis_I	1	0.3333333333333333	0.27481695674257833
PENTOSE-P-PWY:_pentose_phosphate_pathway	PWY-6163:_chorismate_biosynthesis_from_3-dehydroquinate	1	0.0625	0.23256814004593673
PENTOSE-P-PWY:_pentose_phosphate_pathway	PWY-621:_sucrose_degradation_III_(sucrose_invertase)	1	0.25	0.9201287797214851
PENTOSE-P-PWY:_pentose_phosphate_pathway	PWY-6270:_isoprene_biosynthesis_I	1	0.5	0.9108604586394711
PENTOSE-P-PWY:_pentose_phosphate_pathway	PWY-6277:_superpathway_of_5-aminoimidazole_ribonucleotide_biosynthesis	1	0.041666666666666664	0.20791842246336378
PENTOSE-P-PWY:_pentose_phosphate_pathway	PWY-6385:_peptidoglycan_biosynthesis_III_(mycobacteria)	1	0.07692307692307693	0.2749738033934357
PENTOSE-P-PWY:_pentose_phosphate_pathway	PWY-6386:_UDP-N-acetylmuramoyl-pentapeptide_biosynthesis_II_(lysine-containing)	1	0.09090909090909091	0.23471088128588047
PENTOSE-P-PWY:_pentose_phosphate_pathway	PWY-6387:_UDP-N-acetylmuramoyl-pentapeptide_biosynthesis_I_(meso-diaminopimelate_containing)	1	0.06666666666666667	0.2340004617545094
PENTOSE-P-PWY:_pentose_phosphate_pathway	PWY-6572:_chondroitin_sulfate_degradation_I_(bacterial)	1	1.0	0.7956370258011005
PENTOSE-P-PWY:_pentose_phosphate_pathway	PWY-6609:_adenine_and_adenosine_salvage_III	1	0.058823529411764705	0.21557382576680506
PENTOSE-P-PWY:_pentose_phosphate_pathway	PWY-6700:_queuosine_biosynthesis_I_(de_novo)	1	0.05555555555555555	0.23301387341178825
PENTOSE-P-PWY:_pentose_phosphate_pathway	PWY-6703:_preQ0_biosynthesis	1	0.14285714285714285	0.27378498684980224
PENTOSE-P-PWY:_pentose_phosphate_pathway	PWY-6902:_chitin_degradation_II_(Vibrio)	1	0.5	0.5370492222996119
PENTOSE-P-PWY:_pentose_phosphate_pathway	PWY-7199:_pyrimidine_deoxyribonucleosides_salvage	1	0.3333333333333333	0.30882080579608684
PENTOSE-P-PWY:_pentose_phosphate_pathway	PWY-7220:_adenosine_deoxyribonucleotides_de_novo_biosynthesis_II	1	0.5	0.26925061041256637
PENTOSE-P-PWY:_pentose_phosphate_pathway	PWY-7221:_guanosine_ribonucleotides_de_novo_biosynthesis	1	0.0625	0.22942580076204888
PENTOSE-P-PWY:_pentose_phosphate_pathway	PWY-7222:_guanosine_deoxyribonucleotides_de_novo_biosynthesis_II	1	0.5	0.26925061041256637
PENTOSE-P-PWY:_pentose_phosphate_pathway	PWY-7228:_superpathway_of_guanosine_nucleotides_de_novo_biosynthesis_I	1	0.3333333333333333	0.2707465371854678
PENTOSE-P-PWY:_pentose_phosphate_pathway	PWY-7229:_superpathway_of_adenosine_nucleotides_de_novo_biosynthesis_I	1	0.5	0.24031689816774837
PENTOSE-P-PWY:_pentose_phosphate_pathway	PWY-7560:_methylerythritol_phosphate_pathway_II	1	0.5	0.9098015448278642
PENTOSE-P-PWY:_pentose_phosphate_pathway	PWY-7663:_gondoate_biosynthesis_(anaerobic)	1	0.5	0.2747806906770386
PENTOSE-P-PWY:_pentose_phosphate_pathway	PWY-7790:_UMP_biosynthesis_II	1	0.058823529411764705	0.23528968208355094
PENTOSE-P-PWY:_pentose_phosphate_pathway	PWY-7791:_UMP_biosynthesis_III	1	0.058823529411764705	0.22416435266885648
PENTOSE-P-PWY:_pentose_phosphate_pathway	PWY-7851:_coenzyme_A_biosynthesis_II_(eukaryotic)	1	0.09090909090909091	0.22574226540344833
PENTOSE-P-PWY:_pentose_phosphate_pathway	PWY-7953:_UDP-N-acetylmuramoyl-pentapeptide_biosynthesis_III_(meso-diaminopimelate_containing)	1	0.08333333333333333	0.2443008786582591
PENTOSE-P-PWY:_pentose_phosphate_pathway	PWY-7977:_L-methionine_biosynthesis_IV	1	0.16666666666666666	0.2720416429834964
PENTOSE-P-PWY:_pentose_phosphate_pathway	PWY-8178:_pentose_phosphate_pathway_(non-oxidative_branch)_II	1	0.14285714285714285	0.7791330137055462
PENTOSE-P-PWY:_pentose_phosphate_pathway	PWY0-1319:_CDP-diacylglycerol_biosynthesis_II	1	0.125	0.21319648828252602
PENTOSE-P-PWY:_pentose_phosphate_pathway	PWY0-1586:_peptidoglycan_maturation_(meso-diaminopimelate_containing)	1	0.2	0.3093069244347566
PENTOSE-P-PWY:_pentose_phosphate_pathway	PWY0-162:_superpathway_of_pyrimidine_ribonucleotides_de_novo_biosynthesis	1	1.0	0.9815565282307669
PENTOSE-P-PWY:_pentose_phosphate_pathway	PWY0-845:_superpathway_of_pyridoxal_5'-phosphate_biosynthesis_and_salvage	1	1.0	0.994742696920287
PENTOSE-P-PWY:_pentose_phosphate_pathway	PWY66-429:_fatty_acid_biosynthesis_initiation_(mitochondria)	1	0.1	0.2505638689837312
PENTOSE-P-PWY:_pentose_phosphate_pathway	PYRIDNUCSYN-PWY:_NAD_de_novo_biosynthesis_I_(from_aspartate)	1	0.16666666666666666	0.24178883682497354
PENTOSE-P-PWY:_pentose_phosphate_pathway	PYRIDOXSYN-PWY:_pyridoxal_5'-phosphate_biosynthesis_I	1	1.0	0.9902691845881603
PENTOSE-P-PWY:_pentose_phosphate_pathway	RHAMCAT-PWY:_L-rhamnose_degradation_I	1	0.25	0.27287595530934095
PENTOSE-P-PWY:_pentose_phosphate_pathway	RIBOSYN2-PWY:_flavin_biosynthesis_I_(bacteria_and_plants)	1	0.125	0.24854932156418652
PENTOSE-P-PWY:_pentose_phosphate_pathway	SER-GLYSYN-PWY:_superpathway_of_L-serine_and_glycine_biosynthesis_I	1	0.1	0.2533471694130579
PENTOSE-P-PWY:_pentose_phosphate_pathway	TRNA-CHARGING-PWY:_tRNA_charging	1	0.14285714285714285	0.26368426638703224
PENTOSE-P-PWY:_pentose_phosphate_pathway	VALSYN-PWY:_L-valine_biosynthesis	1	0.045454545454545456	0.2308521618024051
PEPTIDOGLYCANSYN-PWY:_peptidoglycan_biosynthesis_I_(meso-diaminopimelate_containing)	PWY-1042:_glycolysis_IV	10	0.625	0.6456775326913993
PEPTIDOGLYCANSYN-PWY:_peptidoglycan_biosynthesis_I_(meso-diaminopimelate_containing)	PWY-1269:_CMP-3-deoxy-D-manno-octulosonate_biosynthesis	1	0.07142857142857142	0.20981124503731385
PEPTIDOGLYCANSYN-PWY:_peptidoglycan_biosynthesis_I_(meso-diaminopimelate_containing)	PWY-2942:_L-lysine_biosynthesis_III	3	0.2	0.8104696473787103
PEPTIDOGLYCANSYN-PWY:_peptidoglycan_biosynthesis_I_(meso-diaminopimelate_containing)	PWY-3841:_folate_transformations_II_(plants)	7	0.4375	0.8783270760881291
PEPTIDOGLYCANSYN-PWY:_peptidoglycan_biosynthesis_I_(meso-diaminopimelate_containing)	PWY-5005:_biotin_biosynthesis_II	2	0.15384615384615385	0.011663990512820743
PEPTIDOGLYCANSYN-PWY:_peptidoglycan_biosynthesis_I_(meso-diaminopimelate_containing)	PWY-5030:_L-histidine_degradation_III	3	0.21428571428571427	0.8537716830417903
PEPTIDOGLYCANSYN-PWY:_peptidoglycan_biosynthesis_I_(meso-diaminopimelate_containing)	PWY-5097:_L-lysine_biosynthesis_VI	5	0.38461538461538464	0.855759189244571
PEPTIDOGLYCANSYN-PWY:_peptidoglycan_biosynthesis_I_(meso-diaminopimelate_containing)	PWY-5100:_pyruvate_fermentation_to_acetate_and_lactate_II	3	0.1875	0.01294375377709911
PEPTIDOGLYCANSYN-PWY:_peptidoglycan_biosynthesis_I_(meso-diaminopimelate_containing)	PWY-5103:_L-isoleucine_biosynthesis_III	6	0.3157894736842105	0.27976831465509755
PEPTIDOGLYCANSYN-PWY:_peptidoglycan_biosynthesis_I_(meso-diaminopimelate_containing)	PWY-5121:_superpathway_of_geranylgeranyl_diphosphate_biosynthesis_II_(via_MEP)	1	0.07692307692307693	0.7786964329677853
PEPTIDOGLYCANSYN-PWY:_peptidoglycan_biosynthesis_I_(meso-diaminopimelate_containing)	PWY-5130:_2-oxobutanoate_degradation_I	3	0.21428571428571427	0.12069968258280772
PEPTIDOGLYCANSYN-PWY:_peptidoglycan_biosynthesis_I_(meso-diaminopimelate_containing)	PWY-5188:_tetrapyrrole_biosynthesis_I_(from_glutamate)	4	0.23529411764705882	0.05449242371384533
PEPTIDOGLYCANSYN-PWY:_peptidoglycan_biosynthesis_I_(meso-diaminopimelate_containing)	PWY-5384:_sucrose_degradation_IV_(sucrose_phosphorylase)	1	0.06666666666666667	0.2393277178175135
PEPTIDOGLYCANSYN-PWY:_peptidoglycan_biosynthesis_I_(meso-diaminopimelate_containing)	PWY-5659:_GDP-mannose_biosynthesis	1	0.0625	0.08218812813459697
PEPTIDOGLYCANSYN-PWY:_peptidoglycan_biosynthesis_I_(meso-diaminopimelate_containing)	PWY-5667:_CDP-diacylglycerol_biosynthesis_I	6	0.4	0.9082807587553927
PEPTIDOGLYCANSYN-PWY:_peptidoglycan_biosynthesis_I_(meso-diaminopimelate_containing)	PWY-5686:_UMP_biosynthesis_I	11	0.5789473684210527	0.923475056157125
PEPTIDOGLYCANSYN-PWY:_peptidoglycan_biosynthesis_I_(meso-diaminopimelate_containing)	PWY-5695:_inosine_5'-phosphate_degradation	5	0.25	0.8542111887658401
PEPTIDOGLYCANSYN-PWY:_peptidoglycan_biosynthesis_I_(meso-diaminopimelate_containing)	PWY-5837:_2-carboxy-1,4-naphthoquinol_biosynthesis	2	0.15384615384615385	0.010214314066298358
PEPTIDOGLYCANSYN-PWY:_peptidoglycan_biosynthesis_I_(meso-diaminopimelate_containing)	PWY-5941:_glycogen_degradation_II	3	0.17647058823529413	0.16359530917536214
PEPTIDOGLYCANSYN-PWY:_peptidoglycan_biosynthesis_I_(meso-diaminopimelate_containing)	PWY-5973:_cis-vaccenate_biosynthesis	2	0.15384615384615385	0.817255992758
PEPTIDOGLYCANSYN-PWY:_peptidoglycan_biosynthesis_I_(meso-diaminopimelate_containing)	PWY-6121:_5-aminoimidazole_ribonucleotide_biosynthesis_I	11	0.5	0.895693543005851
PEPTIDOGLYCANSYN-PWY:_peptidoglycan_biosynthesis_I_(meso-diaminopimelate_containing)	PWY-6122:_5-aminoimidazole_ribonucleotide_biosynthesis_II	11	0.4230769230769231	0.8614284825990981
PEPTIDOGLYCANSYN-PWY:_peptidoglycan_biosynthesis_I_(meso-diaminopimelate_containing)	PWY-6123:_inosine-5'-phosphate_biosynthesis_I	6	0.42857142857142855	0.9296083573612477
PEPTIDOGLYCANSYN-PWY:_peptidoglycan_biosynthesis_I_(meso-diaminopimelate_containing)	PWY-6124:_inosine-5'-phosphate_biosynthesis_II	6	0.35294117647058826	0.9271671991443653
PEPTIDOGLYCANSYN-PWY:_peptidoglycan_biosynthesis_I_(meso-diaminopimelate_containing)	PWY-6125:_superpathway_of_guanosine_nucleotides_de_novo_biosynthesis_II	2	0.15384615384615385	0.8748782247006087
PEPTIDOGLYCANSYN-PWY:_peptidoglycan_biosynthesis_I_(meso-diaminopimelate_containing)	PWY-6126:_superpathway_of_adenosine_nucleotides_de_novo_biosynthesis_II	2	0.15384615384615385	0.7883385223302976
PEPTIDOGLYCANSYN-PWY:_peptidoglycan_biosynthesis_I_(meso-diaminopimelate_containing)	PWY-6147:_6-hydroxymethyl-dihydropterin_diphosphate_biosynthesis_I	3	0.23076923076923078	0.8862950512478783
PEPTIDOGLYCANSYN-PWY:_peptidoglycan_biosynthesis_I_(meso-diaminopimelate_containing)	PWY-6151:_S-adenosyl-L-methionine_salvage_I	8	0.42105263157894735	0.8230448353502833
PEPTIDOGLYCANSYN-PWY:_peptidoglycan_biosynthesis_I_(meso-diaminopimelate_containing)	PWY-6163:_chorismate_biosynthesis_from_3-dehydroquinate	10	0.5263157894736842	0.8745103720909048
PEPTIDOGLYCANSYN-PWY:_peptidoglycan_biosynthesis_I_(meso-diaminopimelate_containing)	PWY-621:_sucrose_degradation_III_(sucrose_invertase)	1	0.0625	0.23806808772049415
PEPTIDOGLYCANSYN-PWY:_peptidoglycan_biosynthesis_I_(meso-diaminopimelate_containing)	PWY-6270:_isoprene_biosynthesis_I	2	0.15384615384615385	0.26639999386578916
PEPTIDOGLYCANSYN-PWY:_peptidoglycan_biosynthesis_I_(meso-diaminopimelate_containing)	PWY-6277:_superpathway_of_5-aminoimidazole_ribonucleotide_biosynthesis	11	0.4230769230769231	0.8614284825990981
PEPTIDOGLYCANSYN-PWY:_peptidoglycan_biosynthesis_I_(meso-diaminopimelate_containing)	PWY-6317:_D-galactose_degradation_I_(Leloir_pathway)	4	0.23529411764705882	0.1761296474965085
PEPTIDOGLYCANSYN-PWY:_peptidoglycan_biosynthesis_I_(meso-diaminopimelate_containing)	PWY-6385:_peptidoglycan_biosynthesis_III_(mycobacteria)	11	0.7333333333333333	0.9233214328921714
PEPTIDOGLYCANSYN-PWY:_peptidoglycan_biosynthesis_I_(meso-diaminopimelate_containing)	PWY-6386:_UDP-N-acetylmuramoyl-pentapeptide_biosynthesis_II_(lysine-containing)	11	0.8461538461538461	0.9666049698280137
PEPTIDOGLYCANSYN-PWY:_peptidoglycan_biosynthesis_I_(meso-diaminopimelate_containing)	PWY-6387:_UDP-N-acetylmuramoyl-pentapeptide_biosynthesis_I_(meso-diaminopimelate_containing)	13	0.8666666666666667	0.9809806498896053
PEPTIDOGLYCANSYN-PWY:_peptidoglycan_biosynthesis_I_(meso-diaminopimelate_containing)	PWY-6507:_4-deoxy-L-threo-hex-4-enopyranuronate_degradation	1	0.07692307692307693	0.1429142594190277
PEPTIDOGLYCANSYN-PWY:_peptidoglycan_biosynthesis_I_(meso-diaminopimelate_containing)	PWY-6527:_stachyose_degradation	3	0.16666666666666666	0.0700635729794391
PEPTIDOGLYCANSYN-PWY:_peptidoglycan_biosynthesis_I_(meso-diaminopimelate_containing)	PWY-6572:_chondroitin_sulfate_degradation_I_(bacterial)	1	0.07692307692307693	0.22809221650260814
PEPTIDOGLYCANSYN-PWY:_peptidoglycan_biosynthesis_I_(meso-diaminopimelate_containing)	PWY-6608:_guanosine_nucleotides_degradation_III	1	0.07142857142857142	0.0792196336312685
PEPTIDOGLYCANSYN-PWY:_peptidoglycan_biosynthesis_I_(meso-diaminopimelate_containing)	PWY-6609:_adenine_and_adenosine_salvage_III	9	0.42857142857142855	0.8866965932155142
PEPTIDOGLYCANSYN-PWY:_peptidoglycan_biosynthesis_I_(meso-diaminopimelate_containing)	PWY-6700:_queuosine_biosynthesis_I_(de_novo)	11	0.55	0.8789375291637189
PEPTIDOGLYCANSYN-PWY:_peptidoglycan_biosynthesis_I_(meso-diaminopimelate_containing)	PWY-6703:_preQ0_biosynthesis	5	0.3333333333333333	0.8508008930757582
PEPTIDOGLYCANSYN-PWY:_peptidoglycan_biosynthesis_I_(meso-diaminopimelate_containing)	PWY-6823:_molybdopterin_biosynthesis	4	0.25	0.16008025993358133
PEPTIDOGLYCANSYN-PWY:_peptidoglycan_biosynthesis_I_(meso-diaminopimelate_containing)	PWY-6897:_thiamine_diphosphate_salvage_II	2	0.14285714285714285	0.1522004991180993
PEPTIDOGLYCANSYN-PWY:_peptidoglycan_biosynthesis_I_(meso-diaminopimelate_containing)	PWY-6902:_chitin_degradation_II_(Vibrio)	1	0.07142857142857142	0.1997514877489801
PEPTIDOGLYCANSYN-PWY:_peptidoglycan_biosynthesis_I_(meso-diaminopimelate_containing)	PWY-6936:_seleno-amino_acid_biosynthesis_(plants)	4	0.25	0.06127110037708061
PEPTIDOGLYCANSYN-PWY:_peptidoglycan_biosynthesis_I_(meso-diaminopimelate_containing)	PWY-7111:_pyruvate_fermentation_to_isobutanol_(engineered)	3	0.16666666666666666	0.06424973894466579
PEPTIDOGLYCANSYN-PWY:_peptidoglycan_biosynthesis_I_(meso-diaminopimelate_containing)	PWY-7199:_pyrimidine_deoxyribonucleosides_salvage	2	0.14285714285714285	0.802591035122757
PEPTIDOGLYCANSYN-PWY:_peptidoglycan_biosynthesis_I_(meso-diaminopimelate_containing)	PWY-7220:_adenosine_deoxyribonucleotides_de_novo_biosynthesis_II	2	0.15384615384615385	0.8179070525751034
PEPTIDOGLYCANSYN-PWY:_peptidoglycan_biosynthesis_I_(meso-diaminopimelate_containing)	PWY-7221:_guanosine_ribonucleotides_de_novo_biosynthesis	9	0.45	0.9101180366565306
PEPTIDOGLYCANSYN-PWY:_peptidoglycan_biosynthesis_I_(meso-diaminopimelate_containing)	PWY-7222:_guanosine_deoxyribonucleotides_de_novo_biosynthesis_II	2	0.15384615384615385	0.8179070525751034
PEPTIDOGLYCANSYN-PWY:_peptidoglycan_biosynthesis_I_(meso-diaminopimelate_containing)	PWY-7228:_superpathway_of_guanosine_nucleotides_de_novo_biosynthesis_I	2	0.14285714285714285	0.8192538962954978
PEPTIDOGLYCANSYN-PWY:_peptidoglycan_biosynthesis_I_(meso-diaminopimelate_containing)	PWY-7229:_superpathway_of_adenosine_nucleotides_de_novo_biosynthesis_I	2	0.15384615384615385	0.7658138152325967
PEPTIDOGLYCANSYN-PWY:_peptidoglycan_biosynthesis_I_(meso-diaminopimelate_containing)	PWY-7234:_inosine-5'-phosphate_biosynthesis_III	1	0.07692307692307693	0.10780930273914924
PEPTIDOGLYCANSYN-PWY:_peptidoglycan_biosynthesis_I_(meso-diaminopimelate_containing)	PWY-7237:_myo-,_chiro-_and_scyllo-inositol_degradation	5	0.2777777777777778	0.18702190321600065
PEPTIDOGLYCANSYN-PWY:_peptidoglycan_biosynthesis_I_(meso-diaminopimelate_containing)	PWY-7238:_sucrose_biosynthesis_II	6	0.3	0.18217742905526668
PEPTIDOGLYCANSYN-PWY:_peptidoglycan_biosynthesis_I_(meso-diaminopimelate_containing)	PWY-7242:_D-fructuronate_degradation	1	0.07692307692307693	0.1432975119019816
PEPTIDOGLYCANSYN-PWY:_peptidoglycan_biosynthesis_I_(meso-diaminopimelate_containing)	PWY-724:_superpathway_of_L-lysine,_L-threonine_and_L-methionine_biosynthesis_II	1	0.07692307692307693	0.08367001425932907
PEPTIDOGLYCANSYN-PWY:_peptidoglycan_biosynthesis_I_(meso-diaminopimelate_containing)	PWY-7357:_thiamine_phosphate_formation_from_pyrithiamine_and_oxythiamine_(yeast)	3	0.2	0.15606830429646956
PEPTIDOGLYCANSYN-PWY:_peptidoglycan_biosynthesis_I_(meso-diaminopimelate_containing)	PWY-7560:_methylerythritol_phosphate_pathway_II	2	0.15384615384615385	0.2656526743007358
PEPTIDOGLYCANSYN-PWY:_peptidoglycan_biosynthesis_I_(meso-diaminopimelate_containing)	PWY-7663:_gondoate_biosynthesis_(anaerobic)	2	0.15384615384615385	0.8058237786489594
PEPTIDOGLYCANSYN-PWY:_peptidoglycan_biosynthesis_I_(meso-diaminopimelate_containing)	PWY-7790:_UMP_biosynthesis_II	11	0.5789473684210527	0.9250442687560012
PEPTIDOGLYCANSYN-PWY:_peptidoglycan_biosynthesis_I_(meso-diaminopimelate_containing)	PWY-7791:_UMP_biosynthesis_III	11	0.5789473684210527	0.9148408235610146
PEPTIDOGLYCANSYN-PWY:_peptidoglycan_biosynthesis_I_(meso-diaminopimelate_containing)	PWY-7851:_coenzyme_A_biosynthesis_II_(eukaryotic)	9	0.6	0.8774388441804983
PEPTIDOGLYCANSYN-PWY:_peptidoglycan_biosynthesis_I_(meso-diaminopimelate_containing)	PWY-7953:_UDP-N-acetylmuramoyl-pentapeptide_biosynthesis_III_(meso-diaminopimelate_containing)	10	0.6666666666666666	0.9155032371395079
PEPTIDOGLYCANSYN-PWY:_peptidoglycan_biosynthesis_I_(meso-diaminopimelate_containing)	PWY-7977:_L-methionine_biosynthesis_IV	5	0.35714285714285715	0.9002394633128679
PEPTIDOGLYCANSYN-PWY:_peptidoglycan_biosynthesis_I_(meso-diaminopimelate_containing)	PWY-8178:_pentose_phosphate_pathway_(non-oxidative_branch)_II	4	0.25	0.26947972069454806
PEPTIDOGLYCANSYN-PWY:_peptidoglycan_biosynthesis_I_(meso-diaminopimelate_containing)	PWY0-1061:_superpathway_of_L-alanine_biosynthesis	2	0.15384615384615385	0.015672853369472883
PEPTIDOGLYCANSYN-PWY:_peptidoglycan_biosynthesis_I_(meso-diaminopimelate_containing)	PWY0-1241:_ADP-L-glycero-&beta;-D-manno-heptose_biosynthesis	2	0.15384615384615385	0.011621426150832503
PEPTIDOGLYCANSYN-PWY:_peptidoglycan_biosynthesis_I_(meso-diaminopimelate_containing)	PWY0-1296:_purine_ribonucleosides_degradation	5	0.3125	0.18883315414264978
PEPTIDOGLYCANSYN-PWY:_peptidoglycan_biosynthesis_I_(meso-diaminopimelate_containing)	PWY0-1319:_CDP-diacylglycerol_biosynthesis_II	6	0.4	0.9082807587553927
PEPTIDOGLYCANSYN-PWY:_peptidoglycan_biosynthesis_I_(meso-diaminopimelate_containing)	PWY0-1586:_peptidoglycan_maturation_(meso-diaminopimelate_containing)	4	0.2857142857142857	0.8075239856575027
PEPTIDOGLYCANSYN-PWY:_peptidoglycan_biosynthesis_I_(meso-diaminopimelate_containing)	PWY0-162:_superpathway_of_pyrimidine_ribonucleotides_de_novo_biosynthesis	1	0.07692307692307693	0.24152381315072236
PEPTIDOGLYCANSYN-PWY:_peptidoglycan_biosynthesis_I_(meso-diaminopimelate_containing)	PWY0-845:_superpathway_of_pyridoxal_5'-phosphate_biosynthesis_and_salvage	1	0.07692307692307693	0.2423881073690506
PEPTIDOGLYCANSYN-PWY:_peptidoglycan_biosynthesis_I_(meso-diaminopimelate_containing)	PWY66-429:_fatty_acid_biosynthesis_initiation_(mitochondria)	6	0.35294117647058826	0.8319034149789326
PEPTIDOGLYCANSYN-PWY:_peptidoglycan_biosynthesis_I_(meso-diaminopimelate_containing)	PYRIDNUCSYN-PWY:_NAD_de_novo_biosynthesis_I_(from_aspartate)	4	0.26666666666666666	0.866546982355112
PEPTIDOGLYCANSYN-PWY:_peptidoglycan_biosynthesis_I_(meso-diaminopimelate_containing)	PYRIDOXSYN-PWY:_pyridoxal_5'-phosphate_biosynthesis_I	1	0.07692307692307693	0.24211417225861642
PEPTIDOGLYCANSYN-PWY:_peptidoglycan_biosynthesis_I_(meso-diaminopimelate_containing)	RHAMCAT-PWY:_L-rhamnose_degradation_I	3	0.21428571428571427	0.8358671079850637
PEPTIDOGLYCANSYN-PWY:_peptidoglycan_biosynthesis_I_(meso-diaminopimelate_containing)	RIBOSYN2-PWY:_flavin_biosynthesis_I_(bacteria_and_plants)	8	0.6153846153846154	0.8890004435571908
PEPTIDOGLYCANSYN-PWY:_peptidoglycan_biosynthesis_I_(meso-diaminopimelate_containing)	SALVADEHYPOX-PWY:_adenosine_nucleotides_degradation_II	1	0.07692307692307693	0.0765476808648603
PEPTIDOGLYCANSYN-PWY:_peptidoglycan_biosynthesis_I_(meso-diaminopimelate_containing)	SER-GLYSYN-PWY:_superpathway_of_L-serine_and_glycine_biosynthesis_I	5	0.2777777777777778	0.8164803392617306
PEPTIDOGLYCANSYN-PWY:_peptidoglycan_biosynthesis_I_(meso-diaminopimelate_containing)	THISYNARA-PWY:_superpathway_of_thiamine_diphosphate_biosynthesis_III_(eukaryotes)	3	0.23076923076923078	0.0836047566221394
PEPTIDOGLYCANSYN-PWY:_peptidoglycan_biosynthesis_I_(meso-diaminopimelate_containing)	THRESYN-PWY:_superpathway_of_L-threonine_biosynthesis	2	0.14285714285714285	0.7757694095809028
PEPTIDOGLYCANSYN-PWY:_peptidoglycan_biosynthesis_I_(meso-diaminopimelate_containing)	TRNA-CHARGING-PWY:_tRNA_charging	6	0.42857142857142855	0.901988403451045
PEPTIDOGLYCANSYN-PWY:_peptidoglycan_biosynthesis_I_(meso-diaminopimelate_containing)	UDPNAGSYN-PWY:_UDP-N-acetyl-D-glucosamine_biosynthesis_I	2	0.1111111111111111	0.012434708059861244
PEPTIDOGLYCANSYN-PWY:_peptidoglycan_biosynthesis_I_(meso-diaminopimelate_containing)	VALSYN-PWY:_L-valine_biosynthesis	11	0.4583333333333333	0.881735102501533
PWY-1042:_glycolysis_IV	PWY-1269:_CMP-3-deoxy-D-manno-octulosonate_biosynthesis	1	0.07142857142857142	0.02180493231336167
PWY-1042:_glycolysis_IV	PWY-2942:_L-lysine_biosynthesis_III	3	0.2	0.5127303447453982
PWY-1042:_glycolysis_IV	PWY-3841:_folate_transformations_II_(plants)	7	0.4375	0.5843521357176025
PWY-1042:_glycolysis_IV	PWY-5005:_biotin_biosynthesis_II	2	0.15384615384615385	0.006452191491368775
PWY-1042:_glycolysis_IV	PWY-5030:_L-histidine_degradation_III	3	0.21428571428571427	0.5511982042640419
PWY-1042:_glycolysis_IV	PWY-5097:_L-lysine_biosynthesis_VI	4	0.2857142857142857	0.5323336221087086
PWY-1042:_glycolysis_IV	PWY-5100:_pyruvate_fermentation_to_acetate_and_lactate_II	5	0.35714285714285715	0.03992668765752794
PWY-1042:_glycolysis_IV	PWY-5103:_L-isoleucine_biosynthesis_III	6	0.3157894736842105	0.045057397152107215
PWY-1042:_glycolysis_IV	PWY-5121:_superpathway_of_geranylgeranyl_diphosphate_biosynthesis_II_(via_MEP)	1	0.07692307692307693	0.586508694975339
PWY-1042:_glycolysis_IV	PWY-5130:_2-oxobutanoate_degradation_I	3	0.21428571428571427	0.09512846040450573
PWY-1042:_glycolysis_IV	PWY-5188:_tetrapyrrole_biosynthesis_I_(from_glutamate)	5	0.3125	0.04508130734969562
PWY-1042:_glycolysis_IV	PWY-5384:_sucrose_degradation_IV_(sucrose_phosphorylase)	1	0.06666666666666667	0.008513785497760717
PWY-1042:_glycolysis_IV	PWY-5659:_GDP-mannose_biosynthesis	3	0.21428571428571427	0.08999523480024973
PWY-1042:_glycolysis_IV	PWY-5667:_CDP-diacylglycerol_biosynthesis_I	6	0.4	0.6207679453770687
PWY-1042:_glycolysis_IV	PWY-5686:_UMP_biosynthesis_I	11	0.5789473684210527	0.6589057935182077
PWY-1042:_glycolysis_IV	PWY-5695:_inosine_5'-phosphate_degradation	7	0.3888888888888889	0.7079759984059868
PWY-1042:_glycolysis_IV	PWY-5837:_2-carboxy-1,4-naphthoquinol_biosynthesis	2	0.15384615384615385	0.005319102459021896
PWY-1042:_glycolysis_IV	PWY-5941:_glycogen_degradation_II	5	0.3333333333333333	0.18222926507379755
PWY-1042:_glycolysis_IV	PWY-5973:_cis-vaccenate_biosynthesis	1	0.07142857142857142	0.5613070104868949
PWY-1042:_glycolysis_IV	PWY-6121:_5-aminoimidazole_ribonucleotide_biosynthesis_I	13	0.65	0.632060836661352
PWY-1042:_glycolysis_IV	PWY-6122:_5-aminoimidazole_ribonucleotide_biosynthesis_II	13	0.5416666666666666	0.6158513677568516
PWY-1042:_glycolysis_IV	PWY-6123:_inosine-5'-phosphate_biosynthesis_I	5	0.3333333333333333	0.6153707380491532
PWY-1042:_glycolysis_IV	PWY-6124:_inosine-5'-phosphate_biosynthesis_II	5	0.2777777777777778	0.6246111319231435
PWY-1042:_glycolysis_IV	PWY-6125:_superpathway_of_guanosine_nucleotides_de_novo_biosynthesis_II	1	0.07142857142857142	0.5457577478974318
PWY-1042:_glycolysis_IV	PWY-6126:_superpathway_of_adenosine_nucleotides_de_novo_biosynthesis_II	1	0.07142857142857142	0.6413743832186538
PWY-1042:_glycolysis_IV	PWY-6147:_6-hydroxymethyl-dihydropterin_diphosphate_biosynthesis_I	2	0.14285714285714285	0.58974943064493
PWY-1042:_glycolysis_IV	PWY-6151:_S-adenosyl-L-methionine_salvage_I	8	0.42105263157894735	0.6739818260846486
PWY-1042:_glycolysis_IV	PWY-6163:_chorismate_biosynthesis_from_3-dehydroquinate	11	0.6111111111111112	0.6653823009451475
PWY-1042:_glycolysis_IV	PWY-621:_sucrose_degradation_III_(sucrose_invertase)	1	0.0625	0.00797513103358316
PWY-1042:_glycolysis_IV	PWY-6270:_isoprene_biosynthesis_I	1	0.07142857142857142	0.026195338581984973
PWY-1042:_glycolysis_IV	PWY-6277:_superpathway_of_5-aminoimidazole_ribonucleotide_biosynthesis	13	0.5416666666666666	0.6158513677568516
PWY-1042:_glycolysis_IV	PWY-6317:_D-galactose_degradation_I_(Leloir_pathway)	6	0.4	0.14896144377823184
PWY-1042:_glycolysis_IV	PWY-6385:_peptidoglycan_biosynthesis_III_(mycobacteria)	9	0.5294117647058824	0.5877589183104883
PWY-1042:_glycolysis_IV	PWY-6386:_UDP-N-acetylmuramoyl-pentapeptide_biosynthesis_II_(lysine-containing)	9	0.6	0.6475143780946068
PWY-1042:_glycolysis_IV	PWY-6387:_UDP-N-acetylmuramoyl-pentapeptide_biosynthesis_I_(meso-diaminopimelate_containing)	10	0.5555555555555556	0.6507228761792223
PWY-1042:_glycolysis_IV	PWY-6507:_4-deoxy-L-threo-hex-4-enopyranuronate_degradation	1	0.07692307692307693	0.10758812118379779
PWY-1042:_glycolysis_IV	PWY-6527:_stachyose_degradation	5	0.3125	0.07813191125432761
PWY-1042:_glycolysis_IV	PWY-6608:_guanosine_nucleotides_degradation_III	2	0.15384615384615385	0.05955570316387271
PWY-1042:_glycolysis_IV	PWY-6609:_adenine_and_adenosine_salvage_III	10	0.5	0.7104596686110256
PWY-1042:_glycolysis_IV	PWY-6700:_queuosine_biosynthesis_I_(de_novo)	11	0.55	0.6613158402368109
PWY-1042:_glycolysis_IV	PWY-6703:_preQ0_biosynthesis	4	0.25	0.5623677634912494
PWY-1042:_glycolysis_IV	PWY-6823:_molybdopterin_biosynthesis	5	0.3333333333333333	0.11759558435104445
PWY-1042:_glycolysis_IV	PWY-6897:_thiamine_diphosphate_salvage_II	2	0.14285714285714285	0.10774984487172468
PWY-1042:_glycolysis_IV	PWY-6936:_seleno-amino_acid_biosynthesis_(plants)	3	0.17647058823529413	0.03076843416706354
PWY-1042:_glycolysis_IV	PWY-7111:_pyruvate_fermentation_to_isobutanol_(engineered)	5	0.3125	0.07114696886062999
PWY-1042:_glycolysis_IV	PWY-7199:_pyrimidine_deoxyribonucleosides_salvage	1	0.06666666666666667	0.48525263712598354
PWY-1042:_glycolysis_IV	PWY-7220:_adenosine_deoxyribonucleotides_de_novo_biosynthesis_II	1	0.07142857142857142	0.6198106485741216
PWY-1042:_glycolysis_IV	PWY-7221:_guanosine_ribonucleotides_de_novo_biosynthesis	11	0.6111111111111112	0.672410862801696
PWY-1042:_glycolysis_IV	PWY-7222:_guanosine_deoxyribonucleotides_de_novo_biosynthesis_II	1	0.07142857142857142	0.6198106485741216
PWY-1042:_glycolysis_IV	PWY-7228:_superpathway_of_guanosine_nucleotides_de_novo_biosynthesis_I	1	0.06666666666666667	0.5953362385971095
PWY-1042:_glycolysis_IV	PWY-7229:_superpathway_of_adenosine_nucleotides_de_novo_biosynthesis_I	1	0.07142857142857142	0.66762706303539
PWY-1042:_glycolysis_IV	PWY-7234:_inosine-5'-phosphate_biosynthesis_III	1	0.07692307692307693	0.07300861290564686
PWY-1042:_glycolysis_IV	PWY-7237:_myo-,_chiro-_and_scyllo-inositol_degradation	5	0.2777777777777778	0.15001516117084934
PWY-1042:_glycolysis_IV	PWY-7238:_sucrose_biosynthesis_II	8	0.4444444444444444	0.21153575247491552
PWY-1042:_glycolysis_IV	PWY-7242:_D-fructuronate_degradation	1	0.07692307692307693	0.10426972496816245
PWY-1042:_glycolysis_IV	PWY-724:_superpathway_of_L-lysine,_L-threonine_and_L-methionine_biosynthesis_II	1	0.07692307692307693	0.053941984351492334
PWY-1042:_glycolysis_IV	PWY-7357:_thiamine_phosphate_formation_from_pyrithiamine_and_oxythiamine_(yeast)	4	0.2857142857142857	0.13847651850868825
PWY-1042:_glycolysis_IV	PWY-7560:_methylerythritol_phosphate_pathway_II	1	0.07142857142857142	0.02620813032517444
PWY-1042:_glycolysis_IV	PWY-7663:_gondoate_biosynthesis_(anaerobic)	1	0.07142857142857142	0.5059021247220141
PWY-1042:_glycolysis_IV	PWY-7790:_UMP_biosynthesis_II	11	0.5789473684210527	0.6575069509860848
PWY-1042:_glycolysis_IV	PWY-7791:_UMP_biosynthesis_III	11	0.5789473684210527	0.6827514263067338
PWY-1042:_glycolysis_IV	PWY-7851:_coenzyme_A_biosynthesis_II_(eukaryotic)	9	0.6	0.5982392540661238
PWY-1042:_glycolysis_IV	PWY-7953:_UDP-N-acetylmuramoyl-pentapeptide_biosynthesis_III_(meso-diaminopimelate_containing)	8	0.47058823529411764	0.5923507809012717
PWY-1042:_glycolysis_IV	PWY-7977:_L-methionine_biosynthesis_IV	5	0.35714285714285715	0.5980771610231539
PWY-1042:_glycolysis_IV	PWY-8178:_pentose_phosphate_pathway_(non-oxidative_branch)_II	5	0.3333333333333333	0.06438389062450811
PWY-1042:_glycolysis_IV	PWY0-1061:_superpathway_of_L-alanine_biosynthesis	2	0.15384615384615385	0.009978474652038272
PWY-1042:_glycolysis_IV	PWY0-1241:_ADP-L-glycero-&beta;-D-manno-heptose_biosynthesis	2	0.15384615384615385	0.006926697903323786
PWY-1042:_glycolysis_IV	PWY0-1296:_purine_ribonucleosides_degradation	6	0.4	0.18709447279971858
PWY-1042:_glycolysis_IV	PWY0-1319:_CDP-diacylglycerol_biosynthesis_II	6	0.4	0.6207679453770687
PWY-1042:_glycolysis_IV	PWY0-1586:_peptidoglycan_maturation_(meso-diaminopimelate_containing)	3	0.2	0.4924309839704193
PWY-1042:_glycolysis_IV	PWY66-429:_fatty_acid_biosynthesis_initiation_(mitochondria)	4	0.21052631578947367	0.6180839256928445
PWY-1042:_glycolysis_IV	PYRIDNUCSYN-PWY:_NAD_de_novo_biosynthesis_I_(from_aspartate)	4	0.26666666666666666	0.6316559261926069
PWY-1042:_glycolysis_IV	RHAMCAT-PWY:_L-rhamnose_degradation_I	3	0.21428571428571427	0.5401803796207012
PWY-1042:_glycolysis_IV	RIBOSYN2-PWY:_flavin_biosynthesis_I_(bacteria_and_plants)	7	0.5	0.6655202132747031
PWY-1042:_glycolysis_IV	SALVADEHYPOX-PWY:_adenosine_nucleotides_degradation_II	1	0.07692307692307693	0.049285139789429944
PWY-1042:_glycolysis_IV	SER-GLYSYN-PWY:_superpathway_of_L-serine_and_glycine_biosynthesis_I	7	0.4375	0.5589333971635528
PWY-1042:_glycolysis_IV	THISYNARA-PWY:_superpathway_of_thiamine_diphosphate_biosynthesis_III_(eukaryotes)	3	0.23076923076923078	0.05389926067143169
PWY-1042:_glycolysis_IV	THRESYN-PWY:_superpathway_of_L-threonine_biosynthesis	2	0.14285714285714285	0.5743016819095763
PWY-1042:_glycolysis_IV	TRNA-CHARGING-PWY:_tRNA_charging	6	0.42857142857142855	0.6270913995734573
PWY-1042:_glycolysis_IV	UDPNAGSYN-PWY:_UDP-N-acetyl-D-glucosamine_biosynthesis_I	2	0.1111111111111111	0.006029359811743462
PWY-1042:_glycolysis_IV	VALSYN-PWY:_L-valine_biosynthesis	11	0.4583333333333333	0.6415556038588578
PWY-1269:_CMP-3-deoxy-D-manno-octulosonate_biosynthesis	PWY-2942:_L-lysine_biosynthesis_III	2	0.4	0.31515499946580083
PWY-1269:_CMP-3-deoxy-D-manno-octulosonate_biosynthesis	PWY-3841:_folate_transformations_II_(plants)	1	0.09090909090909091	0.23559513555211398
PWY-1269:_CMP-3-deoxy-D-manno-octulosonate_biosynthesis	PWY-5030:_L-histidine_degradation_III	2	0.5	0.2905607777855309
PWY-1269:_CMP-3-deoxy-D-manno-octulosonate_biosynthesis	PWY-5097:_L-lysine_biosynthesis_VI	1	0.16666666666666666	0.2648046597400109
PWY-1269:_CMP-3-deoxy-D-manno-octulosonate_biosynthesis	PWY-5103:_L-isoleucine_biosynthesis_III	1	0.07692307692307693	0.6828505477971598
PWY-1269:_CMP-3-deoxy-D-manno-octulosonate_biosynthesis	PWY-5384:_sucrose_degradation_IV_(sucrose_phosphorylase)	1	0.25	0.8047474087364764
PWY-1269:_CMP-3-deoxy-D-manno-octulosonate_biosynthesis	PWY-5659:_GDP-mannose_biosynthesis	1	0.2	0.1677258630979831
PWY-1269:_CMP-3-deoxy-D-manno-octulosonate_biosynthesis	PWY-5667:_CDP-diacylglycerol_biosynthesis_I	1	0.1111111111111111	0.21413138324154168
PWY-1269:_CMP-3-deoxy-D-manno-octulosonate_biosynthesis	PWY-5686:_UMP_biosynthesis_I	1	0.05555555555555555	0.19726819001017648
PWY-1269:_CMP-3-deoxy-D-manno-octulosonate_biosynthesis	PWY-5695:_inosine_5'-phosphate_degradation	2	0.16666666666666666	0.2185201123982764
PWY-1269:_CMP-3-deoxy-D-manno-octulosonate_biosynthesis	PWY-5973:_cis-vaccenate_biosynthesis	1	0.3333333333333333	0.22677271614168248
PWY-1269:_CMP-3-deoxy-D-manno-octulosonate_biosynthesis	PWY-6121:_5-aminoimidazole_ribonucleotide_biosynthesis_I	2	0.1	0.24093622764745903
PWY-1269:_CMP-3-deoxy-D-manno-octulosonate_biosynthesis	PWY-6122:_5-aminoimidazole_ribonucleotide_biosynthesis_II	2	0.08333333333333333	0.23714446443146553
PWY-1269:_CMP-3-deoxy-D-manno-octulosonate_biosynthesis	PWY-6123:_inosine-5'-phosphate_biosynthesis_I	1	0.125	0.2262859277674214
PWY-1269:_CMP-3-deoxy-D-manno-octulosonate_biosynthesis	PWY-6124:_inosine-5'-phosphate_biosynthesis_II	1	0.09090909090909091	0.2199064848955724
PWY-1269:_CMP-3-deoxy-D-manno-octulosonate_biosynthesis	PWY-6125:_superpathway_of_guanosine_nucleotides_de_novo_biosynthesis_II	1	0.3333333333333333	0.2576312959114323
PWY-1269:_CMP-3-deoxy-D-manno-octulosonate_biosynthesis	PWY-6126:_superpathway_of_adenosine_nucleotides_de_novo_biosynthesis_II	1	0.3333333333333333	0.2125910463831705
PWY-1269:_CMP-3-deoxy-D-manno-octulosonate_biosynthesis	PWY-6147:_6-hydroxymethyl-dihydropterin_diphosphate_biosynthesis_I	1	0.25	0.23122215786418476
PWY-1269:_CMP-3-deoxy-D-manno-octulosonate_biosynthesis	PWY-6163:_chorismate_biosynthesis_from_3-dehydroquinate	2	0.125	0.22142964605199222
PWY-1269:_CMP-3-deoxy-D-manno-octulosonate_biosynthesis	PWY-621:_sucrose_degradation_III_(sucrose_invertase)	1	0.2	0.7884569678455041
PWY-1269:_CMP-3-deoxy-D-manno-octulosonate_biosynthesis	PWY-6270:_isoprene_biosynthesis_I	1	0.3333333333333333	0.7967198004048459
PWY-1269:_CMP-3-deoxy-D-manno-octulosonate_biosynthesis	PWY-6277:_superpathway_of_5-aminoimidazole_ribonucleotide_biosynthesis	2	0.08333333333333333	0.23714446443146553
PWY-1269:_CMP-3-deoxy-D-manno-octulosonate_biosynthesis	PWY-6385:_peptidoglycan_biosynthesis_III_(mycobacteria)	1	0.07142857142857142	0.2313546915081467
PWY-1269:_CMP-3-deoxy-D-manno-octulosonate_biosynthesis	PWY-6386:_UDP-N-acetylmuramoyl-pentapeptide_biosynthesis_II_(lysine-containing)	1	0.08333333333333333	0.2170708145722472
PWY-1269:_CMP-3-deoxy-D-manno-octulosonate_biosynthesis	PWY-6387:_UDP-N-acetylmuramoyl-pentapeptide_biosynthesis_I_(meso-diaminopimelate_containing)	1	0.0625	0.204008637901119
PWY-1269:_CMP-3-deoxy-D-manno-octulosonate_biosynthesis	PWY-6572:_chondroitin_sulfate_degradation_I_(bacterial)	1	0.5	0.6749247896043447
PWY-1269:_CMP-3-deoxy-D-manno-octulosonate_biosynthesis	PWY-6609:_adenine_and_adenosine_salvage_III	2	0.11764705882352941	0.21164069696289078
PWY-1269:_CMP-3-deoxy-D-manno-octulosonate_biosynthesis	PWY-6700:_queuosine_biosynthesis_I_(de_novo)	1	0.05263157894736842	0.195922207044123
PWY-1269:_CMP-3-deoxy-D-manno-octulosonate_biosynthesis	PWY-6703:_preQ0_biosynthesis	1	0.125	0.2303501712138356
PWY-1269:_CMP-3-deoxy-D-manno-octulosonate_biosynthesis	PWY-6902:_chitin_degradation_II_(Vibrio)	1	0.3333333333333333	0.45371804404842275
PWY-1269:_CMP-3-deoxy-D-manno-octulosonate_biosynthesis	PWY-7199:_pyrimidine_deoxyribonucleosides_salvage	1	0.25	0.29254756533869075
PWY-1269:_CMP-3-deoxy-D-manno-octulosonate_biosynthesis	PWY-7220:_adenosine_deoxyribonucleotides_de_novo_biosynthesis_II	1	0.3333333333333333	0.2271014706617932
PWY-1269:_CMP-3-deoxy-D-manno-octulosonate_biosynthesis	PWY-7221:_guanosine_ribonucleotides_de_novo_biosynthesis	2	0.125	0.22092408475997538
PWY-1269:_CMP-3-deoxy-D-manno-octulosonate_biosynthesis	PWY-7222:_guanosine_deoxyribonucleotides_de_novo_biosynthesis_II	1	0.3333333333333333	0.2271014706617932
PWY-1269:_CMP-3-deoxy-D-manno-octulosonate_biosynthesis	PWY-7228:_superpathway_of_guanosine_nucleotides_de_novo_biosynthesis_I	1	0.25	0.22778292696412827
PWY-1269:_CMP-3-deoxy-D-manno-octulosonate_biosynthesis	PWY-7229:_superpathway_of_adenosine_nucleotides_de_novo_biosynthesis_I	1	0.3333333333333333	0.20208580250938468
PWY-1269:_CMP-3-deoxy-D-manno-octulosonate_biosynthesis	PWY-7560:_methylerythritol_phosphate_pathway_II	1	0.3333333333333333	0.7989797038707218
PWY-1269:_CMP-3-deoxy-D-manno-octulosonate_biosynthesis	PWY-7663:_gondoate_biosynthesis_(anaerobic)	1	0.3333333333333333	0.2311915135420698
PWY-1269:_CMP-3-deoxy-D-manno-octulosonate_biosynthesis	PWY-7790:_UMP_biosynthesis_II	1	0.05555555555555555	0.19784278947783962
PWY-1269:_CMP-3-deoxy-D-manno-octulosonate_biosynthesis	PWY-7791:_UMP_biosynthesis_III	1	0.05555555555555555	0.1884552888813995
PWY-1269:_CMP-3-deoxy-D-manno-octulosonate_biosynthesis	PWY-7851:_coenzyme_A_biosynthesis_II_(eukaryotic)	1	0.08333333333333333	0.2267665596281282
PWY-1269:_CMP-3-deoxy-D-manno-octulosonate_biosynthesis	PWY-7953:_UDP-N-acetylmuramoyl-pentapeptide_biosynthesis_III_(meso-diaminopimelate_containing)	1	0.07692307692307693	0.23705630509882847
PWY-1269:_CMP-3-deoxy-D-manno-octulosonate_biosynthesis	PWY-7977:_L-methionine_biosynthesis_IV	2	0.3333333333333333	0.26421195850457935
PWY-1269:_CMP-3-deoxy-D-manno-octulosonate_biosynthesis	PWY-8178:_pentose_phosphate_pathway_(non-oxidative_branch)_II	1	0.125	0.6607526567645272
PWY-1269:_CMP-3-deoxy-D-manno-octulosonate_biosynthesis	PWY0-1319:_CDP-diacylglycerol_biosynthesis_II	1	0.1111111111111111	0.21413138324154168
PWY-1269:_CMP-3-deoxy-D-manno-octulosonate_biosynthesis	PWY0-1586:_peptidoglycan_maturation_(meso-diaminopimelate_containing)	1	0.16666666666666666	0.26038145819825276
PWY-1269:_CMP-3-deoxy-D-manno-octulosonate_biosynthesis	PWY0-162:_superpathway_of_pyrimidine_ribonucleotides_de_novo_biosynthesis	1	0.5	0.8669755564466838
PWY-1269:_CMP-3-deoxy-D-manno-octulosonate_biosynthesis	PWY0-845:_superpathway_of_pyridoxal_5'-phosphate_biosynthesis_and_salvage	1	0.5	0.8464819962992455
PWY-1269:_CMP-3-deoxy-D-manno-octulosonate_biosynthesis	PWY66-429:_fatty_acid_biosynthesis_initiation_(mitochondria)	1	0.09090909090909091	0.21073639945361278
PWY-1269:_CMP-3-deoxy-D-manno-octulosonate_biosynthesis	PYRIDNUCSYN-PWY:_NAD_de_novo_biosynthesis_I_(from_aspartate)	2	0.3333333333333333	0.2574193659204034
PWY-1269:_CMP-3-deoxy-D-manno-octulosonate_biosynthesis	PYRIDOXSYN-PWY:_pyridoxal_5'-phosphate_biosynthesis_I	1	0.5	0.8426155694734208
PWY-1269:_CMP-3-deoxy-D-manno-octulosonate_biosynthesis	RHAMCAT-PWY:_L-rhamnose_degradation_I	1	0.2	0.22958208747889608
PWY-1269:_CMP-3-deoxy-D-manno-octulosonate_biosynthesis	RIBOSYN2-PWY:_flavin_biosynthesis_I_(bacteria_and_plants)	1	0.1111111111111111	0.20991387073545298
PWY-1269:_CMP-3-deoxy-D-manno-octulosonate_biosynthesis	SER-GLYSYN-PWY:_superpathway_of_L-serine_and_glycine_biosynthesis_I	2	0.2	0.2924896420974029
PWY-1269:_CMP-3-deoxy-D-manno-octulosonate_biosynthesis	TRNA-CHARGING-PWY:_tRNA_charging	2	0.2857142857142857	0.25652012499028076
PWY-1269:_CMP-3-deoxy-D-manno-octulosonate_biosynthesis	VALSYN-PWY:_L-valine_biosynthesis	1	0.043478260869565216	0.19409803910851375
PWY-2942:_L-lysine_biosynthesis_III	PWY-3841:_folate_transformations_II_(plants)	2	0.15384615384615385	0.8567527690505955
PWY-2942:_L-lysine_biosynthesis_III	PWY-5030:_L-histidine_degradation_III	3	0.5	0.9157610306099687
PWY-2942:_L-lysine_biosynthesis_III	PWY-5097:_L-lysine_biosynthesis_VI	3	0.42857142857142855	0.9106423312243186
PWY-2942:_L-lysine_biosynthesis_III	PWY-5103:_L-isoleucine_biosynthesis_III	3	0.21428571428571427	0.34986650551032406
PWY-2942:_L-lysine_biosynthesis_III	PWY-5121:_superpathway_of_geranylgeranyl_diphosphate_biosynthesis_II_(via_MEP)	1	0.2	0.7896519447278777
PWY-2942:_L-lysine_biosynthesis_III	PWY-5130:_2-oxobutanoate_degradation_I	1	0.125	0.001886653464286514
PWY-2942:_L-lysine_biosynthesis_III	PWY-5188:_tetrapyrrole_biosynthesis_I_(from_glutamate)	2	0.18181818181818182	0.04436938548278724
PWY-2942:_L-lysine_biosynthesis_III	PWY-5384:_sucrose_degradation_IV_(sucrose_phosphorylase)	1	0.14285714285714285	0.3152897033687334
PWY-2942:_L-lysine_biosynthesis_III	PWY-5659:_GDP-mannose_biosynthesis	1	0.125	0.04806462766336406
PWY-2942:_L-lysine_biosynthesis_III	PWY-5667:_CDP-diacylglycerol_biosynthesis_I	3	0.3	0.8421980586336187
PWY-2942:_L-lysine_biosynthesis_III	PWY-5686:_UMP_biosynthesis_I	3	0.15789473684210525	0.7897613771436099
PWY-2942:_L-lysine_biosynthesis_III	PWY-5695:_inosine_5'-phosphate_degradation	4	0.3076923076923077	0.7808674282180075
PWY-2942:_L-lysine_biosynthesis_III	PWY-5941:_glycogen_degradation_II	1	0.09090909090909091	0.0513384460323294
PWY-2942:_L-lysine_biosynthesis_III	PWY-5973:_cis-vaccenate_biosynthesis	2	0.4	0.8363161261760499
PWY-2942:_L-lysine_biosynthesis_III	PWY-6121:_5-aminoimidazole_ribonucleotide_biosynthesis_I	4	0.19047619047619047	0.8364276587957324
PWY-2942:_L-lysine_biosynthesis_III	PWY-6122:_5-aminoimidazole_ribonucleotide_biosynthesis_II	4	0.16	0.813255619531962
PWY-2942:_L-lysine_biosynthesis_III	PWY-6123:_inosine-5'-phosphate_biosynthesis_I	3	0.3333333333333333	0.8380534219704666
PWY-2942:_L-lysine_biosynthesis_III	PWY-6124:_inosine-5'-phosphate_biosynthesis_II	3	0.25	0.8228364085650599
PWY-2942:_L-lysine_biosynthesis_III	PWY-6125:_superpathway_of_guanosine_nucleotides_de_novo_biosynthesis_II	2	0.4	0.9053954851700755
PWY-2942:_L-lysine_biosynthesis_III	PWY-6126:_superpathway_of_adenosine_nucleotides_de_novo_biosynthesis_II	2	0.4	0.8022272663578033
PWY-2942:_L-lysine_biosynthesis_III	PWY-6147:_6-hydroxymethyl-dihydropterin_diphosphate_biosynthesis_I	2	0.3333333333333333	0.8466946490382994
PWY-2942:_L-lysine_biosynthesis_III	PWY-6151:_S-adenosyl-L-methionine_salvage_I	2	0.11764705882352941	0.7175800570226449
PWY-2942:_L-lysine_biosynthesis_III	PWY-6163:_chorismate_biosynthesis_from_3-dehydroquinate	4	0.23529411764705882	0.79894902100969
PWY-2942:_L-lysine_biosynthesis_III	PWY-621:_sucrose_degradation_III_(sucrose_invertase)	1	0.125	0.31314897185944246
PWY-2942:_L-lysine_biosynthesis_III	PWY-6270:_isoprene_biosynthesis_I	2	0.4	0.3592846654655798
PWY-2942:_L-lysine_biosynthesis_III	PWY-6277:_superpathway_of_5-aminoimidazole_ribonucleotide_biosynthesis	4	0.16	0.813255619531962
PWY-2942:_L-lysine_biosynthesis_III	PWY-6317:_D-galactose_degradation_I_(Leloir_pathway)	1	0.08333333333333333	0.045166913024709876
PWY-2942:_L-lysine_biosynthesis_III	PWY-6385:_peptidoglycan_biosynthesis_III_(mycobacteria)	3	0.2	0.8662249341180497
PWY-2942:_L-lysine_biosynthesis_III	PWY-6386:_UDP-N-acetylmuramoyl-pentapeptide_biosynthesis_II_(lysine-containing)	3	0.23076923076923078	0.8207728414300074
PWY-2942:_L-lysine_biosynthesis_III	PWY-6387:_UDP-N-acetylmuramoyl-pentapeptide_biosynthesis_I_(meso-diaminopimelate_containing)	3	0.17647058823529413	0.7974048909548698
PWY-2942:_L-lysine_biosynthesis_III	PWY-6572:_chondroitin_sulfate_degradation_I_(bacterial)	1	0.2	0.29717413762603684
PWY-2942:_L-lysine_biosynthesis_III	PWY-6609:_adenine_and_adenosine_salvage_III	4	0.2222222222222222	0.7713371351798604
PWY-2942:_L-lysine_biosynthesis_III	PWY-6700:_queuosine_biosynthesis_I_(de_novo)	4	0.21052631578947367	0.7867913677227185
PWY-2942:_L-lysine_biosynthesis_III	PWY-6703:_preQ0_biosynthesis	3	0.3333333333333333	0.8736461309897221
PWY-2942:_L-lysine_biosynthesis_III	PWY-6823:_molybdopterin_biosynthesis	1	0.09090909090909091	0.005256597511918759
PWY-2942:_L-lysine_biosynthesis_III	PWY-6902:_chitin_degradation_II_(Vibrio)	1	0.16666666666666666	0.25166489557848193
PWY-2942:_L-lysine_biosynthesis_III	PWY-6936:_seleno-amino_acid_biosynthesis_(plants)	1	0.09090909090909091	0.047728121060822915
PWY-2942:_L-lysine_biosynthesis_III	PWY-7111:_pyruvate_fermentation_to_isobutanol_(engineered)	1	0.08333333333333333	0.055381086772470445
PWY-2942:_L-lysine_biosynthesis_III	PWY-7199:_pyrimidine_deoxyribonucleosides_salvage	2	0.3333333333333333	0.9509946164139235
PWY-2942:_L-lysine_biosynthesis_III	PWY-7220:_adenosine_deoxyribonucleotides_de_novo_biosynthesis_II	2	0.4	0.83708801645061
PWY-2942:_L-lysine_biosynthesis_III	PWY-7221:_guanosine_ribonucleotides_de_novo_biosynthesis	5	0.3125	0.7993787683631788
PWY-2942:_L-lysine_biosynthesis_III	PWY-7222:_guanosine_deoxyribonucleotides_de_novo_biosynthesis_II	2	0.4	0.83708801645061
PWY-2942:_L-lysine_biosynthesis_III	PWY-7228:_superpathway_of_guanosine_nucleotides_de_novo_biosynthesis_I	2	0.3333333333333333	0.8386854401146862
PWY-2942:_L-lysine_biosynthesis_III	PWY-7229:_superpathway_of_adenosine_nucleotides_de_novo_biosynthesis_I	2	0.4	0.7759365755610768
PWY-2942:_L-lysine_biosynthesis_III	PWY-7237:_myo-,_chiro-_and_scyllo-inositol_degradation	1	0.07142857142857142	0.05098379558317423
PWY-2942:_L-lysine_biosynthesis_III	PWY-7238:_sucrose_biosynthesis_II	1	0.058823529411764705	0.04300720067478758
PWY-2942:_L-lysine_biosynthesis_III	PWY-7560:_methylerythritol_phosphate_pathway_II	2	0.4	0.35773741133351866
PWY-2942:_L-lysine_biosynthesis_III	PWY-7663:_gondoate_biosynthesis_(anaerobic)	2	0.4	0.846623671833515
PWY-2942:_L-lysine_biosynthesis_III	PWY-7790:_UMP_biosynthesis_II	3	0.15789473684210525	0.7912978662751724
PWY-2942:_L-lysine_biosynthesis_III	PWY-7791:_UMP_biosynthesis_III	3	0.15789473684210525	0.7658182546526909
PWY-2942:_L-lysine_biosynthesis_III	PWY-7851:_coenzyme_A_biosynthesis_II_(eukaryotic)	3	0.23076923076923078	0.8428692989717923
PWY-2942:_L-lysine_biosynthesis_III	PWY-7953:_UDP-N-acetylmuramoyl-pentapeptide_biosynthesis_III_(meso-diaminopimelate_containing)	3	0.21428571428571427	0.8584711820004988
PWY-2942:_L-lysine_biosynthesis_III	PWY-7977:_L-methionine_biosynthesis_IV	4	0.5714285714285714	0.8887332911664273
PWY-2942:_L-lysine_biosynthesis_III	PWY-8178:_pentose_phosphate_pathway_(non-oxidative_branch)_II	2	0.2	0.34392347939077006
PWY-2942:_L-lysine_biosynthesis_III	PWY0-1296:_purine_ribonucleosides_degradation	1	0.08333333333333333	0.0458396095170035
PWY-2942:_L-lysine_biosynthesis_III	PWY0-1319:_CDP-diacylglycerol_biosynthesis_II	3	0.3	0.8421980586336187
PWY-2942:_L-lysine_biosynthesis_III	PWY0-1586:_peptidoglycan_maturation_(meso-diaminopimelate_containing)	2	0.25	0.9112376339195531
PWY-2942:_L-lysine_biosynthesis_III	PWY0-162:_superpathway_of_pyrimidine_ribonucleotides_de_novo_biosynthesis	1	0.2	0.3137694155850941
PWY-2942:_L-lysine_biosynthesis_III	PWY0-845:_superpathway_of_pyridoxal_5'-phosphate_biosynthesis_and_salvage	1	0.2	0.3213290747297908
PWY-2942:_L-lysine_biosynthesis_III	PWY66-429:_fatty_acid_biosynthesis_initiation_(mitochondria)	3	0.25	0.8250127022076906
PWY-2942:_L-lysine_biosynthesis_III	PYRIDNUCSYN-PWY:_NAD_de_novo_biosynthesis_I_(from_aspartate)	3	0.375	0.8365607192041564
PWY-2942:_L-lysine_biosynthesis_III	PYRIDOXSYN-PWY:_pyridoxal_5'-phosphate_biosynthesis_I	1	0.2	0.3208582764413379
PWY-2942:_L-lysine_biosynthesis_III	RHAMCAT-PWY:_L-rhamnose_degradation_I	3	0.5	0.8703029579892616
PWY-2942:_L-lysine_biosynthesis_III	RIBOSYN2-PWY:_flavin_biosynthesis_I_(bacteria_and_plants)	3	0.3	0.811759665817679
PWY-2942:_L-lysine_biosynthesis_III	SER-GLYSYN-PWY:_superpathway_of_L-serine_and_glycine_biosynthesis_I	4	0.36363636363636365	0.9016112883409004
PWY-2942:_L-lysine_biosynthesis_III	THRESYN-PWY:_superpathway_of_L-threonine_biosynthesis	1	0.14285714285714285	0.7976837513745456
PWY-2942:_L-lysine_biosynthesis_III	TRNA-CHARGING-PWY:_tRNA_charging	3	0.3333333333333333	0.8494098517735751
PWY-2942:_L-lysine_biosynthesis_III	UDPNAGSYN-PWY:_UDP-N-acetyl-D-glucosamine_biosynthesis_I	1	0.09090909090909091	0.003263392013627686
PWY-2942:_L-lysine_biosynthesis_III	VALSYN-PWY:_L-valine_biosynthesis	4	0.17391304347826086	0.7834100988920811
PWY-3841:_folate_transformations_II_(plants)	PWY-5005:_biotin_biosynthesis_II	2	0.2	0.011964653854014684
PWY-3841:_folate_transformations_II_(plants)	PWY-5030:_L-histidine_degradation_III	3	0.2727272727272727	0.9262808133676719
PWY-3841:_folate_transformations_II_(plants)	PWY-5097:_L-lysine_biosynthesis_VI	3	0.25	0.8108975739288132
PWY-3841:_folate_transformations_II_(plants)	PWY-5100:_pyruvate_fermentation_to_acetate_and_lactate_II	4	0.3333333333333333	0.04993386747478257
PWY-3841:_folate_transformations_II_(plants)	PWY-5103:_L-isoleucine_biosynthesis_III	5	0.29411764705882354	0.28474410493323044
PWY-3841:_folate_transformations_II_(plants)	PWY-5121:_superpathway_of_geranylgeranyl_diphosphate_biosynthesis_II_(via_MEP)	1	0.1	0.8009386933181197
PWY-3841:_folate_transformations_II_(plants)	PWY-5130:_2-oxobutanoate_degradation_I	3	0.2727272727272727	0.15990638582320982
PWY-3841:_folate_transformations_II_(plants)	PWY-5188:_tetrapyrrole_biosynthesis_I_(from_glutamate)	4	0.2857142857142857	0.03801695283013917
PWY-3841:_folate_transformations_II_(plants)	PWY-5384:_sucrose_degradation_IV_(sucrose_phosphorylase)	2	0.18181818181818182	0.2876952521772723
PWY-3841:_folate_transformations_II_(plants)	PWY-5667:_CDP-diacylglycerol_biosynthesis_I	3	0.2	0.8346511292848271
PWY-3841:_folate_transformations_II_(plants)	PWY-5686:_UMP_biosynthesis_I	8	0.42105263157894735	0.8772249125254227
PWY-3841:_folate_transformations_II_(plants)	PWY-5695:_inosine_5'-phosphate_degradation	5	0.29411764705882354	0.8354620887142226
PWY-3841:_folate_transformations_II_(plants)	PWY-5837:_2-carboxy-1,4-naphthoquinol_biosynthesis	2	0.2	0.007838345877523634
PWY-3841:_folate_transformations_II_(plants)	PWY-5941:_glycogen_degradation_II	2	0.13333333333333333	0.02752492060128575
PWY-3841:_folate_transformations_II_(plants)	PWY-5973:_cis-vaccenate_biosynthesis	2	0.2	0.8426156453204035
PWY-3841:_folate_transformations_II_(plants)	PWY-6121:_5-aminoimidazole_ribonucleotide_biosynthesis_I	9	0.42857142857142855	0.8615489140360402
PWY-3841:_folate_transformations_II_(plants)	PWY-6122:_5-aminoimidazole_ribonucleotide_biosynthesis_II	10	0.4166666666666667	0.8278118272144264
PWY-3841:_folate_transformations_II_(plants)	PWY-6123:_inosine-5'-phosphate_biosynthesis_I	5	0.4166666666666667	0.9269769754387445
PWY-3841:_folate_transformations_II_(plants)	PWY-6124:_inosine-5'-phosphate_biosynthesis_II	6	0.42857142857142855	0.9177069144149704
PWY-3841:_folate_transformations_II_(plants)	PWY-6125:_superpathway_of_guanosine_nucleotides_de_novo_biosynthesis_II	2	0.2	0.906472270777208
PWY-3841:_folate_transformations_II_(plants)	PWY-6126:_superpathway_of_adenosine_nucleotides_de_novo_biosynthesis_II	2	0.2	0.8108049674555502
PWY-3841:_folate_transformations_II_(plants)	PWY-6147:_6-hydroxymethyl-dihydropterin_diphosphate_biosynthesis_I	3	0.3	0.9339723158106051
PWY-3841:_folate_transformations_II_(plants)	PWY-6151:_S-adenosyl-L-methionine_salvage_I	4	0.2	0.7278724945935933
PWY-3841:_folate_transformations_II_(plants)	PWY-6163:_chorismate_biosynthesis_from_3-dehydroquinate	7	0.3684210526315789	0.7941454977783746
PWY-3841:_folate_transformations_II_(plants)	PWY-621:_sucrose_degradation_III_(sucrose_invertase)	2	0.16666666666666666	0.2851489353073323
PWY-3841:_folate_transformations_II_(plants)	PWY-6270:_isoprene_biosynthesis_I	1	0.09090909090909091	0.2671276290282393
PWY-3841:_folate_transformations_II_(plants)	PWY-6277:_superpathway_of_5-aminoimidazole_ribonucleotide_biosynthesis	10	0.4166666666666667	0.8278118272144264
PWY-3841:_folate_transformations_II_(plants)	PWY-6317:_D-galactose_degradation_I_(Leloir_pathway)	2	0.125	0.024171053178040247
PWY-3841:_folate_transformations_II_(plants)	PWY-6385:_peptidoglycan_biosynthesis_III_(mycobacteria)	8	0.5333333333333333	0.922301872993684
PWY-3841:_folate_transformations_II_(plants)	PWY-6386:_UDP-N-acetylmuramoyl-pentapeptide_biosynthesis_II_(lysine-containing)	7	0.5	0.8855049862728557
PWY-3841:_folate_transformations_II_(plants)	PWY-6387:_UDP-N-acetylmuramoyl-pentapeptide_biosynthesis_I_(meso-diaminopimelate_containing)	8	0.47058823529411764	0.8677096798973998
PWY-3841:_folate_transformations_II_(plants)	PWY-6527:_stachyose_degradation	1	0.058823529411764705	0.019491578541471655
PWY-3841:_folate_transformations_II_(plants)	PWY-6572:_chondroitin_sulfate_degradation_I_(bacterial)	1	0.1	0.2601673379088797
PWY-3841:_folate_transformations_II_(plants)	PWY-6609:_adenine_and_adenosine_salvage_III	7	0.35	0.8326478769702165
PWY-3841:_folate_transformations_II_(plants)	PWY-6700:_queuosine_biosynthesis_I_(de_novo)	8	0.4	0.7984564030811114
PWY-3841:_folate_transformations_II_(plants)	PWY-6703:_preQ0_biosynthesis	5	0.4166666666666667	0.8624409632934313
PWY-3841:_folate_transformations_II_(plants)	PWY-6823:_molybdopterin_biosynthesis	4	0.3076923076923077	0.05258404975123143
PWY-3841:_folate_transformations_II_(plants)	PWY-6897:_thiamine_diphosphate_salvage_II	2	0.18181818181818182	0.02033729506421178
PWY-3841:_folate_transformations_II_(plants)	PWY-6902:_chitin_degradation_II_(Vibrio)	1	0.09090909090909091	0.22465501501307994
PWY-3841:_folate_transformations_II_(plants)	PWY-6936:_seleno-amino_acid_biosynthesis_(plants)	2	0.13333333333333333	0.011919298884276452
PWY-3841:_folate_transformations_II_(plants)	PWY-7111:_pyruvate_fermentation_to_isobutanol_(engineered)	2	0.125	0.021427064925962136
PWY-3841:_folate_transformations_II_(plants)	PWY-7199:_pyrimidine_deoxyribonucleosides_salvage	2	0.18181818181818182	0.8669351913257377
PWY-3841:_folate_transformations_II_(plants)	PWY-7220:_adenosine_deoxyribonucleotides_de_novo_biosynthesis_II	2	0.2	0.8433336467989488
PWY-3841:_folate_transformations_II_(plants)	PWY-7221:_guanosine_ribonucleotides_de_novo_biosynthesis	8	0.4444444444444444	0.8475742197130314
PWY-3841:_folate_transformations_II_(plants)	PWY-7222:_guanosine_deoxyribonucleotides_de_novo_biosynthesis_II	2	0.2	0.8433336467989488
PWY-3841:_folate_transformations_II_(plants)	PWY-7228:_superpathway_of_guanosine_nucleotides_de_novo_biosynthesis_I	3	0.3	0.8510825707695828
PWY-3841:_folate_transformations_II_(plants)	PWY-7229:_superpathway_of_adenosine_nucleotides_de_novo_biosynthesis_I	2	0.2	0.786134684410591
PWY-3841:_folate_transformations_II_(plants)	PWY-7234:_inosine-5'-phosphate_biosynthesis_III	1	0.1	0.12763859847509118
PWY-3841:_folate_transformations_II_(plants)	PWY-7237:_myo-,_chiro-_and_scyllo-inositol_degradation	2	0.1111111111111111	0.03481073379444177
PWY-3841:_folate_transformations_II_(plants)	PWY-7238:_sucrose_biosynthesis_II	4	0.21052631578947367	0.06076700911657451
PWY-3841:_folate_transformations_II_(plants)	PWY-7357:_thiamine_phosphate_formation_from_pyrithiamine_and_oxythiamine_(yeast)	4	0.36363636363636365	0.04430230338436636
PWY-3841:_folate_transformations_II_(plants)	PWY-7560:_methylerythritol_phosphate_pathway_II	1	0.09090909090909091	0.2662910794656259
PWY-3841:_folate_transformations_II_(plants)	PWY-7663:_gondoate_biosynthesis_(anaerobic)	2	0.2	0.852195201990577
PWY-3841:_folate_transformations_II_(plants)	PWY-7790:_UMP_biosynthesis_II	8	0.42105263157894735	0.8757173886757906
PWY-3841:_folate_transformations_II_(plants)	PWY-7791:_UMP_biosynthesis_III	8	0.42105263157894735	0.8494513363175267
PWY-3841:_folate_transformations_II_(plants)	PWY-7851:_coenzyme_A_biosynthesis_II_(eukaryotic)	6	0.4	0.8457363223474536
PWY-3841:_folate_transformations_II_(plants)	PWY-7953:_UDP-N-acetylmuramoyl-pentapeptide_biosynthesis_III_(meso-diaminopimelate_containing)	8	0.5714285714285714	0.9274251843588582
PWY-3841:_folate_transformations_II_(plants)	PWY-7977:_L-methionine_biosynthesis_IV	3	0.23076923076923078	0.8884423394889607
PWY-3841:_folate_transformations_II_(plants)	PWY-8178:_pentose_phosphate_pathway_(non-oxidative_branch)_II	4	0.3076923076923077	0.3062460463290746
PWY-3841:_folate_transformations_II_(plants)	PWY0-1061:_superpathway_of_L-alanine_biosynthesis	2	0.2	0.017882727299638912
PWY-3841:_folate_transformations_II_(plants)	PWY0-1241:_ADP-L-glycero-&beta;-D-manno-heptose_biosynthesis	2	0.2	0.012609018644491043
PWY-3841:_folate_transformations_II_(plants)	PWY0-1296:_purine_ribonucleosides_degradation	3	0.2	0.035075907091264735
PWY-3841:_folate_transformations_II_(plants)	PWY0-1319:_CDP-diacylglycerol_biosynthesis_II	3	0.2	0.8346511292848271
PWY-3841:_folate_transformations_II_(plants)	PWY0-1586:_peptidoglycan_maturation_(meso-diaminopimelate_containing)	3	0.25	0.8579411547038536
PWY-3841:_folate_transformations_II_(plants)	PWY0-162:_superpathway_of_pyrimidine_ribonucleotides_de_novo_biosynthesis	1	0.1	0.2712259889176535
PWY-3841:_folate_transformations_II_(plants)	PWY0-845:_superpathway_of_pyridoxal_5'-phosphate_biosynthesis_and_salvage	1	0.1	0.27846576223401953
PWY-3841:_folate_transformations_II_(plants)	PWY66-429:_fatty_acid_biosynthesis_initiation_(mitochondria)	4	0.25	0.8160987155354832
PWY-3841:_folate_transformations_II_(plants)	PYRIDNUCSYN-PWY:_NAD_de_novo_biosynthesis_I_(from_aspartate)	4	0.3333333333333333	0.9100114697212207
PWY-3841:_folate_transformations_II_(plants)	PYRIDOXSYN-PWY:_pyridoxal_5'-phosphate_biosynthesis_I	1	0.1	0.2781126535493499
PWY-3841:_folate_transformations_II_(plants)	RHAMCAT-PWY:_L-rhamnose_degradation_I	2	0.16666666666666666	0.8487238230331302
PWY-3841:_folate_transformations_II_(plants)	RIBOSYN2-PWY:_flavin_biosynthesis_I_(bacteria_and_plants)	6	0.5	0.8195134048479639
PWY-3841:_folate_transformations_II_(plants)	SER-GLYSYN-PWY:_superpathway_of_L-serine_and_glycine_biosynthesis_I	7	0.5384615384615384	0.8965696067984136
PWY-3841:_folate_transformations_II_(plants)	THISYNARA-PWY:_superpathway_of_thiamine_diphosphate_biosynthesis_III_(eukaryotes)	2	0.18181818181818182	0.014673114846963653
PWY-3841:_folate_transformations_II_(plants)	THRESYN-PWY:_superpathway_of_L-threonine_biosynthesis	2	0.18181818181818182	0.8000971886075869
PWY-3841:_folate_transformations_II_(plants)	TRNA-CHARGING-PWY:_tRNA_charging	5	0.4166666666666667	0.8996635153747884
PWY-3841:_folate_transformations_II_(plants)	UDPNAGSYN-PWY:_UDP-N-acetyl-D-glucosamine_biosynthesis_I	4	0.3076923076923077	0.03608877704821223
PWY-3841:_folate_transformations_II_(plants)	VALSYN-PWY:_L-valine_biosynthesis	8	0.3333333333333333	0.8067296856001016
PWY-5005:_biotin_biosynthesis_II	PWY-5100:_pyruvate_fermentation_to_acetate_and_lactate_II	1	0.14285714285714285	0.08727252741381675
PWY-5005:_biotin_biosynthesis_II	PWY-5103:_L-isoleucine_biosynthesis_III	2	0.16666666666666666	0.04396977795632662
PWY-5005:_biotin_biosynthesis_II	PWY-5130:_2-oxobutanoate_degradation_I	2	0.5	0.11237668270957901
PWY-5005:_biotin_biosynthesis_II	PWY-5188:_tetrapyrrole_biosynthesis_I_(from_glutamate)	2	0.25	0.14902101447848626
PWY-5005:_biotin_biosynthesis_II	PWY-5686:_UMP_biosynthesis_I	1	0.05555555555555555	0.005252637489690293
PWY-5005:_biotin_biosynthesis_II	PWY-5837:_2-carboxy-1,4-naphthoquinol_biosynthesis	2	1.0	0.5759024432262154
PWY-5005:_biotin_biosynthesis_II	PWY-6121:_5-aminoimidazole_ribonucleotide_biosynthesis_I	2	0.1	0.01193235738213927
PWY-5005:_biotin_biosynthesis_II	PWY-6122:_5-aminoimidazole_ribonucleotide_biosynthesis_II	2	0.08333333333333333	0.012168510533736798
PWY-5005:_biotin_biosynthesis_II	PWY-6123:_inosine-5'-phosphate_biosynthesis_I	2	0.2857142857142857	0.011536947295441413
PWY-5005:_biotin_biosynthesis_II	PWY-6124:_inosine-5'-phosphate_biosynthesis_II	2	0.2	0.01108913847321702
PWY-5005:_biotin_biosynthesis_II	PWY-6163:_chorismate_biosynthesis_from_3-dehydroquinate	2	0.125	0.010774666179577785
PWY-5005:_biotin_biosynthesis_II	PWY-6277:_superpathway_of_5-aminoimidazole_ribonucleotide_biosynthesis	2	0.08333333333333333	0.012168510533736798
PWY-5005:_biotin_biosynthesis_II	PWY-6385:_peptidoglycan_biosynthesis_III_(mycobacteria)	2	0.15384615384615385	0.013037597742615259
PWY-5005:_biotin_biosynthesis_II	PWY-6386:_UDP-N-acetylmuramoyl-pentapeptide_biosynthesis_II_(lysine-containing)	2	0.18181818181818182	0.011313337458235595
PWY-5005:_biotin_biosynthesis_II	PWY-6387:_UDP-N-acetylmuramoyl-pentapeptide_biosynthesis_I_(meso-diaminopimelate_containing)	2	0.13333333333333333	0.011300331857417412
PWY-5005:_biotin_biosynthesis_II	PWY-6700:_queuosine_biosynthesis_I_(de_novo)	2	0.1111111111111111	0.008672344000944188
PWY-5005:_biotin_biosynthesis_II	PWY-6703:_preQ0_biosynthesis	2	0.2857142857142857	0.012972714874713076
PWY-5005:_biotin_biosynthesis_II	PWY-6823:_molybdopterin_biosynthesis	1	0.125	0.08965215013922012
PWY-5005:_biotin_biosynthesis_II	PWY-6936:_seleno-amino_acid_biosynthesis_(plants)	2	0.2857142857142857	0.18709718724880375
PWY-5005:_biotin_biosynthesis_II	PWY-7221:_guanosine_ribonucleotides_de_novo_biosynthesis	1	0.058823529411764705	0.007824200736544884
PWY-5005:_biotin_biosynthesis_II	PWY-7790:_UMP_biosynthesis_II	1	0.05555555555555555	0.005269819334702053
PWY-5005:_biotin_biosynthesis_II	PWY-7791:_UMP_biosynthesis_III	1	0.05555555555555555	0.004990640711495131
PWY-5005:_biotin_biosynthesis_II	PWY-7851:_coenzyme_A_biosynthesis_II_(eukaryotic)	1	0.08333333333333333	0.0017652325490222776
PWY-5005:_biotin_biosynthesis_II	PWY-7953:_UDP-N-acetylmuramoyl-pentapeptide_biosynthesis_III_(meso-diaminopimelate_containing)	2	0.16666666666666666	0.013407444019892911
PWY-5005:_biotin_biosynthesis_II	PWY0-1241:_ADP-L-glycero-&beta;-D-manno-heptose_biosynthesis	2	1.0	0.934112860274419
PWY-5005:_biotin_biosynthesis_II	PWY66-429:_fatty_acid_biosynthesis_initiation_(mitochondria)	1	0.09090909090909091	0.006074233326806677
PWY-5005:_biotin_biosynthesis_II	RIBOSYN2-PWY:_flavin_biosynthesis_I_(bacteria_and_plants)	2	0.25	0.011670446022867265
PWY-5005:_biotin_biosynthesis_II	UDPNAGSYN-PWY:_UDP-N-acetyl-D-glucosamine_biosynthesis_I	2	0.2857142857142857	0.23481716995237445
PWY-5005:_biotin_biosynthesis_II	VALSYN-PWY:_L-valine_biosynthesis	2	0.09090909090909091	0.010685272924195743
PWY-5030:_L-histidine_degradation_III	PWY-5097:_L-lysine_biosynthesis_VI	2	0.2857142857142857	0.8439208311290834
PWY-5030:_L-histidine_degradation_III	PWY-5103:_L-isoleucine_biosynthesis_III	1	0.06666666666666667	0.2661563652185105
PWY-5030:_L-histidine_degradation_III	PWY-5121:_superpathway_of_geranylgeranyl_diphosphate_biosynthesis_II_(via_MEP)	1	0.25	0.796024458817759
PWY-5030:_L-histidine_degradation_III	PWY-5130:_2-oxobutanoate_degradation_I	1	0.14285714285714285	0.14548108160047912
PWY-5030:_L-histidine_degradation_III	PWY-5384:_sucrose_degradation_IV_(sucrose_phosphorylase)	1	0.16666666666666666	0.2811470785203487
PWY-5030:_L-histidine_degradation_III	PWY-5659:_GDP-mannose_biosynthesis	1	0.14285714285714285	0.03288092151302102
PWY-5030:_L-histidine_degradation_III	PWY-5667:_CDP-diacylglycerol_biosynthesis_I	2	0.2	0.8206538377043713
PWY-5030:_L-histidine_degradation_III	PWY-5686:_UMP_biosynthesis_I	3	0.16666666666666666	0.8279068482666009
PWY-5030:_L-histidine_degradation_III	PWY-5695:_inosine_5'-phosphate_degradation	4	0.3333333333333333	0.8197356234951425
PWY-5030:_L-histidine_degradation_III	PWY-5973:_cis-vaccenate_biosynthesis	2	0.5	0.82927120696574
PWY-5030:_L-histidine_degradation_III	PWY-6121:_5-aminoimidazole_ribonucleotide_biosynthesis_I	4	0.2	0.8806386653305553
PWY-5030:_L-histidine_degradation_III	PWY-6122:_5-aminoimidazole_ribonucleotide_biosynthesis_II	4	0.16666666666666666	0.8427446474866254
PWY-5030:_L-histidine_degradation_III	PWY-6123:_inosine-5'-phosphate_biosynthesis_I	3	0.375	0.9035477563776715
PWY-5030:_L-histidine_degradation_III	PWY-6124:_inosine-5'-phosphate_biosynthesis_II	3	0.2727272727272727	0.8875555267819962
PWY-5030:_L-histidine_degradation_III	PWY-6125:_superpathway_of_guanosine_nucleotides_de_novo_biosynthesis_II	2	0.5	0.8958651763780039
PWY-5030:_L-histidine_degradation_III	PWY-6126:_superpathway_of_adenosine_nucleotides_de_novo_biosynthesis_II	2	0.5	0.7963044321057916
PWY-5030:_L-histidine_degradation_III	PWY-6147:_6-hydroxymethyl-dihydropterin_diphosphate_biosynthesis_I	3	0.75	0.9156895535249151
PWY-5030:_L-histidine_degradation_III	PWY-6151:_S-adenosyl-L-methionine_salvage_I	1	0.058823529411764705	0.6986678232191206
PWY-5030:_L-histidine_degradation_III	PWY-6163:_chorismate_biosynthesis_from_3-dehydroquinate	3	0.17647058823529413	0.76977474796823
PWY-5030:_L-histidine_degradation_III	PWY-621:_sucrose_degradation_III_(sucrose_invertase)	1	0.14285714285714285	0.2793261828176309
PWY-5030:_L-histidine_degradation_III	PWY-6270:_isoprene_biosynthesis_I	1	0.2	0.28025612661385146
PWY-5030:_L-histidine_degradation_III	PWY-6277:_superpathway_of_5-aminoimidazole_ribonucleotide_biosynthesis	4	0.16666666666666666	0.8427446474866254
PWY-5030:_L-histidine_degradation_III	PWY-6385:_peptidoglycan_biosynthesis_III_(mycobacteria)	3	0.21428571428571427	0.9030857139492351
PWY-5030:_L-histidine_degradation_III	PWY-6386:_UDP-N-acetylmuramoyl-pentapeptide_biosynthesis_II_(lysine-containing)	3	0.25	0.8674366963696748
PWY-5030:_L-histidine_degradation_III	PWY-6387:_UDP-N-acetylmuramoyl-pentapeptide_biosynthesis_I_(meso-diaminopimelate_containing)	3	0.1875	0.837844516349106
PWY-5030:_L-histidine_degradation_III	PWY-6572:_chondroitin_sulfate_degradation_I_(bacterial)	1	0.25	0.2650606781611563
PWY-5030:_L-histidine_degradation_III	PWY-6609:_adenine_and_adenosine_salvage_III	4	0.23529411764705882	0.8024545322526461
PWY-5030:_L-histidine_degradation_III	PWY-6700:_queuosine_biosynthesis_I_(de_novo)	2	0.1	0.7554471839506387
PWY-5030:_L-histidine_degradation_III	PWY-6703:_preQ0_biosynthesis	2	0.2222222222222222	0.837341760655995
PWY-5030:_L-histidine_degradation_III	PWY-6902:_chitin_degradation_II_(Vibrio)	1	0.2	0.22598347165915045
PWY-5030:_L-histidine_degradation_III	PWY-7199:_pyrimidine_deoxyribonucleosides_salvage	2	0.4	0.9225649080242079
PWY-5030:_L-histidine_degradation_III	PWY-7220:_adenosine_deoxyribonucleotides_de_novo_biosynthesis_II	2	0.5	0.8300168889425908
PWY-5030:_L-histidine_degradation_III	PWY-7221:_guanosine_ribonucleotides_de_novo_biosynthesis	4	0.25	0.8251812054839819
PWY-5030:_L-histidine_degradation_III	PWY-7222:_guanosine_deoxyribonucleotides_de_novo_biosynthesis_II	2	0.5	0.8300168889425908
PWY-5030:_L-histidine_degradation_III	PWY-7228:_superpathway_of_guanosine_nucleotides_de_novo_biosynthesis_I	2	0.4	0.8315599621932571
PWY-5030:_L-histidine_degradation_III	PWY-7229:_superpathway_of_adenosine_nucleotides_de_novo_biosynthesis_I	2	0.5	0.7708318315410081
PWY-5030:_L-histidine_degradation_III	PWY-7234:_inosine-5'-phosphate_biosynthesis_III	1	0.25	0.14184881099021873
PWY-5030:_L-histidine_degradation_III	PWY-7560:_methylerythritol_phosphate_pathway_II	1	0.2	0.28050818071654604
PWY-5030:_L-histidine_degradation_III	PWY-7663:_gondoate_biosynthesis_(anaerobic)	2	0.5	0.8392258568180372
PWY-5030:_L-histidine_degradation_III	PWY-7790:_UMP_biosynthesis_II	3	0.16666666666666666	0.8262373480398424
PWY-5030:_L-histidine_degradation_III	PWY-7791:_UMP_biosynthesis_III	3	0.16666666666666666	0.8002403755985268
PWY-5030:_L-histidine_degradation_III	PWY-7851:_coenzyme_A_biosynthesis_II_(eukaryotic)	3	0.25	0.8742577047957458
PWY-5030:_L-histidine_degradation_III	PWY-7953:_UDP-N-acetylmuramoyl-pentapeptide_biosynthesis_III_(meso-diaminopimelate_containing)	3	0.23076923076923078	0.9069330378582283
PWY-5030:_L-histidine_degradation_III	PWY-7977:_L-methionine_biosynthesis_IV	4	0.6666666666666666	0.9157497456453523
PWY-5030:_L-histidine_degradation_III	PWY-8178:_pentose_phosphate_pathway_(non-oxidative_branch)_II	1	0.1	0.26305950434208125
PWY-5030:_L-histidine_degradation_III	PWY0-1319:_CDP-diacylglycerol_biosynthesis_II	2	0.2	0.8206538377043713
PWY-5030:_L-histidine_degradation_III	PWY0-1586:_peptidoglycan_maturation_(meso-diaminopimelate_containing)	2	0.2857142857142857	0.881870535996414
PWY-5030:_L-histidine_degradation_III	PWY0-162:_superpathway_of_pyrimidine_ribonucleotides_de_novo_biosynthesis	1	0.25	0.287661568901889
PWY-5030:_L-histidine_degradation_III	PWY0-845:_superpathway_of_pyridoxal_5'-phosphate_biosynthesis_and_salvage	1	0.25	0.2855897021845577
PWY-5030:_L-histidine_degradation_III	PWY66-429:_fatty_acid_biosynthesis_initiation_(mitochondria)	2	0.16666666666666666	0.7918742536411937
PWY-5030:_L-histidine_degradation_III	PYRIDNUCSYN-PWY:_NAD_de_novo_biosynthesis_I_(from_aspartate)	4	0.6666666666666666	0.9086316819962945
PWY-5030:_L-histidine_degradation_III	PYRIDOXSYN-PWY:_pyridoxal_5'-phosphate_biosynthesis_I	1	0.25	0.28519096614419903
PWY-5030:_L-histidine_degradation_III	RHAMCAT-PWY:_L-rhamnose_degradation_I	2	0.3333333333333333	0.8356171095556909
PWY-5030:_L-histidine_degradation_III	RIBOSYN2-PWY:_flavin_biosynthesis_I_(bacteria_and_plants)	2	0.2	0.7899004311318196
PWY-5030:_L-histidine_degradation_III	SER-GLYSYN-PWY:_superpathway_of_L-serine_and_glycine_biosynthesis_I	4	0.4	0.9318612389967014
PWY-5030:_L-histidine_degradation_III	THRESYN-PWY:_superpathway_of_L-threonine_biosynthesis	1	0.16666666666666666	0.803872470375277
PWY-5030:_L-histidine_degradation_III	TRNA-CHARGING-PWY:_tRNA_charging	4	0.5714285714285714	0.9089422154020818
PWY-5030:_L-histidine_degradation_III	VALSYN-PWY:_L-valine_biosynthesis	2	0.08333333333333333	0.7508296016530357
PWY-5097:_L-lysine_biosynthesis_VI	PWY-5100:_pyruvate_fermentation_to_acetate_and_lactate_II	1	0.1	0.0029289758002577493
PWY-5097:_L-lysine_biosynthesis_VI	PWY-5103:_L-isoleucine_biosynthesis_III	3	0.21428571428571427	0.34421656943490797
PWY-5097:_L-lysine_biosynthesis_VI	PWY-5121:_superpathway_of_geranylgeranyl_diphosphate_biosynthesis_II_(via_MEP)	1	0.2	0.7336876881574854
PWY-5097:_L-lysine_biosynthesis_VI	PWY-5188:_tetrapyrrole_biosynthesis_I_(from_glutamate)	1	0.08333333333333333	0.03879329579299995
PWY-5097:_L-lysine_biosynthesis_VI	PWY-5384:_sucrose_degradation_IV_(sucrose_phosphorylase)	1	0.14285714285714285	0.3042820786639794
PWY-5097:_L-lysine_biosynthesis_VI	PWY-5659:_GDP-mannose_biosynthesis	1	0.125	0.10508667021466056
PWY-5097:_L-lysine_biosynthesis_VI	PWY-5667:_CDP-diacylglycerol_biosynthesis_I	5	0.625	0.890453865414278
PWY-5097:_L-lysine_biosynthesis_VI	PWY-5686:_UMP_biosynthesis_I	5	0.29411764705882354	0.831857766462616
PWY-5097:_L-lysine_biosynthesis_VI	PWY-5695:_inosine_5'-phosphate_degradation	4	0.3076923076923077	0.772069088639128
PWY-5097:_L-lysine_biosynthesis_VI	PWY-5941:_glycogen_degradation_II	2	0.2	0.2087657300681517
PWY-5097:_L-lysine_biosynthesis_VI	PWY-5973:_cis-vaccenate_biosynthesis	2	0.4	0.7866740590246873
PWY-5097:_L-lysine_biosynthesis_VI	PWY-6121:_5-aminoimidazole_ribonucleotide_biosynthesis_I	5	0.25	0.8647101310567384
PWY-5097:_L-lysine_biosynthesis_VI	PWY-6122:_5-aminoimidazole_ribonucleotide_biosynthesis_II	5	0.20833333333333334	0.8519706056494716
PWY-5097:_L-lysine_biosynthesis_VI	PWY-6123:_inosine-5'-phosphate_biosynthesis_I	3	0.3333333333333333	0.8754734621761767
PWY-5097:_L-lysine_biosynthesis_VI	PWY-6124:_inosine-5'-phosphate_biosynthesis_II	3	0.25	0.8598140945552879
PWY-5097:_L-lysine_biosynthesis_VI	PWY-6125:_superpathway_of_guanosine_nucleotides_de_novo_biosynthesis_II	2	0.4	0.8505845514347661
PWY-5097:_L-lysine_biosynthesis_VI	PWY-6126:_superpathway_of_adenosine_nucleotides_de_novo_biosynthesis_II	2	0.4	0.7550766972475598
PWY-5097:_L-lysine_biosynthesis_VI	PWY-6147:_6-hydroxymethyl-dihydropterin_diphosphate_biosynthesis_I	2	0.3333333333333333	0.7962862557243109
PWY-5097:_L-lysine_biosynthesis_VI	PWY-6151:_S-adenosyl-L-methionine_salvage_I	4	0.26666666666666666	0.761420228578876
PWY-5097:_L-lysine_biosynthesis_VI	PWY-6163:_chorismate_biosynthesis_from_3-dehydroquinate	5	0.3125	0.8237197947563257
PWY-5097:_L-lysine_biosynthesis_VI	PWY-621:_sucrose_degradation_III_(sucrose_invertase)	1	0.125	0.3022728887726346
PWY-5097:_L-lysine_biosynthesis_VI	PWY-6270:_isoprene_biosynthesis_I	2	0.4	0.34937288712487313
PWY-5097:_L-lysine_biosynthesis_VI	PWY-6277:_superpathway_of_5-aminoimidazole_ribonucleotide_biosynthesis	5	0.20833333333333334	0.8519706056494716
PWY-5097:_L-lysine_biosynthesis_VI	PWY-6317:_D-galactose_degradation_I_(Leloir_pathway)	2	0.18181818181818182	0.20315176205103036
PWY-5097:_L-lysine_biosynthesis_VI	PWY-6385:_peptidoglycan_biosynthesis_III_(mycobacteria)	5	0.38461538461538464	0.8588123831263987
PWY-5097:_L-lysine_biosynthesis_VI	PWY-6386:_UDP-N-acetylmuramoyl-pentapeptide_biosynthesis_II_(lysine-containing)	5	0.45454545454545453	0.8669089066302791
PWY-5097:_L-lysine_biosynthesis_VI	PWY-6387:_UDP-N-acetylmuramoyl-pentapeptide_biosynthesis_I_(meso-diaminopimelate_containing)	5	0.3333333333333333	0.8420638569838811
PWY-5097:_L-lysine_biosynthesis_VI	PWY-6507:_4-deoxy-L-threo-hex-4-enopyranuronate_degradation	1	0.2	0.17702158355702657
PWY-5097:_L-lysine_biosynthesis_VI	PWY-6527:_stachyose_degradation	1	0.08333333333333333	0.04446055291995166
PWY-5097:_L-lysine_biosynthesis_VI	PWY-6572:_chondroitin_sulfate_degradation_I_(bacterial)	1	0.2	0.28654989635974704
PWY-5097:_L-lysine_biosynthesis_VI	PWY-6608:_guanosine_nucleotides_degradation_III	1	0.16666666666666666	0.10227819946641736
PWY-5097:_L-lysine_biosynthesis_VI	PWY-6609:_adenine_and_adenosine_salvage_III	5	0.29411764705882354	0.7908466793341851
PWY-5097:_L-lysine_biosynthesis_VI	PWY-6700:_queuosine_biosynthesis_I_(de_novo)	5	0.2777777777777778	0.8155695404276375
PWY-5097:_L-lysine_biosynthesis_VI	PWY-6703:_preQ0_biosynthesis	3	0.3333333333333333	0.8227650815097773
PWY-5097:_L-lysine_biosynthesis_VI	PWY-6823:_molybdopterin_biosynthesis	2	0.2	0.17806718504001884
PWY-5097:_L-lysine_biosynthesis_VI	PWY-6897:_thiamine_diphosphate_salvage_II	2	0.3333333333333333	0.18614834883001397
PWY-5097:_L-lysine_biosynthesis_VI	PWY-6902:_chitin_degradation_II_(Vibrio)	1	0.16666666666666666	0.24364012820327652
PWY-5097:_L-lysine_biosynthesis_VI	PWY-6936:_seleno-amino_acid_biosynthesis_(plants)	1	0.09090909090909091	0.046243250363402155
PWY-5097:_L-lysine_biosynthesis_VI	PWY-7111:_pyruvate_fermentation_to_isobutanol_(engineered)	2	0.18181818181818182	0.09552379849865023
PWY-5097:_L-lysine_biosynthesis_VI	PWY-7199:_pyrimidine_deoxyribonucleosides_salvage	2	0.3333333333333333	0.8969755260849973
PWY-5097:_L-lysine_biosynthesis_VI	PWY-7220:_adenosine_deoxyribonucleotides_de_novo_biosynthesis_II	2	0.4	0.7873890795850511
PWY-5097:_L-lysine_biosynthesis_VI	PWY-7221:_guanosine_ribonucleotides_de_novo_biosynthesis	5	0.3125	0.8189519416817048
PWY-5097:_L-lysine_biosynthesis_VI	PWY-7222:_guanosine_deoxyribonucleotides_de_novo_biosynthesis_II	2	0.4	0.7873890795850511
PWY-5097:_L-lysine_biosynthesis_VI	PWY-7228:_superpathway_of_guanosine_nucleotides_de_novo_biosynthesis_I	2	0.3333333333333333	0.7888687478662549
PWY-5097:_L-lysine_biosynthesis_VI	PWY-7229:_superpathway_of_adenosine_nucleotides_de_novo_biosynthesis_I	2	0.4	0.7306807639727186
PWY-5097:_L-lysine_biosynthesis_VI	PWY-7237:_myo-,_chiro-_and_scyllo-inositol_degradation	3	0.25	0.21645153136892514
PWY-5097:_L-lysine_biosynthesis_VI	PWY-7238:_sucrose_biosynthesis_II	3	0.2	0.18335318166037773
PWY-5097:_L-lysine_biosynthesis_VI	PWY-7242:_D-fructuronate_degradation	1	0.2	0.1776282553788987
PWY-5097:_L-lysine_biosynthesis_VI	PWY-724:_superpathway_of_L-lysine,_L-threonine_and_L-methionine_biosynthesis_II	1	0.2	0.10816523803669897
PWY-5097:_L-lysine_biosynthesis_VI	PWY-7357:_thiamine_phosphate_formation_from_pyrithiamine_and_oxythiamine_(yeast)	2	0.25	0.18040385759001165
PWY-5097:_L-lysine_biosynthesis_VI	PWY-7560:_methylerythritol_phosphate_pathway_II	2	0.4	0.3478592679974064
PWY-5097:_L-lysine_biosynthesis_VI	PWY-7663:_gondoate_biosynthesis_(anaerobic)	2	0.4	0.7962205316312598
PWY-5097:_L-lysine_biosynthesis_VI	PWY-7790:_UMP_biosynthesis_II	5	0.29411764705882354	0.833453610718526
PWY-5097:_L-lysine_biosynthesis_VI	PWY-7791:_UMP_biosynthesis_III	5	0.29411764705882354	0.8069785533468998
PWY-5097:_L-lysine_biosynthesis_VI	PWY-7851:_coenzyme_A_biosynthesis_II_(eukaryotic)	4	0.3333333333333333	0.8923743986172791
PWY-5097:_L-lysine_biosynthesis_VI	PWY-7953:_UDP-N-acetylmuramoyl-pentapeptide_biosynthesis_III_(meso-diaminopimelate_containing)	4	0.3076923076923077	0.8141402874691516
PWY-5097:_L-lysine_biosynthesis_VI	PWY-7977:_L-methionine_biosynthesis_IV	4	0.5714285714285714	0.8802063075901906
PWY-5097:_L-lysine_biosynthesis_VI	PWY-8178:_pentose_phosphate_pathway_(non-oxidative_branch)_II	3	0.3333333333333333	0.3408957406535562
PWY-5097:_L-lysine_biosynthesis_VI	PWY0-1061:_superpathway_of_L-alanine_biosynthesis	1	0.16666666666666666	0.01125802412503274
PWY-5097:_L-lysine_biosynthesis_VI	PWY0-1296:_purine_ribonucleosides_degradation	3	0.3	0.21022466024641395
PWY-5097:_L-lysine_biosynthesis_VI	PWY0-1319:_CDP-diacylglycerol_biosynthesis_II	5	0.625	0.890453865414278
PWY-5097:_L-lysine_biosynthesis_VI	PWY0-1586:_peptidoglycan_maturation_(meso-diaminopimelate_containing)	4	0.6666666666666666	0.8831140273444402
PWY-5097:_L-lysine_biosynthesis_VI	PWY0-162:_superpathway_of_pyrimidine_ribonucleotides_de_novo_biosynthesis	1	0.2	0.3048799635425521
PWY-5097:_L-lysine_biosynthesis_VI	PWY0-845:_superpathway_of_pyridoxal_5'-phosphate_biosynthesis_and_salvage	1	0.2	0.3091862486548309
PWY-5097:_L-lysine_biosynthesis_VI	PWY66-429:_fatty_acid_biosynthesis_initiation_(mitochondria)	3	0.25	0.7776288464911879
PWY-5097:_L-lysine_biosynthesis_VI	PYRIDNUCSYN-PWY:_NAD_de_novo_biosynthesis_I_(from_aspartate)	3	0.375	0.7707421357579235
PWY-5097:_L-lysine_biosynthesis_VI	PYRIDOXSYN-PWY:_pyridoxal_5'-phosphate_biosynthesis_I	1	0.2	0.3087459633342883
PWY-5097:_L-lysine_biosynthesis_VI	RHAMCAT-PWY:_L-rhamnose_degradation_I	3	0.5	0.8197560231144826
PWY-5097:_L-lysine_biosynthesis_VI	RIBOSYN2-PWY:_flavin_biosynthesis_I_(bacteria_and_plants)	5	0.625	0.8554457681818892
PWY-5097:_L-lysine_biosynthesis_VI	SALVADEHYPOX-PWY:_adenosine_nucleotides_degradation_II	1	0.2	0.09906556307366365
PWY-5097:_L-lysine_biosynthesis_VI	SER-GLYSYN-PWY:_superpathway_of_L-serine_and_glycine_biosynthesis_I	3	0.25	0.840199516213838
PWY-5097:_L-lysine_biosynthesis_VI	THISYNARA-PWY:_superpathway_of_thiamine_diphosphate_biosynthesis_III_(eukaryotes)	2	0.3333333333333333	0.10213658925559255
PWY-5097:_L-lysine_biosynthesis_VI	THRESYN-PWY:_superpathway_of_L-threonine_biosynthesis	2	0.3333333333333333	0.7887573297813442
PWY-5097:_L-lysine_biosynthesis_VI	TRNA-CHARGING-PWY:_tRNA_charging	4	0.5	0.8696413660510324
PWY-5097:_L-lysine_biosynthesis_VI	VALSYN-PWY:_L-valine_biosynthesis	5	0.22727272727272727	0.8229959941251608
PWY-5100:_pyruvate_fermentation_to_acetate_and_lactate_II	PWY-5103:_L-isoleucine_biosynthesis_III	5	0.38461538461538464	0.10408630677491948
PWY-5100:_pyruvate_fermentation_to_acetate_and_lactate_II	PWY-5130:_2-oxobutanoate_degradation_I	1	0.1111111111111111	0.03518570395113241
PWY-5100:_pyruvate_fermentation_to_acetate_and_lactate_II	PWY-5188:_tetrapyrrole_biosynthesis_I_(from_glutamate)	3	0.2727272727272727	0.3326383500243527
PWY-5100:_pyruvate_fermentation_to_acetate_and_lactate_II	PWY-5384:_sucrose_degradation_IV_(sucrose_phosphorylase)	2	0.2857142857142857	0.16040617951914915
PWY-5100:_pyruvate_fermentation_to_acetate_and_lactate_II	PWY-5659:_GDP-mannose_biosynthesis	2	0.25	0.28731911391939313
PWY-5100:_pyruvate_fermentation_to_acetate_and_lactate_II	PWY-5667:_CDP-diacylglycerol_biosynthesis_I	2	0.16666666666666666	0.011225311614533107
PWY-5100:_pyruvate_fermentation_to_acetate_and_lactate_II	PWY-5686:_UMP_biosynthesis_I	5	0.2777777777777778	0.04382121511849035
PWY-5100:_pyruvate_fermentation_to_acetate_and_lactate_II	PWY-5695:_inosine_5'-phosphate_degradation	3	0.2	0.03640889039152495
PWY-5100:_pyruvate_fermentation_to_acetate_and_lactate_II	PWY-5837:_2-carboxy-1,4-naphthoquinol_biosynthesis	1	0.14285714285714285	0.07823327302676908
PWY-5100:_pyruvate_fermentation_to_acetate_and_lactate_II	PWY-5941:_glycogen_degradation_II	4	0.4444444444444444	0.260507686043409
PWY-5100:_pyruvate_fermentation_to_acetate_and_lactate_II	PWY-6121:_5-aminoimidazole_ribonucleotide_biosynthesis_I	6	0.3	0.06308330154758834
PWY-5100:_pyruvate_fermentation_to_acetate_and_lactate_II	PWY-6122:_5-aminoimidazole_ribonucleotide_biosynthesis_II	6	0.25	0.06600275703739478
PWY-5100:_pyruvate_fermentation_to_acetate_and_lactate_II	PWY-6123:_inosine-5'-phosphate_biosynthesis_I	1	0.08333333333333333	0.005609852101113422
PWY-5100:_pyruvate_fermentation_to_acetate_and_lactate_II	PWY-6124:_inosine-5'-phosphate_biosynthesis_II	2	0.14285714285714285	0.01739210641464195
PWY-5100:_pyruvate_fermentation_to_acetate_and_lactate_II	PWY-6151:_S-adenosyl-L-methionine_salvage_I	4	0.25	0.05381351147524427
PWY-5100:_pyruvate_fermentation_to_acetate_and_lactate_II	PWY-6163:_chorismate_biosynthesis_from_3-dehydroquinate	6	0.375	0.04789867493005051
PWY-5100:_pyruvate_fermentation_to_acetate_and_lactate_II	PWY-621:_sucrose_degradation_III_(sucrose_invertase)	2	0.25	0.16665979564554934
PWY-5100:_pyruvate_fermentation_to_acetate_and_lactate_II	PWY-6277:_superpathway_of_5-aminoimidazole_ribonucleotide_biosynthesis	6	0.25	0.06600275703739478
PWY-5100:_pyruvate_fermentation_to_acetate_and_lactate_II	PWY-6317:_D-galactose_degradation_I_(Leloir_pathway)	4	0.4	0.3305429452591594
PWY-5100:_pyruvate_fermentation_to_acetate_and_lactate_II	PWY-6385:_peptidoglycan_biosynthesis_III_(mycobacteria)	3	0.1875	0.014386516930062876
PWY-5100:_pyruvate_fermentation_to_acetate_and_lactate_II	PWY-6386:_UDP-N-acetylmuramoyl-pentapeptide_biosynthesis_II_(lysine-containing)	3	0.21428571428571427	0.014047886620758177
PWY-5100:_pyruvate_fermentation_to_acetate_and_lactate_II	PWY-6387:_UDP-N-acetylmuramoyl-pentapeptide_biosynthesis_I_(meso-diaminopimelate_containing)	3	0.16666666666666666	0.014823260552891071
PWY-5100:_pyruvate_fermentation_to_acetate_and_lactate_II	PWY-6527:_stachyose_degradation	3	0.2727272727272727	0.4374432791316757
PWY-5100:_pyruvate_fermentation_to_acetate_and_lactate_II	PWY-6608:_guanosine_nucleotides_degradation_III	1	0.14285714285714285	0.12980949911777973
PWY-5100:_pyruvate_fermentation_to_acetate_and_lactate_II	PWY-6609:_adenine_and_adenosine_salvage_III	3	0.15	0.019647229409236244
PWY-5100:_pyruvate_fermentation_to_acetate_and_lactate_II	PWY-6700:_queuosine_biosynthesis_I_(de_novo)	6	0.3333333333333333	0.052885321733624924
PWY-5100:_pyruvate_fermentation_to_acetate_and_lactate_II	PWY-6703:_preQ0_biosynthesis	1	0.08333333333333333	0.005719187470137221
PWY-5100:_pyruvate_fermentation_to_acetate_and_lactate_II	PWY-6823:_molybdopterin_biosynthesis	4	0.4444444444444444	0.2268014479742524
PWY-5100:_pyruvate_fermentation_to_acetate_and_lactate_II	PWY-6897:_thiamine_diphosphate_salvage_II	1	0.125	0.015900862234167312
PWY-5100:_pyruvate_fermentation_to_acetate_and_lactate_II	PWY-6936:_seleno-amino_acid_biosynthesis_(plants)	2	0.18181818181818182	0.33039861598870734
PWY-5100:_pyruvate_fermentation_to_acetate_and_lactate_II	PWY-7111:_pyruvate_fermentation_to_isobutanol_(engineered)	4	0.4	0.32933322000593535
PWY-5100:_pyruvate_fermentation_to_acetate_and_lactate_II	PWY-7221:_guanosine_ribonucleotides_de_novo_biosynthesis	5	0.29411764705882354	0.03417809993588039
PWY-5100:_pyruvate_fermentation_to_acetate_and_lactate_II	PWY-7237:_myo-,_chiro-_and_scyllo-inositol_degradation	3	0.23076923076923078	0.139918289183813
PWY-5100:_pyruvate_fermentation_to_acetate_and_lactate_II	PWY-7238:_sucrose_biosynthesis_II	5	0.35714285714285715	0.17152165209496317
PWY-5100:_pyruvate_fermentation_to_acetate_and_lactate_II	PWY-7357:_thiamine_phosphate_formation_from_pyrithiamine_and_oxythiamine_(yeast)	3	0.375	0.13791802448562374
PWY-5100:_pyruvate_fermentation_to_acetate_and_lactate_II	PWY-7456:_&beta;-(1,4)-mannan_degradation	1	0.16666666666666666	0.3019136393510985
PWY-5100:_pyruvate_fermentation_to_acetate_and_lactate_II	PWY-7790:_UMP_biosynthesis_II	5	0.2777777777777778	0.04395808014390079
PWY-5100:_pyruvate_fermentation_to_acetate_and_lactate_II	PWY-7791:_UMP_biosynthesis_III	5	0.2777777777777778	0.041729224856935865
PWY-5100:_pyruvate_fermentation_to_acetate_and_lactate_II	PWY-7851:_coenzyme_A_biosynthesis_II_(eukaryotic)	2	0.13333333333333333	0.025360107284476574
PWY-5100:_pyruvate_fermentation_to_acetate_and_lactate_II	PWY-7953:_UDP-N-acetylmuramoyl-pentapeptide_biosynthesis_III_(meso-diaminopimelate_containing)	3	0.2	0.01381496228687118
PWY-5100:_pyruvate_fermentation_to_acetate_and_lactate_II	PWY-8178:_pentose_phosphate_pathway_(non-oxidative_branch)_II	4	0.4444444444444444	0.18732631467115646
PWY-5100:_pyruvate_fermentation_to_acetate_and_lactate_II	PWY0-1061:_superpathway_of_L-alanine_biosynthesis	2	0.3333333333333333	0.12016056555240584
PWY-5100:_pyruvate_fermentation_to_acetate_and_lactate_II	PWY0-1241:_ADP-L-glycero-&beta;-D-manno-heptose_biosynthesis	1	0.14285714285714285	0.08730255607631221
PWY-5100:_pyruvate_fermentation_to_acetate_and_lactate_II	PWY0-1296:_purine_ribonucleosides_degradation	3	0.2727272727272727	0.09225208746166313
PWY-5100:_pyruvate_fermentation_to_acetate_and_lactate_II	PWY0-1319:_CDP-diacylglycerol_biosynthesis_II	2	0.16666666666666666	0.011225311614533107
PWY-5100:_pyruvate_fermentation_to_acetate_and_lactate_II	PWY0-1586:_peptidoglycan_maturation_(meso-diaminopimelate_containing)	1	0.1	0.0028752897129346033
PWY-5100:_pyruvate_fermentation_to_acetate_and_lactate_II	PWY66-429:_fatty_acid_biosynthesis_initiation_(mitochondria)	1	0.06666666666666667	0.005194552980270162
PWY-5100:_pyruvate_fermentation_to_acetate_and_lactate_II	PYRIDNUCSYN-PWY:_NAD_de_novo_biosynthesis_I_(from_aspartate)	2	0.2	0.02011713677445226
PWY-5100:_pyruvate_fermentation_to_acetate_and_lactate_II	RHAMCAT-PWY:_L-rhamnose_degradation_I	1	0.1111111111111111	0.01362072811585957
PWY-5100:_pyruvate_fermentation_to_acetate_and_lactate_II	RIBOSYN2-PWY:_flavin_biosynthesis_I_(bacteria_and_plants)	3	0.2727272727272727	0.014805129113687365
PWY-5100:_pyruvate_fermentation_to_acetate_and_lactate_II	SER-GLYSYN-PWY:_superpathway_of_L-serine_and_glycine_biosynthesis_I	3	0.23076923076923078	0.03838453418379151
PWY-5100:_pyruvate_fermentation_to_acetate_and_lactate_II	THISYNARA-PWY:_superpathway_of_thiamine_diphosphate_biosynthesis_III_(eukaryotes)	2	0.2857142857142857	0.05539767832885345
PWY-5100:_pyruvate_fermentation_to_acetate_and_lactate_II	TRNA-CHARGING-PWY:_tRNA_charging	2	0.18181818181818182	0.014387326468389805
PWY-5100:_pyruvate_fermentation_to_acetate_and_lactate_II	UDPNAGSYN-PWY:_UDP-N-acetyl-D-glucosamine_biosynthesis_I	2	0.18181818181818182	0.3238357069196649
PWY-5100:_pyruvate_fermentation_to_acetate_and_lactate_II	VALSYN-PWY:_L-valine_biosynthesis	6	0.2727272727272727	0.07189983532001365
PWY-5103:_L-isoleucine_biosynthesis_III	PWY-5130:_2-oxobutanoate_degradation_I	3	0.23076923076923078	0.049361001466602494
PWY-5103:_L-isoleucine_biosynthesis_III	PWY-5188:_tetrapyrrole_biosynthesis_I_(from_glutamate)	5	0.3333333333333333	0.21286801827949065
PWY-5103:_L-isoleucine_biosynthesis_III	PWY-5384:_sucrose_degradation_IV_(sucrose_phosphorylase)	2	0.15384615384615385	0.7922666753239038
PWY-5103:_L-isoleucine_biosynthesis_III	PWY-5659:_GDP-mannose_biosynthesis	2	0.14285714285714285	0.0623088549472387
PWY-5103:_L-isoleucine_biosynthesis_III	PWY-5667:_CDP-diacylglycerol_biosynthesis_I	4	0.25	0.2588365354561061
PWY-5103:_L-isoleucine_biosynthesis_III	PWY-5686:_UMP_biosynthesis_I	8	0.38095238095238093	0.30905100933812824
PWY-5103:_L-isoleucine_biosynthesis_III	PWY-5695:_inosine_5'-phosphate_degradation	5	0.2631578947368421	0.2566696899161267
PWY-5103:_L-isoleucine_biosynthesis_III	PWY-5837:_2-carboxy-1,4-naphthoquinol_biosynthesis	2	0.16666666666666666	0.047367742180597805
PWY-5103:_L-isoleucine_biosynthesis_III	PWY-5941:_glycogen_degradation_II	4	0.26666666666666666	0.16729265858459164
PWY-5103:_L-isoleucine_biosynthesis_III	PWY-5973:_cis-vaccenate_biosynthesis	1	0.07692307692307693	0.26607276731871843
PWY-5103:_L-isoleucine_biosynthesis_III	PWY-6121:_5-aminoimidazole_ribonucleotide_biosynthesis_I	9	0.391304347826087	0.30113603712063175
PWY-5103:_L-isoleucine_biosynthesis_III	PWY-6122:_5-aminoimidazole_ribonucleotide_biosynthesis_II	10	0.38461538461538464	0.2850087625616423
PWY-5103:_L-isoleucine_biosynthesis_III	PWY-6123:_inosine-5'-phosphate_biosynthesis_I	4	0.26666666666666666	0.27384432941489434
PWY-5103:_L-isoleucine_biosynthesis_III	PWY-6124:_inosine-5'-phosphate_biosynthesis_II	6	0.375	0.270405719293596
PWY-5103:_L-isoleucine_biosynthesis_III	PWY-6125:_superpathway_of_guanosine_nucleotides_de_novo_biosynthesis_II	1	0.07692307692307693	0.2872759850639236
PWY-5103:_L-isoleucine_biosynthesis_III	PWY-6126:_superpathway_of_adenosine_nucleotides_de_novo_biosynthesis_II	1	0.07692307692307693	0.25045594842354424
PWY-5103:_L-isoleucine_biosynthesis_III	PWY-6147:_6-hydroxymethyl-dihydropterin_diphosphate_biosynthesis_I	1	0.07142857142857142	0.26230119316564426
PWY-5103:_L-isoleucine_biosynthesis_III	PWY-6151:_S-adenosyl-L-methionine_salvage_I	5	0.23809523809523808	0.0613147248426289
PWY-5103:_L-isoleucine_biosynthesis_III	PWY-6163:_chorismate_biosynthesis_from_3-dehydroquinate	8	0.4	0.29995410067421635
PWY-5103:_L-isoleucine_biosynthesis_III	PWY-621:_sucrose_degradation_III_(sucrose_invertase)	3	0.23076923076923078	0.8056447535179686
PWY-5103:_L-isoleucine_biosynthesis_III	PWY-6270:_isoprene_biosynthesis_I	2	0.16666666666666666	0.8661014690446494
PWY-5103:_L-isoleucine_biosynthesis_III	PWY-6277:_superpathway_of_5-aminoimidazole_ribonucleotide_biosynthesis	10	0.38461538461538464	0.2850087625616423
PWY-5103:_L-isoleucine_biosynthesis_III	PWY-6317:_D-galactose_degradation_I_(Leloir_pathway)	4	0.25	0.1687868400668463
PWY-5103:_L-isoleucine_biosynthesis_III	PWY-6385:_peptidoglycan_biosynthesis_III_(mycobacteria)	7	0.3888888888888889	0.327516276206006
PWY-5103:_L-isoleucine_biosynthesis_III	PWY-6386:_UDP-N-acetylmuramoyl-pentapeptide_biosynthesis_II_(lysine-containing)	6	0.35294117647058826	0.27748224444266667
PWY-5103:_L-isoleucine_biosynthesis_III	PWY-6387:_UDP-N-acetylmuramoyl-pentapeptide_biosynthesis_I_(meso-diaminopimelate_containing)	7	0.35	0.2859712566244039
PWY-5103:_L-isoleucine_biosynthesis_III	PWY-6527:_stachyose_degradation	3	0.17647058823529413	0.09542954648767843
PWY-5103:_L-isoleucine_biosynthesis_III	PWY-6572:_chondroitin_sulfate_degradation_I_(bacterial)	1	0.08333333333333333	0.701396777498543
PWY-5103:_L-isoleucine_biosynthesis_III	PWY-6608:_guanosine_nucleotides_degradation_III	1	0.07692307692307693	0.03023587316761822
PWY-5103:_L-isoleucine_biosynthesis_III	PWY-6609:_adenine_and_adenosine_salvage_III	5	0.20833333333333334	0.2595903382602608
PWY-5103:_L-isoleucine_biosynthesis_III	PWY-6700:_queuosine_biosynthesis_I_(de_novo)	9	0.42857142857142855	0.2874789729680016
PWY-5103:_L-isoleucine_biosynthesis_III	PWY-6703:_preQ0_biosynthesis	4	0.26666666666666666	0.3241369068364811
PWY-5103:_L-isoleucine_biosynthesis_III	PWY-6823:_molybdopterin_biosynthesis	4	0.26666666666666666	0.07885610930134823
PWY-5103:_L-isoleucine_biosynthesis_III	PWY-6897:_thiamine_diphosphate_salvage_II	1	0.07142857142857142	0.03546794020172017
PWY-5103:_L-isoleucine_biosynthesis_III	PWY-6902:_chitin_degradation_II_(Vibrio)	1	0.07692307692307693	0.4996999035900427
PWY-5103:_L-isoleucine_biosynthesis_III	PWY-6936:_seleno-amino_acid_biosynthesis_(plants)	5	0.35714285714285715	0.2382178626590573
PWY-5103:_L-isoleucine_biosynthesis_III	PWY-7111:_pyruvate_fermentation_to_isobutanol_(engineered)	5	0.3333333333333333	0.26023013434813747
PWY-5103:_L-isoleucine_biosynthesis_III	PWY-7199:_pyrimidine_deoxyribonucleosides_salvage	1	0.07142857142857142	0.2848363310688954
PWY-5103:_L-isoleucine_biosynthesis_III	PWY-7220:_adenosine_deoxyribonucleotides_de_novo_biosynthesis_II	1	0.07692307692307693	0.2527115964035981
PWY-5103:_L-isoleucine_biosynthesis_III	PWY-7221:_guanosine_ribonucleotides_de_novo_biosynthesis	8	0.4	0.29526813462953094
PWY-5103:_L-isoleucine_biosynthesis_III	PWY-7222:_guanosine_deoxyribonucleotides_de_novo_biosynthesis_II	1	0.07692307692307693	0.2527115964035981
PWY-5103:_L-isoleucine_biosynthesis_III	PWY-7228:_superpathway_of_guanosine_nucleotides_de_novo_biosynthesis_I	1	0.07142857142857142	0.2671803449560982
PWY-5103:_L-isoleucine_biosynthesis_III	PWY-7229:_superpathway_of_adenosine_nucleotides_de_novo_biosynthesis_I	1	0.07692307692307693	0.23880479401979837
PWY-5103:_L-isoleucine_biosynthesis_III	PWY-7237:_myo-,_chiro-_and_scyllo-inositol_degradation	5	0.29411764705882354	0.19772053240984833
PWY-5103:_L-isoleucine_biosynthesis_III	PWY-7238:_sucrose_biosynthesis_II	6	0.3157894736842105	0.16320984500690616
PWY-5103:_L-isoleucine_biosynthesis_III	PWY-7357:_thiamine_phosphate_formation_from_pyrithiamine_and_oxythiamine_(yeast)	2	0.13333333333333333	0.045430421725757286
PWY-5103:_L-isoleucine_biosynthesis_III	PWY-7456:_&beta;-(1,4)-mannan_degradation	1	0.08333333333333333	0.04781378631823585
PWY-5103:_L-isoleucine_biosynthesis_III	PWY-7560:_methylerythritol_phosphate_pathway_II	2	0.16666666666666666	0.8635203334785546
PWY-5103:_L-isoleucine_biosynthesis_III	PWY-7663:_gondoate_biosynthesis_(anaerobic)	1	0.07692307692307693	0.27091271214017865
PWY-5103:_L-isoleucine_biosynthesis_III	PWY-7790:_UMP_biosynthesis_II	8	0.38095238095238093	0.3091060193770918
PWY-5103:_L-isoleucine_biosynthesis_III	PWY-7791:_UMP_biosynthesis_III	8	0.38095238095238093	0.2971823349800171
PWY-5103:_L-isoleucine_biosynthesis_III	PWY-7851:_coenzyme_A_biosynthesis_II_(eukaryotic)	5	0.2777777777777778	0.26642930409448096
PWY-5103:_L-isoleucine_biosynthesis_III	PWY-7953:_UDP-N-acetylmuramoyl-pentapeptide_biosynthesis_III_(meso-diaminopimelate_containing)	7	0.4117647058823529	0.2981456399914407
PWY-5103:_L-isoleucine_biosynthesis_III	PWY-7977:_L-methionine_biosynthesis_IV	2	0.125	0.30525038272573446
PWY-5103:_L-isoleucine_biosynthesis_III	PWY-8178:_pentose_phosphate_pathway_(non-oxidative_branch)_II	6	0.46153846153846156	0.8653999641921136
PWY-5103:_L-isoleucine_biosynthesis_III	PWY-I9:_L-cysteine_biosynthesis_VI_(from_L-methionine)	1	0.08333333333333333	0.004596957882985531
PWY-5103:_L-isoleucine_biosynthesis_III	PWY0-1061:_superpathway_of_L-alanine_biosynthesis	2	0.16666666666666666	0.05483983485677879
PWY-5103:_L-isoleucine_biosynthesis_III	PWY0-1241:_ADP-L-glycero-&beta;-D-manno-heptose_biosynthesis	2	0.16666666666666666	0.04742338759582643
PWY-5103:_L-isoleucine_biosynthesis_III	PWY0-1296:_purine_ribonucleosides_degradation	3	0.17647058823529413	0.14197456020667665
PWY-5103:_L-isoleucine_biosynthesis_III	PWY0-1319:_CDP-diacylglycerol_biosynthesis_II	4	0.25	0.2588365354561061
PWY-5103:_L-isoleucine_biosynthesis_III	PWY0-1586:_peptidoglycan_maturation_(meso-diaminopimelate_containing)	3	0.21428571428571427	0.3290519022650904
PWY-5103:_L-isoleucine_biosynthesis_III	PWY0-162:_superpathway_of_pyrimidine_ribonucleotides_de_novo_biosynthesis	1	0.08333333333333333	0.7871855875258479
PWY-5103:_L-isoleucine_biosynthesis_III	PWY0-845:_superpathway_of_pyridoxal_5'-phosphate_biosynthesis_and_salvage	1	0.08333333333333333	0.8099254467849712
PWY-5103:_L-isoleucine_biosynthesis_III	PWY66-429:_fatty_acid_biosynthesis_initiation_(mitochondria)	5	0.29411764705882354	0.30544694277427553
PWY-5103:_L-isoleucine_biosynthesis_III	PYRIDNUCSYN-PWY:_NAD_de_novo_biosynthesis_I_(from_aspartate)	3	0.2	0.24859834407464487
PWY-5103:_L-isoleucine_biosynthesis_III	PYRIDOXSYN-PWY:_pyridoxal_5'-phosphate_biosynthesis_I	1	0.08333333333333333	0.8142412290609433
PWY-5103:_L-isoleucine_biosynthesis_III	RHAMCAT-PWY:_L-rhamnose_degradation_I	3	0.23076923076923078	0.3165888437582526
PWY-5103:_L-isoleucine_biosynthesis_III	RIBOSYN2-PWY:_flavin_biosynthesis_I_(bacteria_and_plants)	6	0.42857142857142855	0.2760196778629477
PWY-5103:_L-isoleucine_biosynthesis_III	SER-GLYSYN-PWY:_superpathway_of_L-serine_and_glycine_biosynthesis_I	4	0.2222222222222222	0.2789777824733657
PWY-5103:_L-isoleucine_biosynthesis_III	THISYNARA-PWY:_superpathway_of_thiamine_diphosphate_biosynthesis_III_(eukaryotes)	2	0.15384615384615385	0.04675444865517486
PWY-5103:_L-isoleucine_biosynthesis_III	TRNA-CHARGING-PWY:_tRNA_charging	3	0.1875	0.27412358975901596
PWY-5103:_L-isoleucine_biosynthesis_III	UDPNAGSYN-PWY:_UDP-N-acetyl-D-glucosamine_biosynthesis_I	5	0.35714285714285715	0.14046798219878898
PWY-5103:_L-isoleucine_biosynthesis_III	VALSYN-PWY:_L-valine_biosynthesis	12	0.5454545454545454	0.3246221761030055
PWY-5121:_superpathway_of_geranylgeranyl_diphosphate_biosynthesis_II_(via_MEP)	PWY-5667:_CDP-diacylglycerol_biosynthesis_I	1	0.125	0.8271175557952328
PWY-5121:_superpathway_of_geranylgeranyl_diphosphate_biosynthesis_II_(via_MEP)	PWY-5686:_UMP_biosynthesis_I	1	0.058823529411764705	0.726412832838025
PWY-5121:_superpathway_of_geranylgeranyl_diphosphate_biosynthesis_II_(via_MEP)	PWY-5695:_inosine_5'-phosphate_degradation	1	0.08333333333333333	0.734710295692881
PWY-5121:_superpathway_of_geranylgeranyl_diphosphate_biosynthesis_II_(via_MEP)	PWY-5973:_cis-vaccenate_biosynthesis	1	0.5	0.8334167299390567
PWY-5121:_superpathway_of_geranylgeranyl_diphosphate_biosynthesis_II_(via_MEP)	PWY-6121:_5-aminoimidazole_ribonucleotide_biosynthesis_I	1	0.05	0.6917465639400335
PWY-5121:_superpathway_of_geranylgeranyl_diphosphate_biosynthesis_II_(via_MEP)	PWY-6122:_5-aminoimidazole_ribonucleotide_biosynthesis_II	1	0.041666666666666664	0.6706374545663136
PWY-5121:_superpathway_of_geranylgeranyl_diphosphate_biosynthesis_II_(via_MEP)	PWY-6123:_inosine-5'-phosphate_biosynthesis_I	1	0.14285714285714285	0.7787410533376092
PWY-5121:_superpathway_of_geranylgeranyl_diphosphate_biosynthesis_II_(via_MEP)	PWY-6124:_inosine-5'-phosphate_biosynthesis_II	1	0.1	0.7784446606696807
PWY-5121:_superpathway_of_geranylgeranyl_diphosphate_biosynthesis_II_(via_MEP)	PWY-6125:_superpathway_of_guanosine_nucleotides_de_novo_biosynthesis_II	1	0.5	0.8944637838264914
PWY-5121:_superpathway_of_geranylgeranyl_diphosphate_biosynthesis_II_(via_MEP)	PWY-6126:_superpathway_of_adenosine_nucleotides_de_novo_biosynthesis_II	1	0.5	0.7976937738475031
PWY-5121:_superpathway_of_geranylgeranyl_diphosphate_biosynthesis_II_(via_MEP)	PWY-6147:_6-hydroxymethyl-dihydropterin_diphosphate_biosynthesis_I	1	0.3333333333333333	0.8443239473341707
PWY-5121:_superpathway_of_geranylgeranyl_diphosphate_biosynthesis_II_(via_MEP)	PWY-6151:_S-adenosyl-L-methionine_salvage_I	1	0.07142857142857142	0.867295805638554
PWY-5121:_superpathway_of_geranylgeranyl_diphosphate_biosynthesis_II_(via_MEP)	PWY-6163:_chorismate_biosynthesis_from_3-dehydroquinate	1	0.0625	0.7527229088604783
PWY-5121:_superpathway_of_geranylgeranyl_diphosphate_biosynthesis_II_(via_MEP)	PWY-6277:_superpathway_of_5-aminoimidazole_ribonucleotide_biosynthesis	1	0.041666666666666664	0.6706374545663136
PWY-5121:_superpathway_of_geranylgeranyl_diphosphate_biosynthesis_II_(via_MEP)	PWY-6385:_peptidoglycan_biosynthesis_III_(mycobacteria)	1	0.07692307692307693	0.7752802953162856
PWY-5121:_superpathway_of_geranylgeranyl_diphosphate_biosynthesis_II_(via_MEP)	PWY-6386:_UDP-N-acetylmuramoyl-pentapeptide_biosynthesis_II_(lysine-containing)	1	0.09090909090909091	0.7854637238898229
PWY-5121:_superpathway_of_geranylgeranyl_diphosphate_biosynthesis_II_(via_MEP)	PWY-6387:_UDP-N-acetylmuramoyl-pentapeptide_biosynthesis_I_(meso-diaminopimelate_containing)	1	0.06666666666666667	0.7753374698252659
PWY-5121:_superpathway_of_geranylgeranyl_diphosphate_biosynthesis_II_(via_MEP)	PWY-6609:_adenine_and_adenosine_salvage_III	1	0.058823529411764705	0.7181310372662193
PWY-5121:_superpathway_of_geranylgeranyl_diphosphate_biosynthesis_II_(via_MEP)	PWY-6700:_queuosine_biosynthesis_I_(de_novo)	1	0.05555555555555555	0.7537404112369124
PWY-5121:_superpathway_of_geranylgeranyl_diphosphate_biosynthesis_II_(via_MEP)	PWY-6703:_preQ0_biosynthesis	1	0.14285714285714285	0.842197413806987
PWY-5121:_superpathway_of_geranylgeranyl_diphosphate_biosynthesis_II_(via_MEP)	PWY-7199:_pyrimidine_deoxyribonucleosides_salvage	1	0.3333333333333333	0.8210532603824416
PWY-5121:_superpathway_of_geranylgeranyl_diphosphate_biosynthesis_II_(via_MEP)	PWY-7220:_adenosine_deoxyribonucleotides_de_novo_biosynthesis_II	1	0.5	0.8342274390346696
PWY-5121:_superpathway_of_geranylgeranyl_diphosphate_biosynthesis_II_(via_MEP)	PWY-7221:_guanosine_ribonucleotides_de_novo_biosynthesis	1	0.0625	0.7455170021185228
PWY-5121:_superpathway_of_geranylgeranyl_diphosphate_biosynthesis_II_(via_MEP)	PWY-7222:_guanosine_deoxyribonucleotides_de_novo_biosynthesis_II	1	0.5	0.8342274390346696
PWY-5121:_superpathway_of_geranylgeranyl_diphosphate_biosynthesis_II_(via_MEP)	PWY-7228:_superpathway_of_guanosine_nucleotides_de_novo_biosynthesis_I	1	0.3333333333333333	0.8359054542812743
PWY-5121:_superpathway_of_geranylgeranyl_diphosphate_biosynthesis_II_(via_MEP)	PWY-7229:_superpathway_of_adenosine_nucleotides_de_novo_biosynthesis_I	1	0.5	0.7702495838553901
PWY-5121:_superpathway_of_geranylgeranyl_diphosphate_biosynthesis_II_(via_MEP)	PWY-7663:_gondoate_biosynthesis_(anaerobic)	1	0.5	0.8070148723415055
PWY-5121:_superpathway_of_geranylgeranyl_diphosphate_biosynthesis_II_(via_MEP)	PWY-7790:_UMP_biosynthesis_II	1	0.058823529411764705	0.7278954311549983
PWY-5121:_superpathway_of_geranylgeranyl_diphosphate_biosynthesis_II_(via_MEP)	PWY-7791:_UMP_biosynthesis_III	1	0.058823529411764705	0.733321938633319
PWY-5121:_superpathway_of_geranylgeranyl_diphosphate_biosynthesis_II_(via_MEP)	PWY-7851:_coenzyme_A_biosynthesis_II_(eukaryotic)	1	0.09090909090909091	0.7150045471430573
PWY-5121:_superpathway_of_geranylgeranyl_diphosphate_biosynthesis_II_(via_MEP)	PWY-7953:_UDP-N-acetylmuramoyl-pentapeptide_biosynthesis_III_(meso-diaminopimelate_containing)	1	0.08333333333333333	0.8263281193427744
PWY-5121:_superpathway_of_geranylgeranyl_diphosphate_biosynthesis_II_(via_MEP)	PWY-7977:_L-methionine_biosynthesis_IV	1	0.16666666666666666	0.7626062817135805
PWY-5121:_superpathway_of_geranylgeranyl_diphosphate_biosynthesis_II_(via_MEP)	PWY0-1319:_CDP-diacylglycerol_biosynthesis_II	1	0.125	0.8271175557952328
PWY-5121:_superpathway_of_geranylgeranyl_diphosphate_biosynthesis_II_(via_MEP)	PWY0-1586:_peptidoglycan_maturation_(meso-diaminopimelate_containing)	1	0.2	0.7762114380755857
PWY-5121:_superpathway_of_geranylgeranyl_diphosphate_biosynthesis_II_(via_MEP)	PWY66-429:_fatty_acid_biosynthesis_initiation_(mitochondria)	1	0.1	0.7929108369385549
PWY-5121:_superpathway_of_geranylgeranyl_diphosphate_biosynthesis_II_(via_MEP)	PYRIDNUCSYN-PWY:_NAD_de_novo_biosynthesis_I_(from_aspartate)	1	0.16666666666666666	0.8230453014293522
PWY-5121:_superpathway_of_geranylgeranyl_diphosphate_biosynthesis_II_(via_MEP)	RHAMCAT-PWY:_L-rhamnose_degradation_I	1	0.25	0.8228979619045614
PWY-5121:_superpathway_of_geranylgeranyl_diphosphate_biosynthesis_II_(via_MEP)	RIBOSYN2-PWY:_flavin_biosynthesis_I_(bacteria_and_plants)	1	0.125	0.7907811859519663
PWY-5121:_superpathway_of_geranylgeranyl_diphosphate_biosynthesis_II_(via_MEP)	SER-GLYSYN-PWY:_superpathway_of_L-serine_and_glycine_biosynthesis_I	1	0.1	0.7421501664338861
PWY-5121:_superpathway_of_geranylgeranyl_diphosphate_biosynthesis_II_(via_MEP)	THRESYN-PWY:_superpathway_of_L-threonine_biosynthesis	1	0.3333333333333333	0.9317684740636819
PWY-5121:_superpathway_of_geranylgeranyl_diphosphate_biosynthesis_II_(via_MEP)	TRNA-CHARGING-PWY:_tRNA_charging	1	0.14285714285714285	0.7419794387357248
PWY-5121:_superpathway_of_geranylgeranyl_diphosphate_biosynthesis_II_(via_MEP)	VALSYN-PWY:_L-valine_biosynthesis	1	0.045454545454545456	0.7487950033178997
PWY-5130:_2-oxobutanoate_degradation_I	PWY-5188:_tetrapyrrole_biosynthesis_I_(from_glutamate)	3	0.3333333333333333	0.08528582867057277
PWY-5130:_2-oxobutanoate_degradation_I	PWY-5686:_UMP_biosynthesis_I	2	0.10526315789473684	0.11422511086649323
PWY-5130:_2-oxobutanoate_degradation_I	PWY-5695:_inosine_5'-phosphate_degradation	1	0.06666666666666667	0.12524216105772845
PWY-5130:_2-oxobutanoate_degradation_I	PWY-5837:_2-carboxy-1,4-naphthoquinol_biosynthesis	2	0.5	0.09903322582225915
PWY-5130:_2-oxobutanoate_degradation_I	PWY-6121:_5-aminoimidazole_ribonucleotide_biosynthesis_I	3	0.14285714285714285	0.14564679994967622
PWY-5130:_2-oxobutanoate_degradation_I	PWY-6122:_5-aminoimidazole_ribonucleotide_biosynthesis_II	3	0.12	0.14005401041703236
PWY-5130:_2-oxobutanoate_degradation_I	PWY-6123:_inosine-5'-phosphate_biosynthesis_I	4	0.5714285714285714	0.15510641563391725
PWY-5130:_2-oxobutanoate_degradation_I	PWY-6124:_inosine-5'-phosphate_biosynthesis_II	4	0.4	0.15718334760982433
PWY-5130:_2-oxobutanoate_degradation_I	PWY-6147:_6-hydroxymethyl-dihydropterin_diphosphate_biosynthesis_I	1	0.16666666666666666	0.1767851596429435
PWY-5130:_2-oxobutanoate_degradation_I	PWY-6163:_chorismate_biosynthesis_from_3-dehydroquinate	2	0.1111111111111111	0.014532315012448338
PWY-5130:_2-oxobutanoate_degradation_I	PWY-6277:_superpathway_of_5-aminoimidazole_ribonucleotide_biosynthesis	3	0.12	0.14005401041703236
PWY-5130:_2-oxobutanoate_degradation_I	PWY-6385:_peptidoglycan_biosynthesis_III_(mycobacteria)	3	0.21428571428571427	0.1247326797795889
PWY-5130:_2-oxobutanoate_degradation_I	PWY-6386:_UDP-N-acetylmuramoyl-pentapeptide_biosynthesis_II_(lysine-containing)	3	0.25	0.1202550405260091
PWY-5130:_2-oxobutanoate_degradation_I	PWY-6387:_UDP-N-acetylmuramoyl-pentapeptide_biosynthesis_I_(meso-diaminopimelate_containing)	3	0.1875	0.11660298352705334
PWY-5130:_2-oxobutanoate_degradation_I	PWY-6609:_adenine_and_adenosine_salvage_III	1	0.05	0.12047245179652055
PWY-5130:_2-oxobutanoate_degradation_I	PWY-6700:_queuosine_biosynthesis_I_(de_novo)	3	0.15789473684210525	0.00967682107454837
PWY-5130:_2-oxobutanoate_degradation_I	PWY-6703:_preQ0_biosynthesis	2	0.2222222222222222	0.01761204970510044
PWY-5130:_2-oxobutanoate_degradation_I	PWY-6823:_molybdopterin_biosynthesis	2	0.2222222222222222	0.0636046664442933
PWY-5130:_2-oxobutanoate_degradation_I	PWY-6936:_seleno-amino_acid_biosynthesis_(plants)	2	0.2222222222222222	0.11031268951826712
PWY-5130:_2-oxobutanoate_degradation_I	PWY-7221:_guanosine_ribonucleotides_de_novo_biosynthesis	3	0.17647058823529413	0.10631507774927818
PWY-5130:_2-oxobutanoate_degradation_I	PWY-7234:_inosine-5'-phosphate_biosynthesis_III	1	0.25	0.7544034082853482
PWY-5130:_2-oxobutanoate_degradation_I	PWY-7790:_UMP_biosynthesis_II	2	0.10526315789473684	0.10941659314168606
PWY-5130:_2-oxobutanoate_degradation_I	PWY-7791:_UMP_biosynthesis_III	2	0.10526315789473684	0.10405765217257634
PWY-5130:_2-oxobutanoate_degradation_I	PWY-7851:_coenzyme_A_biosynthesis_II_(eukaryotic)	2	0.15384615384615385	0.14796325778771113
PWY-5130:_2-oxobutanoate_degradation_I	PWY-7953:_UDP-N-acetylmuramoyl-pentapeptide_biosynthesis_III_(meso-diaminopimelate_containing)	3	0.23076923076923078	0.1275702393928425
PWY-5130:_2-oxobutanoate_degradation_I	PWY-7977:_L-methionine_biosynthesis_IV	1	0.1111111111111111	0.10896203315836295
PWY-5130:_2-oxobutanoate_degradation_I	PWY0-1241:_ADP-L-glycero-&beta;-D-manno-heptose_biosynthesis	2	0.5	0.11198729609736191
PWY-5130:_2-oxobutanoate_degradation_I	PWY66-429:_fatty_acid_biosynthesis_initiation_(mitochondria)	1	0.07692307692307693	0.005559483014515365
PWY-5130:_2-oxobutanoate_degradation_I	PYRIDNUCSYN-PWY:_NAD_de_novo_biosynthesis_I_(from_aspartate)	1	0.1111111111111111	0.14475926338875544
PWY-5130:_2-oxobutanoate_degradation_I	RIBOSYN2-PWY:_flavin_biosynthesis_I_(bacteria_and_plants)	2	0.2	0.012630445008610103
PWY-5130:_2-oxobutanoate_degradation_I	SER-GLYSYN-PWY:_superpathway_of_L-serine_and_glycine_biosynthesis_I	1	0.07692307692307693	0.17622038628274195
PWY-5130:_2-oxobutanoate_degradation_I	TRNA-CHARGING-PWY:_tRNA_charging	1	0.1	0.1353126587020932
PWY-5130:_2-oxobutanoate_degradation_I	UDPNAGSYN-PWY:_UDP-N-acetyl-D-glucosamine_biosynthesis_I	3	0.375	0.10092845579623655
PWY-5130:_2-oxobutanoate_degradation_I	VALSYN-PWY:_L-valine_biosynthesis	3	0.13043478260869565	0.015041012396162623
PWY-5188:_tetrapyrrole_biosynthesis_I_(from_glutamate)	PWY-5384:_sucrose_degradation_IV_(sucrose_phosphorylase)	2	0.2222222222222222	0.1346574639819429
PWY-5188:_tetrapyrrole_biosynthesis_I_(from_glutamate)	PWY-5659:_GDP-mannose_biosynthesis	1	0.09090909090909091	0.09905654463989211
PWY-5188:_tetrapyrrole_biosynthesis_I_(from_glutamate)	PWY-5667:_CDP-diacylglycerol_biosynthesis_I	1	0.06666666666666667	0.03413129944975879
PWY-5188:_tetrapyrrole_biosynthesis_I_(from_glutamate)	PWY-5686:_UMP_biosynthesis_I	4	0.19047619047619047	0.06104175006929746
PWY-5188:_tetrapyrrole_biosynthesis_I_(from_glutamate)	PWY-5695:_inosine_5'-phosphate_degradation	4	0.25	0.05668723025062494
PWY-5188:_tetrapyrrole_biosynthesis_I_(from_glutamate)	PWY-5837:_2-carboxy-1,4-naphthoquinol_biosynthesis	2	0.25	0.16450564815069413
PWY-5188:_tetrapyrrole_biosynthesis_I_(from_glutamate)	PWY-5941:_glycogen_degradation_II	3	0.25	0.26159539875594606
PWY-5188:_tetrapyrrole_biosynthesis_I_(from_glutamate)	PWY-6121:_5-aminoimidazole_ribonucleotide_biosynthesis_I	6	0.2727272727272727	0.0796916096275081
PWY-5188:_tetrapyrrole_biosynthesis_I_(from_glutamate)	PWY-6122:_5-aminoimidazole_ribonucleotide_biosynthesis_II	7	0.28	0.08982464512157018
PWY-5188:_tetrapyrrole_biosynthesis_I_(from_glutamate)	PWY-6123:_inosine-5'-phosphate_biosynthesis_I	3	0.25	0.014026555326096757
PWY-5188:_tetrapyrrole_biosynthesis_I_(from_glutamate)	PWY-6124:_inosine-5'-phosphate_biosynthesis_II	5	0.38461538461538464	0.034195689348005986
PWY-5188:_tetrapyrrole_biosynthesis_I_(from_glutamate)	PWY-6151:_S-adenosyl-L-methionine_salvage_I	4	0.2222222222222222	0.07807123548811534
PWY-5188:_tetrapyrrole_biosynthesis_I_(from_glutamate)	PWY-6163:_chorismate_biosynthesis_from_3-dehydroquinate	6	0.3333333333333333	0.07267915947434878
PWY-5188:_tetrapyrrole_biosynthesis_I_(from_glutamate)	PWY-621:_sucrose_degradation_III_(sucrose_invertase)	2	0.2	0.12669786535493932
PWY-5188:_tetrapyrrole_biosynthesis_I_(from_glutamate)	PWY-6270:_isoprene_biosynthesis_I	1	0.1111111111111111	0.14907782441485562
PWY-5188:_tetrapyrrole_biosynthesis_I_(from_glutamate)	PWY-6277:_superpathway_of_5-aminoimidazole_ribonucleotide_biosynthesis	7	0.28	0.08982464512157018
PWY-5188:_tetrapyrrole_biosynthesis_I_(from_glutamate)	PWY-6317:_D-galactose_degradation_I_(Leloir_pathway)	4	0.3333333333333333	0.39444615674656147
PWY-5188:_tetrapyrrole_biosynthesis_I_(from_glutamate)	PWY-6385:_peptidoglycan_biosynthesis_III_(mycobacteria)	4	0.23529411764705882	0.05509686580723461
PWY-5188:_tetrapyrrole_biosynthesis_I_(from_glutamate)	PWY-6386:_UDP-N-acetylmuramoyl-pentapeptide_biosynthesis_II_(lysine-containing)	3	0.1875	0.04216089921119315
PWY-5188:_tetrapyrrole_biosynthesis_I_(from_glutamate)	PWY-6387:_UDP-N-acetylmuramoyl-pentapeptide_biosynthesis_I_(meso-diaminopimelate_containing)	5	0.2777777777777778	0.061076491391651944
PWY-5188:_tetrapyrrole_biosynthesis_I_(from_glutamate)	PWY-6527:_stachyose_degradation	3	0.23076923076923078	0.3205134616036358
PWY-5188:_tetrapyrrole_biosynthesis_I_(from_glutamate)	PWY-6609:_adenine_and_adenosine_salvage_III	4	0.19047619047619047	0.05473925893895448
PWY-5188:_tetrapyrrole_biosynthesis_I_(from_glutamate)	PWY-6700:_queuosine_biosynthesis_I_(de_novo)	7	0.3684210526315789	0.0714142408003059
PWY-5188:_tetrapyrrole_biosynthesis_I_(from_glutamate)	PWY-6703:_preQ0_biosynthesis	4	0.36363636363636365	0.05503968033994533
PWY-5188:_tetrapyrrole_biosynthesis_I_(from_glutamate)	PWY-6823:_molybdopterin_biosynthesis	3	0.25	0.15379855831908562
PWY-5188:_tetrapyrrole_biosynthesis_I_(from_glutamate)	PWY-6897:_thiamine_diphosphate_salvage_II	1	0.1	0.061384561682728433
PWY-5188:_tetrapyrrole_biosynthesis_I_(from_glutamate)	PWY-6936:_seleno-amino_acid_biosynthesis_(plants)	4	0.36363636363636365	0.5237118141118156
PWY-5188:_tetrapyrrole_biosynthesis_I_(from_glutamate)	PWY-7111:_pyruvate_fermentation_to_isobutanol_(engineered)	3	0.23076923076923078	0.4658620917235201
PWY-5188:_tetrapyrrole_biosynthesis_I_(from_glutamate)	PWY-7221:_guanosine_ribonucleotides_de_novo_biosynthesis	5	0.2631578947368421	0.053693384919199394
PWY-5188:_tetrapyrrole_biosynthesis_I_(from_glutamate)	PWY-7228:_superpathway_of_guanosine_nucleotides_de_novo_biosynthesis_I	1	0.1	0.009938095274273029
PWY-5188:_tetrapyrrole_biosynthesis_I_(from_glutamate)	PWY-7237:_myo-,_chiro-_and_scyllo-inositol_degradation	1	0.058823529411764705	0.1303952154780449
PWY-5188:_tetrapyrrole_biosynthesis_I_(from_glutamate)	PWY-7238:_sucrose_biosynthesis_II	4	0.23529411764705882	0.18380329178074617
PWY-5188:_tetrapyrrole_biosynthesis_I_(from_glutamate)	PWY-7357:_thiamine_phosphate_formation_from_pyrithiamine_and_oxythiamine_(yeast)	2	0.18181818181818182	0.1298813597195685
PWY-5188:_tetrapyrrole_biosynthesis_I_(from_glutamate)	PWY-7456:_&beta;-(1,4)-mannan_degradation	1	0.125	0.22173000450943103
PWY-5188:_tetrapyrrole_biosynthesis_I_(from_glutamate)	PWY-7560:_methylerythritol_phosphate_pathway_II	1	0.1111111111111111	0.14967699485572028
PWY-5188:_tetrapyrrole_biosynthesis_I_(from_glutamate)	PWY-7790:_UMP_biosynthesis_II	4	0.19047619047619047	0.06123352484642208
PWY-5188:_tetrapyrrole_biosynthesis_I_(from_glutamate)	PWY-7791:_UMP_biosynthesis_III	4	0.19047619047619047	0.058111338111650035
PWY-5188:_tetrapyrrole_biosynthesis_I_(from_glutamate)	PWY-7851:_coenzyme_A_biosynthesis_II_(eukaryotic)	4	0.26666666666666666	0.07222444640479186
PWY-5188:_tetrapyrrole_biosynthesis_I_(from_glutamate)	PWY-7953:_UDP-N-acetylmuramoyl-pentapeptide_biosynthesis_III_(meso-diaminopimelate_containing)	4	0.25	0.05618791641761689
PWY-5188:_tetrapyrrole_biosynthesis_I_(from_glutamate)	PWY-7977:_L-methionine_biosynthesis_IV	1	0.07692307692307693	0.033045495664998814
PWY-5188:_tetrapyrrole_biosynthesis_I_(from_glutamate)	PWY-8178:_pentose_phosphate_pathway_(non-oxidative_branch)_II	2	0.15384615384615385	0.17664497815534674
PWY-5188:_tetrapyrrole_biosynthesis_I_(from_glutamate)	PWY0-1241:_ADP-L-glycero-&beta;-D-manno-heptose_biosynthesis	2	0.25	0.16247884755661335
PWY-5188:_tetrapyrrole_biosynthesis_I_(from_glutamate)	PWY0-1296:_purine_ribonucleosides_degradation	3	0.23076923076923078	0.22545555544209395
PWY-5188:_tetrapyrrole_biosynthesis_I_(from_glutamate)	PWY0-1319:_CDP-diacylglycerol_biosynthesis_II	1	0.06666666666666667	0.03413129944975879
PWY-5188:_tetrapyrrole_biosynthesis_I_(from_glutamate)	PWY66-429:_fatty_acid_biosynthesis_initiation_(mitochondria)	3	0.2	0.049948775042434446
PWY-5188:_tetrapyrrole_biosynthesis_I_(from_glutamate)	PYRIDNUCSYN-PWY:_NAD_de_novo_biosynthesis_I_(from_aspartate)	1	0.07692307692307693	0.01355801823566094
PWY-5188:_tetrapyrrole_biosynthesis_I_(from_glutamate)	RHAMCAT-PWY:_L-rhamnose_degradation_I	1	0.09090909090909091	0.033156674716456114
PWY-5188:_tetrapyrrole_biosynthesis_I_(from_glutamate)	RIBOSYN2-PWY:_flavin_biosynthesis_I_(bacteria_and_plants)	3	0.23076923076923078	0.03668867950218413
PWY-5188:_tetrapyrrole_biosynthesis_I_(from_glutamate)	SER-GLYSYN-PWY:_superpathway_of_L-serine_and_glycine_biosynthesis_I	3	0.2	0.06508983391049472
PWY-5188:_tetrapyrrole_biosynthesis_I_(from_glutamate)	THRESYN-PWY:_superpathway_of_L-threonine_biosynthesis	1	0.1	0.010479955115461292
PWY-5188:_tetrapyrrole_biosynthesis_I_(from_glutamate)	UDPNAGSYN-PWY:_UDP-N-acetyl-D-glucosamine_biosynthesis_I	5	0.5	0.3611325553069281
PWY-5188:_tetrapyrrole_biosynthesis_I_(from_glutamate)	VALSYN-PWY:_L-valine_biosynthesis	7	0.30434782608695654	0.07941481880738943
PWY-5384:_sucrose_degradation_IV_(sucrose_phosphorylase)	PWY-5659:_GDP-mannose_biosynthesis	1	0.16666666666666666	0.08132561444242192
PWY-5384:_sucrose_degradation_IV_(sucrose_phosphorylase)	PWY-5667:_CDP-diacylglycerol_biosynthesis_I	1	0.1	0.20986782422711003
PWY-5384:_sucrose_degradation_IV_(sucrose_phosphorylase)	PWY-5686:_UMP_biosynthesis_I	2	0.1111111111111111	0.24167491953398945
PWY-5384:_sucrose_degradation_IV_(sucrose_phosphorylase)	PWY-5695:_inosine_5'-phosphate_degradation	3	0.25	0.24200024621766725
PWY-5384:_sucrose_degradation_IV_(sucrose_phosphorylase)	PWY-5941:_glycogen_degradation_II	2	0.25	0.10037377403954406
PWY-5384:_sucrose_degradation_IV_(sucrose_phosphorylase)	PWY-5973:_cis-vaccenate_biosynthesis	1	0.25	0.2633779361983539
PWY-5384:_sucrose_degradation_IV_(sucrose_phosphorylase)	PWY-6121:_5-aminoimidazole_ribonucleotide_biosynthesis_I	3	0.15	0.26197385121145966
PWY-5384:_sucrose_degradation_IV_(sucrose_phosphorylase)	PWY-6122:_5-aminoimidazole_ribonucleotide_biosynthesis_II	3	0.125	0.23282094770811645
PWY-5384:_sucrose_degradation_IV_(sucrose_phosphorylase)	PWY-6123:_inosine-5'-phosphate_biosynthesis_I	1	0.1111111111111111	0.26282338530209304
PWY-5384:_sucrose_degradation_IV_(sucrose_phosphorylase)	PWY-6124:_inosine-5'-phosphate_biosynthesis_II	2	0.18181818181818182	0.266403880527311
PWY-5384:_sucrose_degradation_IV_(sucrose_phosphorylase)	PWY-6125:_superpathway_of_guanosine_nucleotides_de_novo_biosynthesis_II	1	0.25	0.2984392341105513
PWY-5384:_sucrose_degradation_IV_(sucrose_phosphorylase)	PWY-6126:_superpathway_of_adenosine_nucleotides_de_novo_biosynthesis_II	1	0.25	0.24720340846638955
PWY-5384:_sucrose_degradation_IV_(sucrose_phosphorylase)	PWY-6147:_6-hydroxymethyl-dihydropterin_diphosphate_biosynthesis_I	1	0.2	0.2684446405888766
PWY-5384:_sucrose_degradation_IV_(sucrose_phosphorylase)	PWY-6151:_S-adenosyl-L-methionine_salvage_I	2	0.13333333333333333	0.03049397585125624
PWY-5384:_sucrose_degradation_IV_(sucrose_phosphorylase)	PWY-6163:_chorismate_biosynthesis_from_3-dehydroquinate	3	0.1875	0.25211238045281226
PWY-5384:_sucrose_degradation_IV_(sucrose_phosphorylase)	PWY-621:_sucrose_degradation_III_(sucrose_invertase)	3	0.75	0.9783085002941354
PWY-5384:_sucrose_degradation_IV_(sucrose_phosphorylase)	PWY-6270:_isoprene_biosynthesis_I	1	0.25	0.8649722232768537
PWY-5384:_sucrose_degradation_IV_(sucrose_phosphorylase)	PWY-6277:_superpathway_of_5-aminoimidazole_ribonucleotide_biosynthesis	3	0.125	0.23282094770811645
PWY-5384:_sucrose_degradation_IV_(sucrose_phosphorylase)	PWY-6317:_D-galactose_degradation_I_(Leloir_pathway)	2	0.2222222222222222	0.11450554230864574
PWY-5384:_sucrose_degradation_IV_(sucrose_phosphorylase)	PWY-6385:_peptidoglycan_biosynthesis_III_(mycobacteria)	1	0.06666666666666667	0.2685955019490537
PWY-5384:_sucrose_degradation_IV_(sucrose_phosphorylase)	PWY-6386:_UDP-N-acetylmuramoyl-pentapeptide_biosynthesis_II_(lysine-containing)	1	0.07692307692307693	0.23133125809732946
PWY-5384:_sucrose_degradation_IV_(sucrose_phosphorylase)	PWY-6387:_UDP-N-acetylmuramoyl-pentapeptide_biosynthesis_I_(meso-diaminopimelate_containing)	1	0.058823529411764705	0.23083031738719573
PWY-5384:_sucrose_degradation_IV_(sucrose_phosphorylase)	PWY-6527:_stachyose_degradation	2	0.2222222222222222	0.1394275512218811
PWY-5384:_sucrose_degradation_IV_(sucrose_phosphorylase)	PWY-6572:_chondroitin_sulfate_degradation_I_(bacterial)	1	0.3333333333333333	0.7552609221075214
PWY-5384:_sucrose_degradation_IV_(sucrose_phosphorylase)	PWY-6609:_adenine_and_adenosine_salvage_III	2	0.1111111111111111	0.22120344288875327
PWY-5384:_sucrose_degradation_IV_(sucrose_phosphorylase)	PWY-6700:_queuosine_biosynthesis_I_(de_novo)	3	0.16666666666666666	0.25205433512916486
PWY-5384:_sucrose_degradation_IV_(sucrose_phosphorylase)	PWY-6703:_preQ0_biosynthesis	1	0.1111111111111111	0.2674519850327598
PWY-5384:_sucrose_degradation_IV_(sucrose_phosphorylase)	PWY-6823:_molybdopterin_biosynthesis	1	0.1111111111111111	0.05287248588540361
PWY-5384:_sucrose_degradation_IV_(sucrose_phosphorylase)	PWY-6902:_chitin_degradation_II_(Vibrio)	1	0.25	0.5170383632095416
PWY-5384:_sucrose_degradation_IV_(sucrose_phosphorylase)	PWY-6936:_seleno-amino_acid_biosynthesis_(plants)	1	0.1111111111111111	0.09182408091577454
PWY-5384:_sucrose_degradation_IV_(sucrose_phosphorylase)	PWY-7111:_pyruvate_fermentation_to_isobutanol_(engineered)	2	0.2222222222222222	0.10646327721927729
PWY-5384:_sucrose_degradation_IV_(sucrose_phosphorylase)	PWY-7199:_pyrimidine_deoxyribonucleosides_salvage	1	0.2	0.3028659317152478
PWY-5384:_sucrose_degradation_IV_(sucrose_phosphorylase)	PWY-7220:_adenosine_deoxyribonucleotides_de_novo_biosynthesis_II	1	0.25	0.2637524285990406
PWY-5384:_sucrose_degradation_IV_(sucrose_phosphorylase)	PWY-7221:_guanosine_ribonucleotides_de_novo_biosynthesis	2	0.11764705882352941	0.2329195180519904
PWY-5384:_sucrose_degradation_IV_(sucrose_phosphorylase)	PWY-7222:_guanosine_deoxyribonucleotides_de_novo_biosynthesis_II	1	0.25	0.2637524285990406
PWY-5384:_sucrose_degradation_IV_(sucrose_phosphorylase)	PWY-7228:_superpathway_of_guanosine_nucleotides_de_novo_biosynthesis_I	1	0.2	0.26452862604155014
PWY-5384:_sucrose_degradation_IV_(sucrose_phosphorylase)	PWY-7229:_superpathway_of_adenosine_nucleotides_de_novo_biosynthesis_I	1	0.25	0.23519687764961927
PWY-5384:_sucrose_degradation_IV_(sucrose_phosphorylase)	PWY-7238:_sucrose_biosynthesis_II	2	0.14285714285714285	0.06483493549195218
PWY-5384:_sucrose_degradation_IV_(sucrose_phosphorylase)	PWY-7357:_thiamine_phosphate_formation_from_pyrithiamine_and_oxythiamine_(yeast)	1	0.14285714285714285	0.04953369815574005
PWY-5384:_sucrose_degradation_IV_(sucrose_phosphorylase)	PWY-7456:_&beta;-(1,4)-mannan_degradation	1	0.3333333333333333	0.1172676906006237
PWY-5384:_sucrose_degradation_IV_(sucrose_phosphorylase)	PWY-7560:_methylerythritol_phosphate_pathway_II	1	0.25	0.8638450203380871
PWY-5384:_sucrose_degradation_IV_(sucrose_phosphorylase)	PWY-7663:_gondoate_biosynthesis_(anaerobic)	1	0.25	0.26840975806609213
PWY-5384:_sucrose_degradation_IV_(sucrose_phosphorylase)	PWY-7790:_UMP_biosynthesis_II	2	0.1111111111111111	0.24236706561715093
PWY-5384:_sucrose_degradation_IV_(sucrose_phosphorylase)	PWY-7791:_UMP_biosynthesis_III	2	0.1111111111111111	0.23105070027373387
PWY-5384:_sucrose_degradation_IV_(sucrose_phosphorylase)	PWY-7851:_coenzyme_A_biosynthesis_II_(eukaryotic)	2	0.16666666666666666	0.23686730823734725
PWY-5384:_sucrose_degradation_IV_(sucrose_phosphorylase)	PWY-7953:_UDP-N-acetylmuramoyl-pentapeptide_biosynthesis_III_(meso-diaminopimelate_containing)	1	0.07142857142857142	0.2404657799482004
PWY-5384:_sucrose_degradation_IV_(sucrose_phosphorylase)	PWY-7977:_L-methionine_biosynthesis_IV	1	0.125	0.2657747968157539
PWY-5384:_sucrose_degradation_IV_(sucrose_phosphorylase)	PWY-8178:_pentose_phosphate_pathway_(non-oxidative_branch)_II	2	0.25	0.7789034213091913
PWY-5384:_sucrose_degradation_IV_(sucrose_phosphorylase)	PWY0-1296:_purine_ribonucleosides_degradation	1	0.1	0.029105013310730454
PWY-5384:_sucrose_degradation_IV_(sucrose_phosphorylase)	PWY0-1319:_CDP-diacylglycerol_biosynthesis_II	1	0.1	0.20986782422711003
PWY-5384:_sucrose_degradation_IV_(sucrose_phosphorylase)	PWY0-1586:_peptidoglycan_maturation_(meso-diaminopimelate_containing)	1	0.14285714285714285	0.3015550974958172
PWY-5384:_sucrose_degradation_IV_(sucrose_phosphorylase)	PWY0-162:_superpathway_of_pyrimidine_ribonucleotides_de_novo_biosynthesis	1	0.3333333333333333	0.9280492853548318
PWY-5384:_sucrose_degradation_IV_(sucrose_phosphorylase)	PWY0-845:_superpathway_of_pyridoxal_5'-phosphate_biosynthesis_and_salvage	1	0.3333333333333333	0.9341866026067939
PWY-5384:_sucrose_degradation_IV_(sucrose_phosphorylase)	PWY66-429:_fatty_acid_biosynthesis_initiation_(mitochondria)	1	0.08333333333333333	0.2450852690101437
PWY-5384:_sucrose_degradation_IV_(sucrose_phosphorylase)	PYRIDNUCSYN-PWY:_NAD_de_novo_biosynthesis_I_(from_aspartate)	2	0.2857142857142857	0.2542644343471724
PWY-5384:_sucrose_degradation_IV_(sucrose_phosphorylase)	PYRIDOXSYN-PWY:_pyridoxal_5'-phosphate_biosynthesis_I	1	0.3333333333333333	0.9302084387495299
PWY-5384:_sucrose_degradation_IV_(sucrose_phosphorylase)	RHAMCAT-PWY:_L-rhamnose_degradation_I	1	0.16666666666666666	0.2665774897003711
PWY-5384:_sucrose_degradation_IV_(sucrose_phosphorylase)	RIBOSYN2-PWY:_flavin_biosynthesis_I_(bacteria_and_plants)	1	0.1	0.24414566950594374
PWY-5384:_sucrose_degradation_IV_(sucrose_phosphorylase)	SER-GLYSYN-PWY:_superpathway_of_L-serine_and_glycine_biosynthesis_I	2	0.18181818181818182	0.2638556107434433
PWY-5384:_sucrose_degradation_IV_(sucrose_phosphorylase)	TRNA-CHARGING-PWY:_tRNA_charging	1	0.1111111111111111	0.25773003236411096
PWY-5384:_sucrose_degradation_IV_(sucrose_phosphorylase)	UDPNAGSYN-PWY:_UDP-N-acetyl-D-glucosamine_biosynthesis_I	1	0.1111111111111111	0.09852609695910375
PWY-5384:_sucrose_degradation_IV_(sucrose_phosphorylase)	VALSYN-PWY:_L-valine_biosynthesis	3	0.13636363636363635	0.2536746871871347
PWY-5659:_GDP-mannose_biosynthesis	PWY-5667:_CDP-diacylglycerol_biosynthesis_I	2	0.2	0.10130655281451217
PWY-5659:_GDP-mannose_biosynthesis	PWY-5686:_UMP_biosynthesis_I	2	0.10526315789473684	0.08702000348764849
PWY-5659:_GDP-mannose_biosynthesis	PWY-5695:_inosine_5'-phosphate_degradation	4	0.3333333333333333	0.13183661167131
PWY-5659:_GDP-mannose_biosynthesis	PWY-5941:_glycogen_degradation_II	3	0.375	0.4547073872553513
PWY-5659:_GDP-mannose_biosynthesis	PWY-6121:_5-aminoimidazole_ribonucleotide_biosynthesis_I	4	0.2	0.14113478454312356
PWY-5659:_GDP-mannose_biosynthesis	PWY-6122:_5-aminoimidazole_ribonucleotide_biosynthesis_II	4	0.16666666666666666	0.1436993791532416
PWY-5659:_GDP-mannose_biosynthesis	PWY-6123:_inosine-5'-phosphate_biosynthesis_I	1	0.1	0.08898571801693334
PWY-5659:_GDP-mannose_biosynthesis	PWY-6124:_inosine-5'-phosphate_biosynthesis_II	2	0.16666666666666666	0.09797715996638123
PWY-5659:_GDP-mannose_biosynthesis	PWY-6151:_S-adenosyl-L-methionine_salvage_I	2	0.125	0.11626417986412962
PWY-5659:_GDP-mannose_biosynthesis	PWY-6163:_chorismate_biosynthesis_from_3-dehydroquinate	4	0.25	0.12721741841549183
PWY-5659:_GDP-mannose_biosynthesis	PWY-621:_sucrose_degradation_III_(sucrose_invertase)	1	0.14285714285714285	0.07994423045111898
PWY-5659:_GDP-mannose_biosynthesis	PWY-6277:_superpathway_of_5-aminoimidazole_ribonucleotide_biosynthesis	4	0.16666666666666666	0.1436993791532416
PWY-5659:_GDP-mannose_biosynthesis	PWY-6317:_D-galactose_degradation_I_(Leloir_pathway)	3	0.3333333333333333	0.5698455211999847
PWY-5659:_GDP-mannose_biosynthesis	PWY-6385:_peptidoglycan_biosynthesis_III_(mycobacteria)	1	0.0625	0.06449010355097762
PWY-5659:_GDP-mannose_biosynthesis	PWY-6386:_UDP-N-acetylmuramoyl-pentapeptide_biosynthesis_II_(lysine-containing)	1	0.07142857142857142	0.08517699724207606
PWY-5659:_GDP-mannose_biosynthesis	PWY-6387:_UDP-N-acetylmuramoyl-pentapeptide_biosynthesis_I_(meso-diaminopimelate_containing)	1	0.05555555555555555	0.07980642512256586
PWY-5659:_GDP-mannose_biosynthesis	PWY-6507:_4-deoxy-L-threo-hex-4-enopyranuronate_degradation	1	0.25	0.5117124098611614
PWY-5659:_GDP-mannose_biosynthesis	PWY-6527:_stachyose_degradation	3	0.3333333333333333	0.4427580427043313
PWY-5659:_GDP-mannose_biosynthesis	PWY-6608:_guanosine_nucleotides_degradation_III	2	0.5	0.7269699041341089
PWY-5659:_GDP-mannose_biosynthesis	PWY-6609:_adenine_and_adenosine_salvage_III	2	0.10526315789473684	0.10284460718734145
PWY-5659:_GDP-mannose_biosynthesis	PWY-6700:_queuosine_biosynthesis_I_(de_novo)	3	0.15789473684210525	0.10040775326661422
PWY-5659:_GDP-mannose_biosynthesis	PWY-6823:_molybdopterin_biosynthesis	1	0.1	0.46192575739887565
PWY-5659:_GDP-mannose_biosynthesis	PWY-6897:_thiamine_diphosphate_salvage_II	1	0.16666666666666666	0.49790737022208076
PWY-5659:_GDP-mannose_biosynthesis	PWY-6936:_seleno-amino_acid_biosynthesis_(plants)	1	0.1	0.14092452014754264
PWY-5659:_GDP-mannose_biosynthesis	PWY-7111:_pyruvate_fermentation_to_isobutanol_(engineered)	3	0.3333333333333333	0.3723440392063121
PWY-5659:_GDP-mannose_biosynthesis	PWY-7221:_guanosine_ribonucleotides_de_novo_biosynthesis	3	0.17647058823529413	0.11343608863714894
PWY-5659:_GDP-mannose_biosynthesis	PWY-7237:_myo-,_chiro-_and_scyllo-inositol_degradation	2	0.16666666666666666	0.36123987768464505
PWY-5659:_GDP-mannose_biosynthesis	PWY-7238:_sucrose_biosynthesis_II	3	0.21428571428571427	0.26627027672312276
PWY-5659:_GDP-mannose_biosynthesis	PWY-7242:_D-fructuronate_degradation	1	0.25	0.5204174330447265
PWY-5659:_GDP-mannose_biosynthesis	PWY-724:_superpathway_of_L-lysine,_L-threonine_and_L-methionine_biosynthesis_II	1	0.25	0.680508254560092
PWY-5659:_GDP-mannose_biosynthesis	PWY-7357:_thiamine_phosphate_formation_from_pyrithiamine_and_oxythiamine_(yeast)	1	0.125	0.4319860204532754
PWY-5659:_GDP-mannose_biosynthesis	PWY-7456:_&beta;-(1,4)-mannan_degradation	1	0.25	0.21046633428065953
PWY-5659:_GDP-mannose_biosynthesis	PWY-7790:_UMP_biosynthesis_II	2	0.10526315789473684	0.08728521002195633
PWY-5659:_GDP-mannose_biosynthesis	PWY-7791:_UMP_biosynthesis_III	2	0.10526315789473684	0.0829613235371206
PWY-5659:_GDP-mannose_biosynthesis	PWY-7851:_coenzyme_A_biosynthesis_II_(eukaryotic)	1	0.07142857142857142	0.09632590036970845
PWY-5659:_GDP-mannose_biosynthesis	PWY-7977:_L-methionine_biosynthesis_IV	2	0.25	0.1273010386300656
PWY-5659:_GDP-mannose_biosynthesis	PWY-8178:_pentose_phosphate_pathway_(non-oxidative_branch)_II	1	0.1	0.06422088977004925
PWY-5659:_GDP-mannose_biosynthesis	PWY0-1296:_purine_ribonucleosides_degradation	1	0.09090909090909091	0.31222325818674057
PWY-5659:_GDP-mannose_biosynthesis	PWY0-1319:_CDP-diacylglycerol_biosynthesis_II	2	0.2	0.10130655281451217
PWY-5659:_GDP-mannose_biosynthesis	PWY0-1586:_peptidoglycan_maturation_(meso-diaminopimelate_containing)	1	0.125	0.0384053919674846
PWY-5659:_GDP-mannose_biosynthesis	PYRIDNUCSYN-PWY:_NAD_de_novo_biosynthesis_I_(from_aspartate)	2	0.25	0.05600654717275366
PWY-5659:_GDP-mannose_biosynthesis	RHAMCAT-PWY:_L-rhamnose_degradation_I	1	0.14285714285714285	0.013235229429967355
PWY-5659:_GDP-mannose_biosynthesis	RIBOSYN2-PWY:_flavin_biosynthesis_I_(bacteria_and_plants)	1	0.09090909090909091	0.08223030963758615
PWY-5659:_GDP-mannose_biosynthesis	SALVADEHYPOX-PWY:_adenosine_nucleotides_degradation_II	1	0.25	0.6395358423750118
PWY-5659:_GDP-mannose_biosynthesis	SER-GLYSYN-PWY:_superpathway_of_L-serine_and_glycine_biosynthesis_I	2	0.16666666666666666	0.05464558872786773
PWY-5659:_GDP-mannose_biosynthesis	THISYNARA-PWY:_superpathway_of_thiamine_diphosphate_biosynthesis_III_(eukaryotes)	1	0.16666666666666666	0.5750198924848569
PWY-5659:_GDP-mannose_biosynthesis	THRESYN-PWY:_superpathway_of_L-threonine_biosynthesis	1	0.16666666666666666	0.09250270342386668
PWY-5659:_GDP-mannose_biosynthesis	TRNA-CHARGING-PWY:_tRNA_charging	2	0.2222222222222222	0.12579183274445593
PWY-5659:_GDP-mannose_biosynthesis	UDPNAGSYN-PWY:_UDP-N-acetyl-D-glucosamine_biosynthesis_I	1	0.1	0.15720986693674666
PWY-5659:_GDP-mannose_biosynthesis	VALSYN-PWY:_L-valine_biosynthesis	3	0.13043478260869565	0.10366231464162445
PWY-5667:_CDP-diacylglycerol_biosynthesis_I	PWY-5686:_UMP_biosynthesis_I	7	0.3888888888888889	0.8897682417301445
PWY-5667:_CDP-diacylglycerol_biosynthesis_I	PWY-5695:_inosine_5'-phosphate_degradation	5	0.3333333333333333	0.8142349295070042
PWY-5667:_CDP-diacylglycerol_biosynthesis_I	PWY-5941:_glycogen_degradation_II	3	0.25	0.21036037608930114
PWY-5667:_CDP-diacylglycerol_biosynthesis_I	PWY-5973:_cis-vaccenate_biosynthesis	2	0.25	0.8275519437629517
PWY-5667:_CDP-diacylglycerol_biosynthesis_I	PWY-6121:_5-aminoimidazole_ribonucleotide_biosynthesis_I	7	0.3333333333333333	0.8563454950243564
PWY-5667:_CDP-diacylglycerol_biosynthesis_I	PWY-6122:_5-aminoimidazole_ribonucleotide_biosynthesis_II	8	0.3333333333333333	0.8429765836003045
PWY-5667:_CDP-diacylglycerol_biosynthesis_I	PWY-6123:_inosine-5'-phosphate_biosynthesis_I	3	0.25	0.8901340476535161
PWY-5667:_CDP-diacylglycerol_biosynthesis_I	PWY-6124:_inosine-5'-phosphate_biosynthesis_II	3	0.2	0.8965885165373408
PWY-5667:_CDP-diacylglycerol_biosynthesis_I	PWY-6125:_superpathway_of_guanosine_nucleotides_de_novo_biosynthesis_II	2	0.25	0.8902912135547039
PWY-5667:_CDP-diacylglycerol_biosynthesis_I	PWY-6126:_superpathway_of_adenosine_nucleotides_de_novo_biosynthesis_II	2	0.25	0.7962991596429152
PWY-5667:_CDP-diacylglycerol_biosynthesis_I	PWY-6147:_6-hydroxymethyl-dihydropterin_diphosphate_biosynthesis_I	2	0.2222222222222222	0.8370284079795722
PWY-5667:_CDP-diacylglycerol_biosynthesis_I	PWY-6151:_S-adenosyl-L-methionine_salvage_I	5	0.29411764705882354	0.8531249987961282
PWY-5667:_CDP-diacylglycerol_biosynthesis_I	PWY-6163:_chorismate_biosynthesis_from_3-dehydroquinate	6	0.3333333333333333	0.8781397264689971
PWY-5667:_CDP-diacylglycerol_biosynthesis_I	PWY-621:_sucrose_degradation_III_(sucrose_invertase)	1	0.09090909090909091	0.2086302255862772
PWY-5667:_CDP-diacylglycerol_biosynthesis_I	PWY-6270:_isoprene_biosynthesis_I	2	0.25	0.2503098517773069
PWY-5667:_CDP-diacylglycerol_biosynthesis_I	PWY-6277:_superpathway_of_5-aminoimidazole_ribonucleotide_biosynthesis	8	0.3333333333333333	0.8429765836003045
PWY-5667:_CDP-diacylglycerol_biosynthesis_I	PWY-6317:_D-galactose_degradation_I_(Leloir_pathway)	3	0.23076923076923078	0.18887966823490254
PWY-5667:_CDP-diacylglycerol_biosynthesis_I	PWY-6385:_peptidoglycan_biosynthesis_III_(mycobacteria)	6	0.4	0.8734106825660707
PWY-5667:_CDP-diacylglycerol_biosynthesis_I	PWY-6386:_UDP-N-acetylmuramoyl-pentapeptide_biosynthesis_II_(lysine-containing)	6	0.46153846153846156	0.9385370838749062
PWY-5667:_CDP-diacylglycerol_biosynthesis_I	PWY-6387:_UDP-N-acetylmuramoyl-pentapeptide_biosynthesis_I_(meso-diaminopimelate_containing)	6	0.35294117647058826	0.8985212377744612
PWY-5667:_CDP-diacylglycerol_biosynthesis_I	PWY-6507:_4-deoxy-L-threo-hex-4-enopyranuronate_degradation	1	0.125	0.17883378399385919
PWY-5667:_CDP-diacylglycerol_biosynthesis_I	PWY-6527:_stachyose_degradation	3	0.23076923076923078	0.06795195312419477
PWY-5667:_CDP-diacylglycerol_biosynthesis_I	PWY-6572:_chondroitin_sulfate_degradation_I_(bacterial)	1	0.125	0.1988842633584338
PWY-5667:_CDP-diacylglycerol_biosynthesis_I	PWY-6588:_pyruvate_fermentation_to_acetone	1	0.125	0.007573197108708407
PWY-5667:_CDP-diacylglycerol_biosynthesis_I	PWY-6608:_guanosine_nucleotides_degradation_III	2	0.25	0.09868754404851443
PWY-5667:_CDP-diacylglycerol_biosynthesis_I	PWY-6609:_adenine_and_adenosine_salvage_III	7	0.3888888888888889	0.8493871651039545
PWY-5667:_CDP-diacylglycerol_biosynthesis_I	PWY-6700:_queuosine_biosynthesis_I_(de_novo)	7	0.3684210526315789	0.8631029927313539
PWY-5667:_CDP-diacylglycerol_biosynthesis_I	PWY-6703:_preQ0_biosynthesis	3	0.25	0.8591737731738762
PWY-5667:_CDP-diacylglycerol_biosynthesis_I	PWY-6823:_molybdopterin_biosynthesis	2	0.15384615384615385	0.1624350323712035
PWY-5667:_CDP-diacylglycerol_biosynthesis_I	PWY-6876:_isopropanol_biosynthesis_(engineered)	1	0.125	0.007582363804483405
PWY-5667:_CDP-diacylglycerol_biosynthesis_I	PWY-6897:_thiamine_diphosphate_salvage_II	2	0.2222222222222222	0.1856135484704985
PWY-5667:_CDP-diacylglycerol_biosynthesis_I	PWY-6902:_chitin_degradation_II_(Vibrio)	1	0.1111111111111111	0.17172314380039
PWY-5667:_CDP-diacylglycerol_biosynthesis_I	PWY-6936:_seleno-amino_acid_biosynthesis_(plants)	1	0.07142857142857142	0.040725997961174154
PWY-5667:_CDP-diacylglycerol_biosynthesis_I	PWY-7111:_pyruvate_fermentation_to_isobutanol_(engineered)	4	0.3333333333333333	0.09720993824000856
PWY-5667:_CDP-diacylglycerol_biosynthesis_I	PWY-7199:_pyrimidine_deoxyribonucleosides_salvage	2	0.2222222222222222	0.8437609533466807
PWY-5667:_CDP-diacylglycerol_biosynthesis_I	PWY-7220:_adenosine_deoxyribonucleotides_de_novo_biosynthesis_II	2	0.25	0.8282573627542476
PWY-5667:_CDP-diacylglycerol_biosynthesis_I	PWY-7221:_guanosine_ribonucleotides_de_novo_biosynthesis	7	0.4117647058823529	0.8747816325224431
PWY-5667:_CDP-diacylglycerol_biosynthesis_I	PWY-7222:_guanosine_deoxyribonucleotides_de_novo_biosynthesis_II	2	0.25	0.8282573627542476
PWY-5667:_CDP-diacylglycerol_biosynthesis_I	PWY-7228:_superpathway_of_guanosine_nucleotides_de_novo_biosynthesis_I	2	0.2222222222222222	0.8297169085868544
PWY-5667:_CDP-diacylglycerol_biosynthesis_I	PWY-7229:_superpathway_of_adenosine_nucleotides_de_novo_biosynthesis_I	2	0.25	0.7720621259484699
PWY-5667:_CDP-diacylglycerol_biosynthesis_I	PWY-7237:_myo-,_chiro-_and_scyllo-inositol_degradation	5	0.38461538461538464	0.23027254427282728
PWY-5667:_CDP-diacylglycerol_biosynthesis_I	PWY-7238:_sucrose_biosynthesis_II	5	0.3125	0.21131598870542845
PWY-5667:_CDP-diacylglycerol_biosynthesis_I	PWY-7242:_D-fructuronate_degradation	1	0.125	0.17937581001960745
PWY-5667:_CDP-diacylglycerol_biosynthesis_I	PWY-724:_superpathway_of_L-lysine,_L-threonine_and_L-methionine_biosynthesis_II	1	0.125	0.09507492755323887
PWY-5667:_CDP-diacylglycerol_biosynthesis_I	PWY-7357:_thiamine_phosphate_formation_from_pyrithiamine_and_oxythiamine_(yeast)	2	0.18181818181818182	0.18664921470556584
PWY-5667:_CDP-diacylglycerol_biosynthesis_I	PWY-7560:_methylerythritol_phosphate_pathway_II	2	0.25	0.2505147483185288
PWY-5667:_CDP-diacylglycerol_biosynthesis_I	PWY-7663:_gondoate_biosynthesis_(anaerobic)	2	0.25	0.8286977989700218
PWY-5667:_CDP-diacylglycerol_biosynthesis_I	PWY-7790:_UMP_biosynthesis_II	7	0.3888888888888889	0.8913775650175093
PWY-5667:_CDP-diacylglycerol_biosynthesis_I	PWY-7791:_UMP_biosynthesis_III	7	0.3888888888888889	0.8698279968851008
PWY-5667:_CDP-diacylglycerol_biosynthesis_I	PWY-7851:_coenzyme_A_biosynthesis_II_(eukaryotic)	5	0.35714285714285715	0.8596979925617156
PWY-5667:_CDP-diacylglycerol_biosynthesis_I	PWY-7953:_UDP-N-acetylmuramoyl-pentapeptide_biosynthesis_III_(meso-diaminopimelate_containing)	5	0.3333333333333333	0.883050766367337
PWY-5667:_CDP-diacylglycerol_biosynthesis_I	PWY-7977:_L-methionine_biosynthesis_IV	4	0.4	0.8730936405070722
PWY-5667:_CDP-diacylglycerol_biosynthesis_I	PWY-8178:_pentose_phosphate_pathway_(non-oxidative_branch)_II	4	0.36363636363636365	0.2611547148866822
PWY-5667:_CDP-diacylglycerol_biosynthesis_I	PWY0-1061:_superpathway_of_L-alanine_biosynthesis	1	0.1111111111111111	0.011819632093720167
PWY-5667:_CDP-diacylglycerol_biosynthesis_I	PWY0-1296:_purine_ribonucleosides_degradation	3	0.23076923076923078	0.21511736004295978
PWY-5667:_CDP-diacylglycerol_biosynthesis_I	PWY0-1319:_CDP-diacylglycerol_biosynthesis_II	8	1.0	1.0
PWY-5667:_CDP-diacylglycerol_biosynthesis_I	PWY0-1477:_ethanolamine_utilization	1	0.125	0.0075725491019901225
PWY-5667:_CDP-diacylglycerol_biosynthesis_I	PWY0-1586:_peptidoglycan_maturation_(meso-diaminopimelate_containing)	4	0.4444444444444444	0.835254052905794
PWY-5667:_CDP-diacylglycerol_biosynthesis_I	PWY0-162:_superpathway_of_pyrimidine_ribonucleotides_de_novo_biosynthesis	1	0.125	0.21428370065739777
PWY-5667:_CDP-diacylglycerol_biosynthesis_I	PWY0-845:_superpathway_of_pyridoxal_5'-phosphate_biosynthesis_and_salvage	1	0.125	0.21288127158608783
PWY-5667:_CDP-diacylglycerol_biosynthesis_I	PWY66-429:_fatty_acid_biosynthesis_initiation_(mitochondria)	3	0.2	0.814842127439882
PWY-5667:_CDP-diacylglycerol_biosynthesis_I	PYRIDNUCSYN-PWY:_NAD_de_novo_biosynthesis_I_(from_aspartate)	3	0.2727272727272727	0.828159085127151
PWY-5667:_CDP-diacylglycerol_biosynthesis_I	PYRIDOXSYN-PWY:_pyridoxal_5'-phosphate_biosynthesis_I	1	0.125	0.2126111572855729
PWY-5667:_CDP-diacylglycerol_biosynthesis_I	RHAMCAT-PWY:_L-rhamnose_degradation_I	4	0.5	0.8620296506131763
PWY-5667:_CDP-diacylglycerol_biosynthesis_I	RIBOSYN2-PWY:_flavin_biosynthesis_I_(bacteria_and_plants)	5	0.45454545454545453	0.9020594352900206
PWY-5667:_CDP-diacylglycerol_biosynthesis_I	SALVADEHYPOX-PWY:_adenosine_nucleotides_degradation_II	1	0.125	0.08702584955695192
PWY-5667:_CDP-diacylglycerol_biosynthesis_I	SER-GLYSYN-PWY:_superpathway_of_L-serine_and_glycine_biosynthesis_I	4	0.2857142857142857	0.798759085035806
PWY-5667:_CDP-diacylglycerol_biosynthesis_I	THISYNARA-PWY:_superpathway_of_thiamine_diphosphate_biosynthesis_III_(eukaryotes)	2	0.2222222222222222	0.0915640030720416
PWY-5667:_CDP-diacylglycerol_biosynthesis_I	THRESYN-PWY:_superpathway_of_L-threonine_biosynthesis	2	0.2222222222222222	0.8399023209478665
PWY-5667:_CDP-diacylglycerol_biosynthesis_I	TRNA-CHARGING-PWY:_tRNA_charging	4	0.36363636363636365	0.87419183775943
PWY-5667:_CDP-diacylglycerol_biosynthesis_I	VALSYN-PWY:_L-valine_biosynthesis	8	0.36363636363636365	0.8895100017401164
PWY-5686:_UMP_biosynthesis_I	PWY-5695:_inosine_5'-phosphate_degradation	8	0.38095238095238093	0.834321170895294
PWY-5686:_UMP_biosynthesis_I	PWY-5837:_2-carboxy-1,4-naphthoquinol_biosynthesis	1	0.05555555555555555	0.004492002597875633
PWY-5686:_UMP_biosynthesis_I	PWY-5941:_glycogen_degradation_II	5	0.2631578947368421	0.24504104823943695
PWY-5686:_UMP_biosynthesis_I	PWY-5973:_cis-vaccenate_biosynthesis	2	0.11764705882352941	0.7809343087433891
PWY-5686:_UMP_biosynthesis_I	PWY-6121:_5-aminoimidazole_ribonucleotide_biosynthesis_I	15	0.6818181818181818	0.8992130853766562
PWY-5686:_UMP_biosynthesis_I	PWY-6122:_5-aminoimidazole_ribonucleotide_biosynthesis_II	16	0.64	0.8748440899372354
PWY-5686:_UMP_biosynthesis_I	PWY-6123:_inosine-5'-phosphate_biosynthesis_I	5	0.2631578947368421	0.9083707983182143
PWY-5686:_UMP_biosynthesis_I	PWY-6124:_inosine-5'-phosphate_biosynthesis_II	5	0.22727272727272727	0.9103961650106877
PWY-5686:_UMP_biosynthesis_I	PWY-6125:_superpathway_of_guanosine_nucleotides_de_novo_biosynthesis_II	2	0.11764705882352941	0.8280715585264329
PWY-5686:_UMP_biosynthesis_I	PWY-6126:_superpathway_of_adenosine_nucleotides_de_novo_biosynthesis_II	2	0.11764705882352941	0.7542738720642883
PWY-5686:_UMP_biosynthesis_I	PWY-6147:_6-hydroxymethyl-dihydropterin_diphosphate_biosynthesis_I	3	0.17647058823529413	0.850037846018481
PWY-5686:_UMP_biosynthesis_I	PWY-6151:_S-adenosyl-L-methionine_salvage_I	10	0.47619047619047616	0.7909718549742653
PWY-5686:_UMP_biosynthesis_I	PWY-6163:_chorismate_biosynthesis_from_3-dehydroquinate	12	0.5714285714285714	0.8807942011867139
PWY-5686:_UMP_biosynthesis_I	PWY-621:_sucrose_degradation_III_(sucrose_invertase)	3	0.16666666666666666	0.24775805810530638
PWY-5686:_UMP_biosynthesis_I	PWY-6270:_isoprene_biosynthesis_I	2	0.11764705882352941	0.2619696238878433
PWY-5686:_UMP_biosynthesis_I	PWY-6277:_superpathway_of_5-aminoimidazole_ribonucleotide_biosynthesis	16	0.64	0.8748440899372354
PWY-5686:_UMP_biosynthesis_I	PWY-6317:_D-galactose_degradation_I_(Leloir_pathway)	6	0.3157894736842105	0.19616980558623587
PWY-5686:_UMP_biosynthesis_I	PWY-6385:_peptidoglycan_biosynthesis_III_(mycobacteria)	11	0.5789473684210527	0.8964130645048692
PWY-5686:_UMP_biosynthesis_I	PWY-6386:_UDP-N-acetylmuramoyl-pentapeptide_biosynthesis_II_(lysine-containing)	10	0.5555555555555556	0.9327882001610119
PWY-5686:_UMP_biosynthesis_I	PWY-6387:_UDP-N-acetylmuramoyl-pentapeptide_biosynthesis_I_(meso-diaminopimelate_containing)	12	0.6	0.9203255816187184
PWY-5686:_UMP_biosynthesis_I	PWY-6507:_4-deoxy-L-threo-hex-4-enopyranuronate_degradation	1	0.058823529411764705	0.15414615360999018
PWY-5686:_UMP_biosynthesis_I	PWY-6527:_stachyose_degradation	6	0.3157894736842105	0.09979805938527664
PWY-5686:_UMP_biosynthesis_I	PWY-6572:_chondroitin_sulfate_degradation_I_(bacterial)	1	0.058823529411764705	0.2314649361512331
PWY-5686:_UMP_biosynthesis_I	PWY-6608:_guanosine_nucleotides_degradation_III	2	0.11764705882352941	0.08439974715914866
PWY-5686:_UMP_biosynthesis_I	PWY-6609:_adenine_and_adenosine_salvage_III	12	0.5454545454545454	0.892283775028035
PWY-5686:_UMP_biosynthesis_I	PWY-6700:_queuosine_biosynthesis_I_(de_novo)	13	0.5909090909090909	0.846188386016228
PWY-5686:_UMP_biosynthesis_I	PWY-6703:_preQ0_biosynthesis	4	0.2	0.8211269563116065
PWY-5686:_UMP_biosynthesis_I	PWY-6823:_molybdopterin_biosynthesis	5	0.2631578947368421	0.16270563928722015
PWY-5686:_UMP_biosynthesis_I	PWY-6897:_thiamine_diphosphate_salvage_II	2	0.1111111111111111	0.15418482700107417
PWY-5686:_UMP_biosynthesis_I	PWY-6902:_chitin_degradation_II_(Vibrio)	1	0.05555555555555555	0.2041300246214457
PWY-5686:_UMP_biosynthesis_I	PWY-6936:_seleno-amino_acid_biosynthesis_(plants)	3	0.14285714285714285	0.05178066500987033
PWY-5686:_UMP_biosynthesis_I	PWY-7111:_pyruvate_fermentation_to_isobutanol_(engineered)	6	0.3157894736842105	0.1056706956334732
PWY-5686:_UMP_biosynthesis_I	PWY-7199:_pyrimidine_deoxyribonucleosides_salvage	3	0.17647058823529413	0.7747940477139789
PWY-5686:_UMP_biosynthesis_I	PWY-7220:_adenosine_deoxyribonucleotides_de_novo_biosynthesis_II	2	0.11764705882352941	0.7745571052078921
PWY-5686:_UMP_biosynthesis_I	PWY-7221:_guanosine_ribonucleotides_de_novo_biosynthesis	12	0.5714285714285714	0.9050236828119309
PWY-5686:_UMP_biosynthesis_I	PWY-7222:_guanosine_deoxyribonucleotides_de_novo_biosynthesis_II	2	0.11764705882352941	0.7745571052078921
PWY-5686:_UMP_biosynthesis_I	PWY-7228:_superpathway_of_guanosine_nucleotides_de_novo_biosynthesis_I	2	0.1111111111111111	0.7827737371533724
PWY-5686:_UMP_biosynthesis_I	PWY-7229:_superpathway_of_adenosine_nucleotides_de_novo_biosynthesis_I	2	0.11764705882352941	0.7334595303213672
PWY-5686:_UMP_biosynthesis_I	PWY-7234:_inosine-5'-phosphate_biosynthesis_III	1	0.058823529411764705	0.10543632346641818
PWY-5686:_UMP_biosynthesis_I	PWY-7237:_myo-,_chiro-_and_scyllo-inositol_degradation	8	0.42105263157894735	0.25016789491461855
PWY-5686:_UMP_biosynthesis_I	PWY-7238:_sucrose_biosynthesis_II	10	0.5	0.27863874151768275
PWY-5686:_UMP_biosynthesis_I	PWY-7242:_D-fructuronate_degradation	1	0.058823529411764705	0.14950519245692573
PWY-5686:_UMP_biosynthesis_I	PWY-724:_superpathway_of_L-lysine,_L-threonine_and_L-methionine_biosynthesis_II	1	0.058823529411764705	0.07824487599269281
PWY-5686:_UMP_biosynthesis_I	PWY-7357:_thiamine_phosphate_formation_from_pyrithiamine_and_oxythiamine_(yeast)	4	0.2222222222222222	0.1967877312300761
PWY-5686:_UMP_biosynthesis_I	PWY-7560:_methylerythritol_phosphate_pathway_II	2	0.11764705882352941	0.26077484617049007
PWY-5686:_UMP_biosynthesis_I	PWY-7663:_gondoate_biosynthesis_(anaerobic)	2	0.11764705882352941	0.786779721601247
PWY-5686:_UMP_biosynthesis_I	PWY-7790:_UMP_biosynthesis_II	17	1.0	0.9983581790406011
PWY-5686:_UMP_biosynthesis_I	PWY-7791:_UMP_biosynthesis_III	17	1.0	0.971553833067292
PWY-5686:_UMP_biosynthesis_I	PWY-7851:_coenzyme_A_biosynthesis_II_(eukaryotic)	10	0.5555555555555556	0.8700818994979276
PWY-5686:_UMP_biosynthesis_I	PWY-7953:_UDP-N-acetylmuramoyl-pentapeptide_biosynthesis_III_(meso-diaminopimelate_containing)	10	0.5263157894736842	0.881692645693172
PWY-5686:_UMP_biosynthesis_I	PWY-7977:_L-methionine_biosynthesis_IV	5	0.2777777777777778	0.8822667474962841
PWY-5686:_UMP_biosynthesis_I	PWY-8178:_pentose_phosphate_pathway_(non-oxidative_branch)_II	7	0.4117647058823529	0.32093301780053196
PWY-5686:_UMP_biosynthesis_I	PWY-I9:_L-cysteine_biosynthesis_VI_(from_L-methionine)	1	0.058823529411764705	0.000908806641671478
PWY-5686:_UMP_biosynthesis_I	PWY0-1061:_superpathway_of_L-alanine_biosynthesis	2	0.11764705882352941	0.014622987106154062
PWY-5686:_UMP_biosynthesis_I	PWY0-1241:_ADP-L-glycero-&beta;-D-manno-heptose_biosynthesis	1	0.05555555555555555	0.005252742386532283
PWY-5686:_UMP_biosynthesis_I	PWY0-1296:_purine_ribonucleosides_degradation	6	0.3157894736842105	0.24636031276437642
PWY-5686:_UMP_biosynthesis_I	PWY0-1319:_CDP-diacylglycerol_biosynthesis_II	7	0.3888888888888889	0.8897682417301445
PWY-5686:_UMP_biosynthesis_I	PWY0-1586:_peptidoglycan_maturation_(meso-diaminopimelate_containing)	5	0.29411764705882354	0.7989117660137736
PWY-5686:_UMP_biosynthesis_I	PWY0-162:_superpathway_of_pyrimidine_ribonucleotides_de_novo_biosynthesis	1	0.058823529411764705	0.22707630589259553
PWY-5686:_UMP_biosynthesis_I	PWY0-845:_superpathway_of_pyridoxal_5'-phosphate_biosynthesis_and_salvage	1	0.058823529411764705	0.23679507089493934
PWY-5686:_UMP_biosynthesis_I	PWY66-429:_fatty_acid_biosynthesis_initiation_(mitochondria)	7	0.35	0.7994872548834094
PWY-5686:_UMP_biosynthesis_I	PYRIDNUCSYN-PWY:_NAD_de_novo_biosynthesis_I_(from_aspartate)	4	0.21052631578947367	0.8269732454817444
PWY-5686:_UMP_biosynthesis_I	PYRIDOXSYN-PWY:_pyridoxal_5'-phosphate_biosynthesis_I	1	0.058823529411764705	0.2386693388952288
PWY-5686:_UMP_biosynthesis_I	RHAMCAT-PWY:_L-rhamnose_degradation_I	4	0.23529411764705882	0.8146499982208654
PWY-5686:_UMP_biosynthesis_I	RIBOSYN2-PWY:_flavin_biosynthesis_I_(bacteria_and_plants)	7	0.3888888888888889	0.8515723335837746
PWY-5686:_UMP_biosynthesis_I	SALVADEHYPOX-PWY:_adenosine_nucleotides_degradation_II	1	0.058823529411764705	0.07156710581185599
PWY-5686:_UMP_biosynthesis_I	SER-GLYSYN-PWY:_superpathway_of_L-serine_and_glycine_biosynthesis_I	8	0.42105263157894735	0.8125509868871468
PWY-5686:_UMP_biosynthesis_I	THISYNARA-PWY:_superpathway_of_thiamine_diphosphate_biosynthesis_III_(eukaryotes)	3	0.17647058823529413	0.07818367701011164
PWY-5686:_UMP_biosynthesis_I	THRESYN-PWY:_superpathway_of_L-threonine_biosynthesis	2	0.1111111111111111	0.7429782196508394
PWY-5686:_UMP_biosynthesis_I	TRNA-CHARGING-PWY:_tRNA_charging	6	0.3333333333333333	0.9044841323037102
PWY-5686:_UMP_biosynthesis_I	UDPNAGSYN-PWY:_UDP-N-acetyl-D-glucosamine_biosynthesis_I	3	0.14285714285714285	0.030199543020395292
PWY-5686:_UMP_biosynthesis_I	VALSYN-PWY:_L-valine_biosynthesis	15	0.625	0.9169087279630503
PWY-5695:_inosine_5'-phosphate_degradation	PWY-5941:_glycogen_degradation_II	6	0.46153846153846156	0.14775441789055554
PWY-5695:_inosine_5'-phosphate_degradation	PWY-5973:_cis-vaccenate_biosynthesis	2	0.16666666666666666	0.8217730540183559
PWY-5695:_inosine_5'-phosphate_degradation	PWY-6121:_5-aminoimidazole_ribonucleotide_biosynthesis_I	10	0.45454545454545453	0.8344669404681011
PWY-5695:_inosine_5'-phosphate_degradation	PWY-6122:_5-aminoimidazole_ribonucleotide_biosynthesis_II	11	0.44	0.8032562585119603
PWY-5695:_inosine_5'-phosphate_degradation	PWY-6123:_inosine-5'-phosphate_biosynthesis_I	4	0.26666666666666666	0.8566492627147968
PWY-5695:_inosine_5'-phosphate_degradation	PWY-6124:_inosine-5'-phosphate_biosynthesis_II	6	0.375	0.8688606995734781
PWY-5695:_inosine_5'-phosphate_degradation	PWY-6125:_superpathway_of_guanosine_nucleotides_de_novo_biosynthesis_II	2	0.16666666666666666	0.8197319271076363
PWY-5695:_inosine_5'-phosphate_degradation	PWY-6126:_superpathway_of_adenosine_nucleotides_de_novo_biosynthesis_II	2	0.16666666666666666	0.8659750049519881
PWY-5695:_inosine_5'-phosphate_degradation	PWY-6147:_6-hydroxymethyl-dihydropterin_diphosphate_biosynthesis_I	3	0.25	0.8623095996274217
PWY-5695:_inosine_5'-phosphate_degradation	PWY-6151:_S-adenosyl-L-methionine_salvage_I	7	0.3684210526315789	0.7901368329894265
PWY-5695:_inosine_5'-phosphate_degradation	PWY-6163:_chorismate_biosynthesis_from_3-dehydroquinate	9	0.47368421052631576	0.8528937623111474
PWY-5695:_inosine_5'-phosphate_degradation	PWY-621:_sucrose_degradation_III_(sucrose_invertase)	3	0.23076923076923078	0.24085052535994622
PWY-5695:_inosine_5'-phosphate_degradation	PWY-6270:_isoprene_biosynthesis_I	2	0.16666666666666666	0.24286743091732832
PWY-5695:_inosine_5'-phosphate_degradation	PWY-6277:_superpathway_of_5-aminoimidazole_ribonucleotide_biosynthesis	11	0.44	0.8032562585119603
PWY-5695:_inosine_5'-phosphate_degradation	PWY-6317:_D-galactose_degradation_I_(Leloir_pathway)	6	0.42857142857142855	0.15158243257944437
PWY-5695:_inosine_5'-phosphate_degradation	PWY-6385:_peptidoglycan_biosynthesis_III_(mycobacteria)	6	0.3157894736842105	0.8365226767795689
PWY-5695:_inosine_5'-phosphate_degradation	PWY-6386:_UDP-N-acetylmuramoyl-pentapeptide_biosynthesis_II_(lysine-containing)	5	0.2777777777777778	0.8520103720887326
PWY-5695:_inosine_5'-phosphate_degradation	PWY-6387:_UDP-N-acetylmuramoyl-pentapeptide_biosynthesis_I_(meso-diaminopimelate_containing)	6	0.2857142857142857	0.8567936419732904
PWY-5695:_inosine_5'-phosphate_degradation	PWY-6507:_4-deoxy-L-threo-hex-4-enopyranuronate_degradation	1	0.08333333333333333	0.0856644468830502
PWY-5695:_inosine_5'-phosphate_degradation	PWY-6527:_stachyose_degradation	5	0.3333333333333333	0.07548510993033486
PWY-5695:_inosine_5'-phosphate_degradation	PWY-6572:_chondroitin_sulfate_degradation_I_(bacterial)	1	0.08333333333333333	0.20809797271305253
PWY-5695:_inosine_5'-phosphate_degradation	PWY-6608:_guanosine_nucleotides_degradation_III	2	0.16666666666666666	0.08044250872324199
PWY-5695:_inosine_5'-phosphate_degradation	PWY-6609:_adenine_and_adenosine_salvage_III	9	0.45	0.9178196515641905
PWY-5695:_inosine_5'-phosphate_degradation	PWY-6700:_queuosine_biosynthesis_I_(de_novo)	7	0.30434782608695654	0.8819041553341368
PWY-5695:_inosine_5'-phosphate_degradation	PWY-6703:_preQ0_biosynthesis	4	0.26666666666666666	0.8192962154384461
PWY-5695:_inosine_5'-phosphate_degradation	PWY-6823:_molybdopterin_biosynthesis	2	0.11764705882352941	0.09423510051828143
PWY-5695:_inosine_5'-phosphate_degradation	PWY-6897:_thiamine_diphosphate_salvage_II	2	0.15384615384615385	0.09259648071915616
PWY-5695:_inosine_5'-phosphate_degradation	PWY-6902:_chitin_degradation_II_(Vibrio)	2	0.16666666666666666	0.1916478862191796
PWY-5695:_inosine_5'-phosphate_degradation	PWY-6936:_seleno-amino_acid_biosynthesis_(plants)	3	0.1875	0.052667723601703686
PWY-5695:_inosine_5'-phosphate_degradation	PWY-7111:_pyruvate_fermentation_to_isobutanol_(engineered)	6	0.42857142857142855	0.09619138876296374
PWY-5695:_inosine_5'-phosphate_degradation	PWY-7199:_pyrimidine_deoxyribonucleosides_salvage	2	0.15384615384615385	0.7467046601432069
PWY-5695:_inosine_5'-phosphate_degradation	PWY-7220:_adenosine_deoxyribonucleotides_de_novo_biosynthesis_II	2	0.16666666666666666	0.8933710540964486
PWY-5695:_inosine_5'-phosphate_degradation	PWY-7221:_guanosine_ribonucleotides_de_novo_biosynthesis	10	0.5555555555555556	0.8873462583622241
PWY-5695:_inosine_5'-phosphate_degradation	PWY-7222:_guanosine_deoxyribonucleotides_de_novo_biosynthesis_II	2	0.16666666666666666	0.8933710540964486
PWY-5695:_inosine_5'-phosphate_degradation	PWY-7228:_superpathway_of_guanosine_nucleotides_de_novo_biosynthesis_I	3	0.25	0.8698275760102082
PWY-5695:_inosine_5'-phosphate_degradation	PWY-7229:_superpathway_of_adenosine_nucleotides_de_novo_biosynthesis_I	2	0.16666666666666666	0.8426647418809703
PWY-5695:_inosine_5'-phosphate_degradation	PWY-7234:_inosine-5'-phosphate_biosynthesis_III	1	0.08333333333333333	0.10070071772551781
PWY-5695:_inosine_5'-phosphate_degradation	PWY-7237:_myo-,_chiro-_and_scyllo-inositol_degradation	4	0.2222222222222222	0.12264095373851136
PWY-5695:_inosine_5'-phosphate_degradation	PWY-7238:_sucrose_biosynthesis_II	6	0.3157894736842105	0.129732278851452
PWY-5695:_inosine_5'-phosphate_degradation	PWY-7242:_D-fructuronate_degradation	1	0.08333333333333333	0.08587037114175777
PWY-5695:_inosine_5'-phosphate_degradation	PWY-724:_superpathway_of_L-lysine,_L-threonine_and_L-methionine_biosynthesis_II	1	0.08333333333333333	0.07468241461514802
PWY-5695:_inosine_5'-phosphate_degradation	PWY-7357:_thiamine_phosphate_formation_from_pyrithiamine_and_oxythiamine_(yeast)	3	0.21428571428571427	0.09998402699231779
PWY-5695:_inosine_5'-phosphate_degradation	PWY-7456:_&beta;-(1,4)-mannan_degradation	1	0.08333333333333333	0.017150792486279376
PWY-5695:_inosine_5'-phosphate_degradation	PWY-7560:_methylerythritol_phosphate_pathway_II	2	0.16666666666666666	0.24217756972184112
PWY-5695:_inosine_5'-phosphate_degradation	PWY-7663:_gondoate_biosynthesis_(anaerobic)	2	0.16666666666666666	0.7566338561114772
PWY-5695:_inosine_5'-phosphate_degradation	PWY-7790:_UMP_biosynthesis_II	8	0.38095238095238093	0.8329167622003508
PWY-5695:_inosine_5'-phosphate_degradation	PWY-7791:_UMP_biosynthesis_III	8	0.38095238095238093	0.8585176942124291
PWY-5695:_inosine_5'-phosphate_degradation	PWY-7851:_coenzyme_A_biosynthesis_II_(eukaryotic)	6	0.35294117647058826	0.8027581400125122
PWY-5695:_inosine_5'-phosphate_degradation	PWY-7953:_UDP-N-acetylmuramoyl-pentapeptide_biosynthesis_III_(meso-diaminopimelate_containing)	5	0.2631578947368421	0.8300354903137079
PWY-5695:_inosine_5'-phosphate_degradation	PWY-7977:_L-methionine_biosynthesis_IV	6	0.5	0.86359862056144
PWY-5695:_inosine_5'-phosphate_degradation	PWY-8178:_pentose_phosphate_pathway_(non-oxidative_branch)_II	5	0.35714285714285715	0.2558989769432918
PWY-5695:_inosine_5'-phosphate_degradation	PWY-I9:_L-cysteine_biosynthesis_VI_(from_L-methionine)	1	0.08333333333333333	0.0008658425818762749
PWY-5695:_inosine_5'-phosphate_degradation	PWY0-1296:_purine_ribonucleosides_degradation	4	0.25	0.12148431498519308
PWY-5695:_inosine_5'-phosphate_degradation	PWY0-1319:_CDP-diacylglycerol_biosynthesis_II	5	0.3333333333333333	0.8142349295070042
PWY-5695:_inosine_5'-phosphate_degradation	PWY0-1586:_peptidoglycan_maturation_(meso-diaminopimelate_containing)	3	0.21428571428571427	0.7478164845165735
PWY-5695:_inosine_5'-phosphate_degradation	PWY0-162:_superpathway_of_pyrimidine_ribonucleotides_de_novo_biosynthesis	1	0.08333333333333333	0.21750453855423235
PWY-5695:_inosine_5'-phosphate_degradation	PWY0-845:_superpathway_of_pyridoxal_5'-phosphate_biosynthesis_and_salvage	1	0.08333333333333333	0.21985043271877103
PWY-5695:_inosine_5'-phosphate_degradation	PWY66-429:_fatty_acid_biosynthesis_initiation_(mitochondria)	4	0.2222222222222222	0.8646598441425013
PWY-5695:_inosine_5'-phosphate_degradation	PYRIDNUCSYN-PWY:_NAD_de_novo_biosynthesis_I_(from_aspartate)	5	0.38461538461538464	0.8988416138737779
PWY-5695:_inosine_5'-phosphate_degradation	PYRIDOXSYN-PWY:_pyridoxal_5'-phosphate_biosynthesis_I	1	0.08333333333333333	0.21962652325575993
PWY-5695:_inosine_5'-phosphate_degradation	RHAMCAT-PWY:_L-rhamnose_degradation_I	4	0.3333333333333333	0.7921693144640091
PWY-5695:_inosine_5'-phosphate_degradation	RIBOSYN2-PWY:_flavin_biosynthesis_I_(bacteria_and_plants)	4	0.25	0.890064329329122
PWY-5695:_inosine_5'-phosphate_degradation	SALVADEHYPOX-PWY:_adenosine_nucleotides_degradation_II	1	0.08333333333333333	0.06829787568444579
PWY-5695:_inosine_5'-phosphate_degradation	SER-GLYSYN-PWY:_superpathway_of_L-serine_and_glycine_biosynthesis_I	8	0.5714285714285714	0.8168769549578816
PWY-5695:_inosine_5'-phosphate_degradation	THISYNARA-PWY:_superpathway_of_thiamine_diphosphate_biosynthesis_III_(eukaryotes)	1	0.07142857142857142	0.06309002886099846
PWY-5695:_inosine_5'-phosphate_degradation	THRESYN-PWY:_superpathway_of_L-threonine_biosynthesis	3	0.25	0.7246656353741378
PWY-5695:_inosine_5'-phosphate_degradation	TRNA-CHARGING-PWY:_tRNA_charging	5	0.35714285714285715	0.8471981789217002
PWY-5695:_inosine_5'-phosphate_degradation	UDPNAGSYN-PWY:_UDP-N-acetyl-D-glucosamine_biosynthesis_I	2	0.11764705882352941	0.0269876528916575
PWY-5695:_inosine_5'-phosphate_degradation	VALSYN-PWY:_L-valine_biosynthesis	9	0.36	0.8086767995556521
PWY-5837:_2-carboxy-1,4-naphthoquinol_biosynthesis	PWY-6121:_5-aminoimidazole_ribonucleotide_biosynthesis_I	2	0.1	0.007931585148621467
PWY-5837:_2-carboxy-1,4-naphthoquinol_biosynthesis	PWY-6122:_5-aminoimidazole_ribonucleotide_biosynthesis_II	2	0.08333333333333333	0.00848015589413409
PWY-5837:_2-carboxy-1,4-naphthoquinol_biosynthesis	PWY-6123:_inosine-5'-phosphate_biosynthesis_I	2	0.2857142857142857	0.008839773219856073
PWY-5837:_2-carboxy-1,4-naphthoquinol_biosynthesis	PWY-6124:_inosine-5'-phosphate_biosynthesis_II	2	0.2	0.00822661661193913
PWY-5837:_2-carboxy-1,4-naphthoquinol_biosynthesis	PWY-6163:_chorismate_biosynthesis_from_3-dehydroquinate	2	0.125	0.009434996244783944
PWY-5837:_2-carboxy-1,4-naphthoquinol_biosynthesis	PWY-6277:_superpathway_of_5-aminoimidazole_ribonucleotide_biosynthesis	2	0.08333333333333333	0.00848015589413409
PWY-5837:_2-carboxy-1,4-naphthoquinol_biosynthesis	PWY-6385:_peptidoglycan_biosynthesis_III_(mycobacteria)	2	0.15384615384615385	0.011418180852293625
PWY-5837:_2-carboxy-1,4-naphthoquinol_biosynthesis	PWY-6386:_UDP-N-acetylmuramoyl-pentapeptide_biosynthesis_II_(lysine-containing)	2	0.18181818181818182	0.010616315780978547
PWY-5837:_2-carboxy-1,4-naphthoquinol_biosynthesis	PWY-6387:_UDP-N-acetylmuramoyl-pentapeptide_biosynthesis_I_(meso-diaminopimelate_containing)	2	0.13333333333333333	0.009895628326463846
PWY-5837:_2-carboxy-1,4-naphthoquinol_biosynthesis	PWY-6700:_queuosine_biosynthesis_I_(de_novo)	2	0.1111111111111111	0.0065916902690106305
PWY-5837:_2-carboxy-1,4-naphthoquinol_biosynthesis	PWY-6703:_preQ0_biosynthesis	2	0.2857142857142857	0.011361311087539794
PWY-5837:_2-carboxy-1,4-naphthoquinol_biosynthesis	PWY-6823:_molybdopterin_biosynthesis	1	0.125	0.042658337131817214
PWY-5837:_2-carboxy-1,4-naphthoquinol_biosynthesis	PWY-6936:_seleno-amino_acid_biosynthesis_(plants)	2	0.2857142857142857	0.16566015401232315
PWY-5837:_2-carboxy-1,4-naphthoquinol_biosynthesis	PWY-7221:_guanosine_ribonucleotides_de_novo_biosynthesis	1	0.058823529411764705	0.00438042622468271
PWY-5837:_2-carboxy-1,4-naphthoquinol_biosynthesis	PWY-7790:_UMP_biosynthesis_II	1	0.05555555555555555	0.004506706364721835
PWY-5837:_2-carboxy-1,4-naphthoquinol_biosynthesis	PWY-7791:_UMP_biosynthesis_III	1	0.05555555555555555	0.0042678008147871704
PWY-5837:_2-carboxy-1,4-naphthoquinol_biosynthesis	PWY-7851:_coenzyme_A_biosynthesis_II_(eukaryotic)	1	0.08333333333333333	0.0033025806197670704
PWY-5837:_2-carboxy-1,4-naphthoquinol_biosynthesis	PWY-7953:_UDP-N-acetylmuramoyl-pentapeptide_biosynthesis_III_(meso-diaminopimelate_containing)	2	0.16666666666666666	0.010599080113005477
PWY-5837:_2-carboxy-1,4-naphthoquinol_biosynthesis	PWY0-1241:_ADP-L-glycero-&beta;-D-manno-heptose_biosynthesis	2	1.0	0.6453560216982945
PWY-5837:_2-carboxy-1,4-naphthoquinol_biosynthesis	PWY66-429:_fatty_acid_biosynthesis_initiation_(mitochondria)	1	0.09090909090909091	0.004839451376308257
PWY-5837:_2-carboxy-1,4-naphthoquinol_biosynthesis	RIBOSYN2-PWY:_flavin_biosynthesis_I_(bacteria_and_plants)	2	0.25	0.008404360567478064
PWY-5837:_2-carboxy-1,4-naphthoquinol_biosynthesis	UDPNAGSYN-PWY:_UDP-N-acetyl-D-glucosamine_biosynthesis_I	2	0.2857142857142857	0.12437751699799082
PWY-5837:_2-carboxy-1,4-naphthoquinol_biosynthesis	VALSYN-PWY:_L-valine_biosynthesis	2	0.09090909090909091	0.009356665434837153
PWY-5941:_glycogen_degradation_II	PWY-6121:_5-aminoimidazole_ribonucleotide_biosynthesis_I	6	0.2857142857142857	0.21760375192184045
PWY-5941:_glycogen_degradation_II	PWY-6122:_5-aminoimidazole_ribonucleotide_biosynthesis_II	6	0.24	0.21957485519084297
PWY-5941:_glycogen_degradation_II	PWY-6123:_inosine-5'-phosphate_biosynthesis_I	1	0.07692307692307693	0.14055298889574153
PWY-5941:_glycogen_degradation_II	PWY-6124:_inosine-5'-phosphate_biosynthesis_II	2	0.13333333333333333	0.16115867170458453
PWY-5941:_glycogen_degradation_II	PWY-6151:_S-adenosyl-L-methionine_salvage_I	6	0.4	0.22622903550439344
PWY-5941:_glycogen_degradation_II	PWY-6163:_chorismate_biosynthesis_from_3-dehydroquinate	7	0.4375	0.2617942992156058
PWY-5941:_glycogen_degradation_II	PWY-621:_sucrose_degradation_III_(sucrose_invertase)	2	0.2222222222222222	0.09929282201350609
PWY-5941:_glycogen_degradation_II	PWY-6270:_isoprene_biosynthesis_I	1	0.125	0.13317484903779775
PWY-5941:_glycogen_degradation_II	PWY-6277:_superpathway_of_5-aminoimidazole_ribonucleotide_biosynthesis	6	0.24	0.21957485519084297
PWY-5941:_glycogen_degradation_II	PWY-6317:_D-galactose_degradation_I_(Leloir_pathway)	7	0.875	0.7684233463076379
PWY-5941:_glycogen_degradation_II	PWY-6385:_peptidoglycan_biosynthesis_III_(mycobacteria)	3	0.17647058823529413	0.09290948838288149
PWY-5941:_glycogen_degradation_II	PWY-6386:_UDP-N-acetylmuramoyl-pentapeptide_biosynthesis_II_(lysine-containing)	3	0.2	0.19032016745076186
PWY-5941:_glycogen_degradation_II	PWY-6387:_UDP-N-acetylmuramoyl-pentapeptide_biosynthesis_I_(meso-diaminopimelate_containing)	3	0.15789473684210525	0.1697608094416313
PWY-5941:_glycogen_degradation_II	PWY-6507:_4-deoxy-L-threo-hex-4-enopyranuronate_degradation	1	0.14285714285714285	0.6510464797283909
PWY-5941:_glycogen_degradation_II	PWY-6527:_stachyose_degradation	5	0.5	0.3697002272283474
PWY-5941:_glycogen_degradation_II	PWY-6608:_guanosine_nucleotides_degradation_III	2	0.2857142857142857	0.41338905463572384
PWY-5941:_glycogen_degradation_II	PWY-6609:_adenine_and_adenosine_salvage_III	5	0.2631578947368421	0.20194896910191606
PWY-5941:_glycogen_degradation_II	PWY-6700:_queuosine_biosynthesis_I_(de_novo)	6	0.3157894736842105	0.17978122572247734
PWY-5941:_glycogen_degradation_II	PWY-6703:_preQ0_biosynthesis	1	0.07692307692307693	0.04860774413201818
PWY-5941:_glycogen_degradation_II	PWY-6823:_molybdopterin_biosynthesis	3	0.2727272727272727	0.5842058451027057
PWY-5941:_glycogen_degradation_II	PWY-6897:_thiamine_diphosphate_salvage_II	1	0.1111111111111111	0.6038637264921805
PWY-5941:_glycogen_degradation_II	PWY-6902:_chitin_degradation_II_(Vibrio)	1	0.125	0.034950664137272325
PWY-5941:_glycogen_degradation_II	PWY-6936:_seleno-amino_acid_biosynthesis_(plants)	3	0.2727272727272727	0.27251624513470973
PWY-5941:_glycogen_degradation_II	PWY-7111:_pyruvate_fermentation_to_isobutanol_(engineered)	6	0.6666666666666666	0.4747673469137057
PWY-5941:_glycogen_degradation_II	PWY-7221:_guanosine_ribonucleotides_de_novo_biosynthesis	6	0.35294117647058826	0.20165719220646516
PWY-5941:_glycogen_degradation_II	PWY-7237:_myo-,_chiro-_and_scyllo-inositol_degradation	4	0.3076923076923077	0.6625558558900833
PWY-5941:_glycogen_degradation_II	PWY-7238:_sucrose_biosynthesis_II	7	0.5384615384615384	0.6574161507693559
PWY-5941:_glycogen_degradation_II	PWY-7242:_D-fructuronate_degradation	1	0.14285714285714285	0.636604685181414
PWY-5941:_glycogen_degradation_II	PWY-724:_superpathway_of_L-lysine,_L-threonine_and_L-methionine_biosynthesis_II	1	0.14285714285714285	0.38097113962080986
PWY-5941:_glycogen_degradation_II	PWY-7357:_thiamine_phosphate_formation_from_pyrithiamine_and_oxythiamine_(yeast)	3	0.3333333333333333	0.7207036642774549
PWY-5941:_glycogen_degradation_II	PWY-7456:_&beta;-(1,4)-mannan_degradation	1	0.14285714285714285	0.10312089731865626
PWY-5941:_glycogen_degradation_II	PWY-7560:_methylerythritol_phosphate_pathway_II	1	0.125	0.13176231976618225
PWY-5941:_glycogen_degradation_II	PWY-7790:_UMP_biosynthesis_II	5	0.2631578947368421	0.24572778237730064
PWY-5941:_glycogen_degradation_II	PWY-7791:_UMP_biosynthesis_III	5	0.2631578947368421	0.23448933347277245
PWY-5941:_glycogen_degradation_II	PWY-7851:_coenzyme_A_biosynthesis_II_(eukaryotic)	4	0.2857142857142857	0.18779466971543657
PWY-5941:_glycogen_degradation_II	PWY-7953:_UDP-N-acetylmuramoyl-pentapeptide_biosynthesis_III_(meso-diaminopimelate_containing)	2	0.11764705882352941	0.03662579255698706
PWY-5941:_glycogen_degradation_II	PWY-7977:_L-methionine_biosynthesis_IV	2	0.18181818181818182	0.1361222408038637
PWY-5941:_glycogen_degradation_II	PWY-8178:_pentose_phosphate_pathway_(non-oxidative_branch)_II	4	0.4	0.22057693345828655
PWY-5941:_glycogen_degradation_II	PWY0-1061:_superpathway_of_L-alanine_biosynthesis	1	0.125	0.02772521660113858
PWY-5941:_glycogen_degradation_II	PWY0-1296:_purine_ribonucleosides_degradation	5	0.5	0.8113573383257372
PWY-5941:_glycogen_degradation_II	PWY0-1319:_CDP-diacylglycerol_biosynthesis_II	3	0.25	0.21036037608930103
PWY-5941:_glycogen_degradation_II	PWY0-1586:_peptidoglycan_maturation_(meso-diaminopimelate_containing)	1	0.09090909090909091	0.03438807697113133
PWY-5941:_glycogen_degradation_II	PWY66-429:_fatty_acid_biosynthesis_initiation_(mitochondria)	2	0.13333333333333333	0.05083689783244183
PWY-5941:_glycogen_degradation_II	PYRIDNUCSYN-PWY:_NAD_de_novo_biosynthesis_I_(from_aspartate)	1	0.08333333333333333	0.015658709543286076
PWY-5941:_glycogen_degradation_II	RHAMCAT-PWY:_L-rhamnose_degradation_I	2	0.2222222222222222	0.05335438361394318
PWY-5941:_glycogen_degradation_II	RIBOSYN2-PWY:_flavin_biosynthesis_I_(bacteria_and_plants)	3	0.25	0.17884094364539083
PWY-5941:_glycogen_degradation_II	SALVADEHYPOX-PWY:_adenosine_nucleotides_degradation_II	1	0.14285714285714285	0.3532058359739876
PWY-5941:_glycogen_degradation_II	SER-GLYSYN-PWY:_superpathway_of_L-serine_and_glycine_biosynthesis_I	4	0.3076923076923077	0.06784430746502224
PWY-5941:_glycogen_degradation_II	THISYNARA-PWY:_superpathway_of_thiamine_diphosphate_biosynthesis_III_(eukaryotes)	2	0.25	0.3356507260852245
PWY-5941:_glycogen_degradation_II	THRESYN-PWY:_superpathway_of_L-threonine_biosynthesis	1	0.1111111111111111	0.08119212735284964
PWY-5941:_glycogen_degradation_II	TRNA-CHARGING-PWY:_tRNA_charging	2	0.16666666666666666	0.17421035970218035
PWY-5941:_glycogen_degradation_II	UDPNAGSYN-PWY:_UDP-N-acetyl-D-glucosamine_biosynthesis_I	1	0.07692307692307693	0.0918113657469819
PWY-5941:_glycogen_degradation_II	VALSYN-PWY:_L-valine_biosynthesis	7	0.3181818181818182	0.2672935004555963
PWY-5973:_cis-vaccenate_biosynthesis	PWY-6121:_5-aminoimidazole_ribonucleotide_biosynthesis_I	2	0.1	0.7363889132265022
PWY-5973:_cis-vaccenate_biosynthesis	PWY-6122:_5-aminoimidazole_ribonucleotide_biosynthesis_II	2	0.08333333333333333	0.6992800216255755
PWY-5973:_cis-vaccenate_biosynthesis	PWY-6123:_inosine-5'-phosphate_biosynthesis_I	2	0.2857142857142857	0.8288528252967022
PWY-5973:_cis-vaccenate_biosynthesis	PWY-6124:_inosine-5'-phosphate_biosynthesis_II	2	0.2	0.8239551617344032
PWY-5973:_cis-vaccenate_biosynthesis	PWY-6125:_superpathway_of_guanosine_nucleotides_de_novo_biosynthesis_II	2	1.0	0.9259701786314278
PWY-5973:_cis-vaccenate_biosynthesis	PWY-6126:_superpathway_of_adenosine_nucleotides_de_novo_biosynthesis_II	2	1.0	0.9083252270394252
PWY-5973:_cis-vaccenate_biosynthesis	PWY-6147:_6-hydroxymethyl-dihydropterin_diphosphate_biosynthesis_I	2	0.6666666666666666	0.8841016736566241
PWY-5973:_cis-vaccenate_biosynthesis	PWY-6151:_S-adenosyl-L-methionine_salvage_I	1	0.06666666666666667	0.7820661937503229
PWY-5973:_cis-vaccenate_biosynthesis	PWY-6163:_chorismate_biosynthesis_from_3-dehydroquinate	2	0.125	0.8427195171592167
PWY-5973:_cis-vaccenate_biosynthesis	PWY-621:_sucrose_degradation_III_(sucrose_invertase)	1	0.2	0.26188243356658847
PWY-5973:_cis-vaccenate_biosynthesis	PWY-6270:_isoprene_biosynthesis_I	1	0.3333333333333333	0.257343387407477
PWY-5973:_cis-vaccenate_biosynthesis	PWY-6277:_superpathway_of_5-aminoimidazole_ribonucleotide_biosynthesis	2	0.08333333333333333	0.6992800216255755
PWY-5973:_cis-vaccenate_biosynthesis	PWY-6385:_peptidoglycan_biosynthesis_III_(mycobacteria)	2	0.15384615384615385	0.8224109150346249
PWY-5973:_cis-vaccenate_biosynthesis	PWY-6386:_UDP-N-acetylmuramoyl-pentapeptide_biosynthesis_II_(lysine-containing)	2	0.18181818181818182	0.8142352923441016
PWY-5973:_cis-vaccenate_biosynthesis	PWY-6387:_UDP-N-acetylmuramoyl-pentapeptide_biosynthesis_I_(meso-diaminopimelate_containing)	2	0.13333333333333333	0.8151852909661107
PWY-5973:_cis-vaccenate_biosynthesis	PWY-6572:_chondroitin_sulfate_degradation_I_(bacterial)	1	0.5	0.3816012345707619
PWY-5973:_cis-vaccenate_biosynthesis	PWY-6609:_adenine_and_adenosine_salvage_III	2	0.11764705882352941	0.8070463375312495
PWY-5973:_cis-vaccenate_biosynthesis	PWY-6700:_queuosine_biosynthesis_I_(de_novo)	2	0.1111111111111111	0.8434233334915501
PWY-5973:_cis-vaccenate_biosynthesis	PWY-6703:_preQ0_biosynthesis	2	0.2857142857142857	0.9167558592467349
PWY-5973:_cis-vaccenate_biosynthesis	PWY-6902:_chitin_degradation_II_(Vibrio)	1	0.3333333333333333	0.33157741856504497
PWY-5973:_cis-vaccenate_biosynthesis	PWY-7199:_pyrimidine_deoxyribonucleosides_salvage	2	0.6666666666666666	0.8454769662324826
PWY-5973:_cis-vaccenate_biosynthesis	PWY-7220:_adenosine_deoxyribonucleotides_de_novo_biosynthesis_II	2	1.0	0.9200010794818678
PWY-5973:_cis-vaccenate_biosynthesis	PWY-7221:_guanosine_ribonucleotides_de_novo_biosynthesis	2	0.125	0.8461353798663296
PWY-5973:_cis-vaccenate_biosynthesis	PWY-7222:_guanosine_deoxyribonucleotides_de_novo_biosynthesis_II	2	1.0	0.9200010794818678
PWY-5973:_cis-vaccenate_biosynthesis	PWY-7228:_superpathway_of_guanosine_nucleotides_de_novo_biosynthesis_I	2	0.6666666666666666	0.9431231147980312
PWY-5973:_cis-vaccenate_biosynthesis	PWY-7229:_superpathway_of_adenosine_nucleotides_de_novo_biosynthesis_I	2	1.0	0.8866464932810809
PWY-5973:_cis-vaccenate_biosynthesis	PWY-7560:_methylerythritol_phosphate_pathway_II	1	0.3333333333333333	0.25652979205574933
PWY-5973:_cis-vaccenate_biosynthesis	PWY-7663:_gondoate_biosynthesis_(anaerobic)	2	1.0	0.9292578220898677
PWY-5973:_cis-vaccenate_biosynthesis	PWY-7790:_UMP_biosynthesis_II	2	0.11764705882352941	0.7818060705301881
PWY-5973:_cis-vaccenate_biosynthesis	PWY-7791:_UMP_biosynthesis_III	2	0.11764705882352941	0.8176393811227542
PWY-5973:_cis-vaccenate_biosynthesis	PWY-7851:_coenzyme_A_biosynthesis_II_(eukaryotic)	2	0.18181818181818182	0.7350298291054778
PWY-5973:_cis-vaccenate_biosynthesis	PWY-7953:_UDP-N-acetylmuramoyl-pentapeptide_biosynthesis_III_(meso-diaminopimelate_containing)	2	0.16666666666666666	0.8438483558770575
PWY-5973:_cis-vaccenate_biosynthesis	PWY-7977:_L-methionine_biosynthesis_IV	2	0.3333333333333333	0.8327603070601987
PWY-5973:_cis-vaccenate_biosynthesis	PWY-8178:_pentose_phosphate_pathway_(non-oxidative_branch)_II	1	0.125	0.27707618882628116
PWY-5973:_cis-vaccenate_biosynthesis	PWY0-1319:_CDP-diacylglycerol_biosynthesis_II	2	0.25	0.8275519437629517
PWY-5973:_cis-vaccenate_biosynthesis	PWY0-1586:_peptidoglycan_maturation_(meso-diaminopimelate_containing)	2	0.4	0.8776529159560834
PWY-5973:_cis-vaccenate_biosynthesis	PWY0-162:_superpathway_of_pyrimidine_ribonucleotides_de_novo_biosynthesis	1	0.5	0.2610623379867556
PWY-5973:_cis-vaccenate_biosynthesis	PWY0-845:_superpathway_of_pyridoxal_5'-phosphate_biosynthesis_and_salvage	1	0.5	0.272012518645504
PWY-5973:_cis-vaccenate_biosynthesis	PWY66-429:_fatty_acid_biosynthesis_initiation_(mitochondria)	2	0.2	0.898992776944184
PWY-5973:_cis-vaccenate_biosynthesis	PYRIDNUCSYN-PWY:_NAD_de_novo_biosynthesis_I_(from_aspartate)	2	0.3333333333333333	0.8892977960268555
PWY-5973:_cis-vaccenate_biosynthesis	PYRIDOXSYN-PWY:_pyridoxal_5'-phosphate_biosynthesis_I	1	0.5	0.2741222010034813
PWY-5973:_cis-vaccenate_biosynthesis	RHAMCAT-PWY:_L-rhamnose_degradation_I	2	0.5	0.9423696431897242
PWY-5973:_cis-vaccenate_biosynthesis	RIBOSYN2-PWY:_flavin_biosynthesis_I_(bacteria_and_plants)	2	0.25	0.878386951995071
PWY-5973:_cis-vaccenate_biosynthesis	SER-GLYSYN-PWY:_superpathway_of_L-serine_and_glycine_biosynthesis_I	2	0.2	0.7680306764409548
PWY-5973:_cis-vaccenate_biosynthesis	THRESYN-PWY:_superpathway_of_L-threonine_biosynthesis	1	0.25	0.7751521883047263
PWY-5973:_cis-vaccenate_biosynthesis	TRNA-CHARGING-PWY:_tRNA_charging	2	0.2857142857142857	0.7993351968538117
PWY-5973:_cis-vaccenate_biosynthesis	VALSYN-PWY:_L-valine_biosynthesis	2	0.09090909090909091	0.8148593617527496
PWY-6121:_5-aminoimidazole_ribonucleotide_biosynthesis_I	PWY-6122:_5-aminoimidazole_ribonucleotide_biosynthesis_II	20	0.8333333333333334	0.9578476648902294
PWY-6121:_5-aminoimidazole_ribonucleotide_biosynthesis_I	PWY-6123:_inosine-5'-phosphate_biosynthesis_I	6	0.2857142857142857	0.8987504711207975
PWY-6121:_5-aminoimidazole_ribonucleotide_biosynthesis_I	PWY-6124:_inosine-5'-phosphate_biosynthesis_II	7	0.30434782608695654	0.8917010605457183
PWY-6121:_5-aminoimidazole_ribonucleotide_biosynthesis_I	PWY-6125:_superpathway_of_guanosine_nucleotides_de_novo_biosynthesis_II	2	0.1	0.7889745092824175
PWY-6121:_5-aminoimidazole_ribonucleotide_biosynthesis_I	PWY-6126:_superpathway_of_adenosine_nucleotides_de_novo_biosynthesis_II	2	0.1	0.7100324513625528
PWY-6121:_5-aminoimidazole_ribonucleotide_biosynthesis_I	PWY-6147:_6-hydroxymethyl-dihydropterin_diphosphate_biosynthesis_I	3	0.15	0.8203060003354604
PWY-6121:_5-aminoimidazole_ribonucleotide_biosynthesis_I	PWY-6151:_S-adenosyl-L-methionine_salvage_I	11	0.4782608695652174	0.7696948149853926
PWY-6121:_5-aminoimidazole_ribonucleotide_biosynthesis_I	PWY-6163:_chorismate_biosynthesis_from_3-dehydroquinate	14	0.6363636363636364	0.8412000193459209
PWY-6121:_5-aminoimidazole_ribonucleotide_biosynthesis_I	PWY-621:_sucrose_degradation_III_(sucrose_invertase)	3	0.14285714285714285	0.26288025838167806
PWY-6121:_5-aminoimidazole_ribonucleotide_biosynthesis_I	PWY-6270:_isoprene_biosynthesis_I	2	0.1	0.268606650309993
PWY-6121:_5-aminoimidazole_ribonucleotide_biosynthesis_I	PWY-6277:_superpathway_of_5-aminoimidazole_ribonucleotide_biosynthesis	20	0.8333333333333334	0.9578476648902294
PWY-6121:_5-aminoimidazole_ribonucleotide_biosynthesis_I	PWY-6317:_D-galactose_degradation_I_(Leloir_pathway)	7	0.3333333333333333	0.23376717245713263
PWY-6121:_5-aminoimidazole_ribonucleotide_biosynthesis_I	PWY-6385:_peptidoglycan_biosynthesis_III_(mycobacteria)	10	0.43478260869565216	0.8809349825464302
PWY-6121:_5-aminoimidazole_ribonucleotide_biosynthesis_I	PWY-6386:_UDP-N-acetylmuramoyl-pentapeptide_biosynthesis_II_(lysine-containing)	10	0.47619047619047616	0.8994788712443158
PWY-6121:_5-aminoimidazole_ribonucleotide_biosynthesis_I	PWY-6387:_UDP-N-acetylmuramoyl-pentapeptide_biosynthesis_I_(meso-diaminopimelate_containing)	11	0.4583333333333333	0.8841350953101046
PWY-6121:_5-aminoimidazole_ribonucleotide_biosynthesis_I	PWY-6507:_4-deoxy-L-threo-hex-4-enopyranuronate_degradation	1	0.05	0.14714646053003932
PWY-6121:_5-aminoimidazole_ribonucleotide_biosynthesis_I	PWY-6527:_stachyose_degradation	6	0.2727272727272727	0.12276769050730352
PWY-6121:_5-aminoimidazole_ribonucleotide_biosynthesis_I	PWY-6572:_chondroitin_sulfate_degradation_I_(bacterial)	1	0.05	0.22229177158035596
PWY-6121:_5-aminoimidazole_ribonucleotide_biosynthesis_I	PWY-6608:_guanosine_nucleotides_degradation_III	2	0.1	0.09152678678440296
PWY-6121:_5-aminoimidazole_ribonucleotide_biosynthesis_I	PWY-6609:_adenine_and_adenosine_salvage_III	12	0.48	0.8606749179412426
PWY-6121:_5-aminoimidazole_ribonucleotide_biosynthesis_I	PWY-6700:_queuosine_biosynthesis_I_(de_novo)	15	0.6521739130434783	0.8218950957154633
PWY-6121:_5-aminoimidazole_ribonucleotide_biosynthesis_I	PWY-6703:_preQ0_biosynthesis	5	0.22727272727272727	0.7728855656152323
PWY-6121:_5-aminoimidazole_ribonucleotide_biosynthesis_I	PWY-6823:_molybdopterin_biosynthesis	6	0.2857142857142857	0.189889623893292
PWY-6121:_5-aminoimidazole_ribonucleotide_biosynthesis_I	PWY-6897:_thiamine_diphosphate_salvage_II	2	0.09523809523809523	0.1566096397211496
PWY-6121:_5-aminoimidazole_ribonucleotide_biosynthesis_I	PWY-6902:_chitin_degradation_II_(Vibrio)	1	0.047619047619047616	0.19421419397974504
PWY-6121:_5-aminoimidazole_ribonucleotide_biosynthesis_I	PWY-6936:_seleno-amino_acid_biosynthesis_(plants)	4	0.17391304347826086	0.0735450409885019
PWY-6121:_5-aminoimidazole_ribonucleotide_biosynthesis_I	PWY-7111:_pyruvate_fermentation_to_isobutanol_(engineered)	7	0.3333333333333333	0.11217109810443193
PWY-6121:_5-aminoimidazole_ribonucleotide_biosynthesis_I	PWY-7199:_pyrimidine_deoxyribonucleosides_salvage	3	0.15	0.8192478685896417
PWY-6121:_5-aminoimidazole_ribonucleotide_biosynthesis_I	PWY-7220:_adenosine_deoxyribonucleotides_de_novo_biosynthesis_II	2	0.1	0.7369825701207342
PWY-6121:_5-aminoimidazole_ribonucleotide_biosynthesis_I	PWY-7221:_guanosine_ribonucleotides_de_novo_biosynthesis	12	0.5	0.871768729584748
PWY-6121:_5-aminoimidazole_ribonucleotide_biosynthesis_I	PWY-7222:_guanosine_deoxyribonucleotides_de_novo_biosynthesis_II	2	0.1	0.7369825701207342
PWY-6121:_5-aminoimidazole_ribonucleotide_biosynthesis_I	PWY-7228:_superpathway_of_guanosine_nucleotides_de_novo_biosynthesis_I	2	0.09523809523809523	0.7382107006370352
PWY-6121:_5-aminoimidazole_ribonucleotide_biosynthesis_I	PWY-7229:_superpathway_of_adenosine_nucleotides_de_novo_biosynthesis_I	2	0.1	0.6895180303359785
PWY-6121:_5-aminoimidazole_ribonucleotide_biosynthesis_I	PWY-7234:_inosine-5'-phosphate_biosynthesis_III	1	0.05	0.11509336674975856
PWY-6121:_5-aminoimidazole_ribonucleotide_biosynthesis_I	PWY-7237:_myo-,_chiro-_and_scyllo-inositol_degradation	7	0.30434782608695654	0.2154906336467416
PWY-6121:_5-aminoimidazole_ribonucleotide_biosynthesis_I	PWY-7238:_sucrose_biosynthesis_II	10	0.43478260869565216	0.24731312856291565
PWY-6121:_5-aminoimidazole_ribonucleotide_biosynthesis_I	PWY-7242:_D-fructuronate_degradation	1	0.05	0.147549452333685
PWY-6121:_5-aminoimidazole_ribonucleotide_biosynthesis_I	PWY-724:_superpathway_of_L-lysine,_L-threonine_and_L-methionine_biosynthesis_II	1	0.05	0.08552384632342025
PWY-6121:_5-aminoimidazole_ribonucleotide_biosynthesis_I	PWY-7357:_thiamine_phosphate_formation_from_pyrithiamine_and_oxythiamine_(yeast)	4	0.19047619047619047	0.1741992290442349
PWY-6121:_5-aminoimidazole_ribonucleotide_biosynthesis_I	PWY-7456:_&beta;-(1,4)-mannan_degradation	1	0.05	0.02043043325211369
PWY-6121:_5-aminoimidazole_ribonucleotide_biosynthesis_I	PWY-7560:_methylerythritol_phosphate_pathway_II	2	0.1	0.26880670894794034
PWY-6121:_5-aminoimidazole_ribonucleotide_biosynthesis_I	PWY-7663:_gondoate_biosynthesis_(anaerobic)	2	0.1	0.7443049835068022
PWY-6121:_5-aminoimidazole_ribonucleotide_biosynthesis_I	PWY-7790:_UMP_biosynthesis_II	15	0.6818181818181818	0.8978184327762728
PWY-6121:_5-aminoimidazole_ribonucleotide_biosynthesis_I	PWY-7791:_UMP_biosynthesis_III	15	0.6818181818181818	0.8721926210279904
PWY-6121:_5-aminoimidazole_ribonucleotide_biosynthesis_I	PWY-7851:_coenzyme_A_biosynthesis_II_(eukaryotic)	10	0.47619047619047616	0.9154665628580511
PWY-6121:_5-aminoimidazole_ribonucleotide_biosynthesis_I	PWY-7953:_UDP-N-acetylmuramoyl-pentapeptide_biosynthesis_III_(meso-diaminopimelate_containing)	9	0.391304347826087	0.8486593262739953
PWY-6121:_5-aminoimidazole_ribonucleotide_biosynthesis_I	PWY-7977:_L-methionine_biosynthesis_IV	6	0.3	0.8928224631711409
PWY-6121:_5-aminoimidazole_ribonucleotide_biosynthesis_I	PWY-8178:_pentose_phosphate_pathway_(non-oxidative_branch)_II	7	0.35	0.30271876813539433
PWY-6121:_5-aminoimidazole_ribonucleotide_biosynthesis_I	PWY-I9:_L-cysteine_biosynthesis_VI_(from_L-methionine)	1	0.05	0.0009970839334727533
PWY-6121:_5-aminoimidazole_ribonucleotide_biosynthesis_I	PWY0-1061:_superpathway_of_L-alanine_biosynthesis	2	0.1	0.01603271302730158
PWY-6121:_5-aminoimidazole_ribonucleotide_biosynthesis_I	PWY0-1241:_ADP-L-glycero-&beta;-D-manno-heptose_biosynthesis	2	0.1	0.01188881954850396
PWY-6121:_5-aminoimidazole_ribonucleotide_biosynthesis_I	PWY0-1296:_purine_ribonucleosides_degradation	6	0.2727272727272727	0.21556214392449358
PWY-6121:_5-aminoimidazole_ribonucleotide_biosynthesis_I	PWY0-1319:_CDP-diacylglycerol_biosynthesis_II	7	0.3333333333333333	0.8563454950243564
PWY-6121:_5-aminoimidazole_ribonucleotide_biosynthesis_I	PWY0-1586:_peptidoglycan_maturation_(meso-diaminopimelate_containing)	4	0.19047619047619047	0.8119381319329948
PWY-6121:_5-aminoimidazole_ribonucleotide_biosynthesis_I	PWY0-162:_superpathway_of_pyrimidine_ribonucleotides_de_novo_biosynthesis	1	0.05	0.23791987473944876
PWY-6121:_5-aminoimidazole_ribonucleotide_biosynthesis_I	PWY0-845:_superpathway_of_pyridoxal_5'-phosphate_biosynthesis_and_salvage	1	0.05	0.23650518058216108
PWY-6121:_5-aminoimidazole_ribonucleotide_biosynthesis_I	PWY66-429:_fatty_acid_biosynthesis_initiation_(mitochondria)	6	0.25	0.7490154448198308
PWY-6121:_5-aminoimidazole_ribonucleotide_biosynthesis_I	PYRIDNUCSYN-PWY:_NAD_de_novo_biosynthesis_I_(from_aspartate)	6	0.3	0.8336918016951287
PWY-6121:_5-aminoimidazole_ribonucleotide_biosynthesis_I	PYRIDOXSYN-PWY:_pyridoxal_5'-phosphate_biosynthesis_I	1	0.05	0.23623250813456842
PWY-6121:_5-aminoimidazole_ribonucleotide_biosynthesis_I	RHAMCAT-PWY:_L-rhamnose_degradation_I	4	0.2	0.7688735428787992
PWY-6121:_5-aminoimidazole_ribonucleotide_biosynthesis_I	RIBOSYN2-PWY:_flavin_biosynthesis_I_(bacteria_and_plants)	8	0.4	0.8137245417885381
PWY-6121:_5-aminoimidazole_ribonucleotide_biosynthesis_I	SALVADEHYPOX-PWY:_adenosine_nucleotides_degradation_II	1	0.05	0.07825015090692733
PWY-6121:_5-aminoimidazole_ribonucleotide_biosynthesis_I	SER-GLYSYN-PWY:_superpathway_of_L-serine_and_glycine_biosynthesis_I	9	0.42857142857142855	0.8791295099731966
PWY-6121:_5-aminoimidazole_ribonucleotide_biosynthesis_I	THISYNARA-PWY:_superpathway_of_thiamine_diphosphate_biosynthesis_III_(eukaryotes)	3	0.15	0.08545720728523754
PWY-6121:_5-aminoimidazole_ribonucleotide_biosynthesis_I	THRESYN-PWY:_superpathway_of_L-threonine_biosynthesis	2	0.09523809523809523	0.7391737504386233
PWY-6121:_5-aminoimidazole_ribonucleotide_biosynthesis_I	TRNA-CHARGING-PWY:_tRNA_charging	7	0.35	0.9117590165909317
PWY-6121:_5-aminoimidazole_ribonucleotide_biosynthesis_I	UDPNAGSYN-PWY:_UDP-N-acetyl-D-glucosamine_biosynthesis_I	4	0.17391304347826086	0.044860248007752346
PWY-6121:_5-aminoimidazole_ribonucleotide_biosynthesis_I	VALSYN-PWY:_L-valine_biosynthesis	16	0.6153846153846154	0.849930873751694
PWY-6122:_5-aminoimidazole_ribonucleotide_biosynthesis_II	PWY-6123:_inosine-5'-phosphate_biosynthesis_I	6	0.24	0.8590537176059909
PWY-6122:_5-aminoimidazole_ribonucleotide_biosynthesis_II	PWY-6124:_inosine-5'-phosphate_biosynthesis_II	8	0.3076923076923077	0.8584155178632216
PWY-6122:_5-aminoimidazole_ribonucleotide_biosynthesis_II	PWY-6125:_superpathway_of_guanosine_nucleotides_de_novo_biosynthesis_II	2	0.08333333333333333	0.7497610769147425
PWY-6122:_5-aminoimidazole_ribonucleotide_biosynthesis_II	PWY-6126:_superpathway_of_adenosine_nucleotides_de_novo_biosynthesis_II	2	0.08333333333333333	0.6740059985158444
PWY-6122:_5-aminoimidazole_ribonucleotide_biosynthesis_II	PWY-6147:_6-hydroxymethyl-dihydropterin_diphosphate_biosynthesis_I	3	0.125	0.7791245798838714
PWY-6122:_5-aminoimidazole_ribonucleotide_biosynthesis_II	PWY-6151:_S-adenosyl-L-methionine_salvage_I	12	0.46153846153846156	0.755691394890462
PWY-6122:_5-aminoimidazole_ribonucleotide_biosynthesis_II	PWY-6163:_chorismate_biosynthesis_from_3-dehydroquinate	14	0.5384615384615384	0.807637654993229
PWY-6122:_5-aminoimidazole_ribonucleotide_biosynthesis_II	PWY-621:_sucrose_degradation_III_(sucrose_invertase)	4	0.16666666666666666	0.24325540508910093
PWY-6122:_5-aminoimidazole_ribonucleotide_biosynthesis_II	PWY-6270:_isoprene_biosynthesis_I	2	0.08333333333333333	0.23886242925874768
PWY-6122:_5-aminoimidazole_ribonucleotide_biosynthesis_II	PWY-6277:_superpathway_of_5-aminoimidazole_ribonucleotide_biosynthesis	24	1.0	1.0
PWY-6122:_5-aminoimidazole_ribonucleotide_biosynthesis_II	PWY-6317:_D-galactose_degradation_I_(Leloir_pathway)	7	0.28	0.2345866427327038
PWY-6122:_5-aminoimidazole_ribonucleotide_biosynthesis_II	PWY-6385:_peptidoglycan_biosynthesis_III_(mycobacteria)	12	0.48	0.8592471243907047
PWY-6122:_5-aminoimidazole_ribonucleotide_biosynthesis_II	PWY-6386:_UDP-N-acetylmuramoyl-pentapeptide_biosynthesis_II_(lysine-containing)	10	0.4	0.8695645448383031
PWY-6122:_5-aminoimidazole_ribonucleotide_biosynthesis_II	PWY-6387:_UDP-N-acetylmuramoyl-pentapeptide_biosynthesis_I_(meso-diaminopimelate_containing)	13	0.5	0.8647988476358941
PWY-6122:_5-aminoimidazole_ribonucleotide_biosynthesis_II	PWY-6507:_4-deoxy-L-threo-hex-4-enopyranuronate_degradation	1	0.041666666666666664	0.15229825819070808
PWY-6122:_5-aminoimidazole_ribonucleotide_biosynthesis_II	PWY-6527:_stachyose_degradation	7	0.28	0.1338762565783228
PWY-6122:_5-aminoimidazole_ribonucleotide_biosynthesis_II	PWY-6572:_chondroitin_sulfate_degradation_I_(bacterial)	1	0.041666666666666664	0.1949531418833489
PWY-6122:_5-aminoimidazole_ribonucleotide_biosynthesis_II	PWY-6588:_pyruvate_fermentation_to_acetone	1	0.041666666666666664	0.008729982391011082
PWY-6122:_5-aminoimidazole_ribonucleotide_biosynthesis_II	PWY-6608:_guanosine_nucleotides_degradation_III	2	0.08333333333333333	0.09210396012715039
PWY-6122:_5-aminoimidazole_ribonucleotide_biosynthesis_II	PWY-6609:_adenine_and_adenosine_salvage_III	16	0.64	0.848932837214871
PWY-6122:_5-aminoimidazole_ribonucleotide_biosynthesis_II	PWY-6700:_queuosine_biosynthesis_I_(de_novo)	16	0.6153846153846154	0.7927853546323474
PWY-6122:_5-aminoimidazole_ribonucleotide_biosynthesis_II	PWY-6703:_preQ0_biosynthesis	7	0.2916666666666667	0.7436275479131236
PWY-6122:_5-aminoimidazole_ribonucleotide_biosynthesis_II	PWY-6823:_molybdopterin_biosynthesis	6	0.24	0.19245863642579186
PWY-6122:_5-aminoimidazole_ribonucleotide_biosynthesis_II	PWY-6876:_isopropanol_biosynthesis_(engineered)	1	0.041666666666666664	0.008739633718053197
PWY-6122:_5-aminoimidazole_ribonucleotide_biosynthesis_II	PWY-6897:_thiamine_diphosphate_salvage_II	3	0.125	0.1703361539354853
PWY-6122:_5-aminoimidazole_ribonucleotide_biosynthesis_II	PWY-6902:_chitin_degradation_II_(Vibrio)	1	0.04	0.16997973330911442
PWY-6122:_5-aminoimidazole_ribonucleotide_biosynthesis_II	PWY-6936:_seleno-amino_acid_biosynthesis_(plants)	4	0.14814814814814814	0.07519290821537428
PWY-6122:_5-aminoimidazole_ribonucleotide_biosynthesis_II	PWY-7111:_pyruvate_fermentation_to_isobutanol_(engineered)	8	0.3333333333333333	0.1178320722167685
PWY-6122:_5-aminoimidazole_ribonucleotide_biosynthesis_II	PWY-7199:_pyrimidine_deoxyribonucleosides_salvage	3	0.125	0.8061988820766673
PWY-6122:_5-aminoimidazole_ribonucleotide_biosynthesis_II	PWY-7220:_adenosine_deoxyribonucleotides_de_novo_biosynthesis_II	2	0.08333333333333333	0.6998495097432524
PWY-6122:_5-aminoimidazole_ribonucleotide_biosynthesis_II	PWY-7221:_guanosine_ribonucleotides_de_novo_biosynthesis	14	0.5384615384615384	0.8552391058531957
PWY-6122:_5-aminoimidazole_ribonucleotide_biosynthesis_II	PWY-7222:_guanosine_deoxyribonucleotides_de_novo_biosynthesis_II	2	0.08333333333333333	0.6998495097432524
PWY-6122:_5-aminoimidazole_ribonucleotide_biosynthesis_II	PWY-7228:_superpathway_of_guanosine_nucleotides_de_novo_biosynthesis_I	3	0.125	0.7082679593924637
PWY-6122:_5-aminoimidazole_ribonucleotide_biosynthesis_II	PWY-7229:_superpathway_of_adenosine_nucleotides_de_novo_biosynthesis_I	2	0.08333333333333333	0.6543468350851265
PWY-6122:_5-aminoimidazole_ribonucleotide_biosynthesis_II	PWY-7234:_inosine-5'-phosphate_biosynthesis_III	1	0.041666666666666664	0.11725076688332758
PWY-6122:_5-aminoimidazole_ribonucleotide_biosynthesis_II	PWY-7237:_myo-,_chiro-_and_scyllo-inositol_degradation	8	0.3076923076923077	0.2270720243745178
PWY-6122:_5-aminoimidazole_ribonucleotide_biosynthesis_II	PWY-7238:_sucrose_biosynthesis_II	12	0.48	0.2727465289332406
PWY-6122:_5-aminoimidazole_ribonucleotide_biosynthesis_II	PWY-7242:_D-fructuronate_degradation	1	0.041666666666666664	0.15272297603912355
PWY-6122:_5-aminoimidazole_ribonucleotide_biosynthesis_II	PWY-724:_superpathway_of_L-lysine,_L-threonine_and_L-methionine_biosynthesis_II	1	0.041666666666666664	0.0871526002545181
PWY-6122:_5-aminoimidazole_ribonucleotide_biosynthesis_II	PWY-7357:_thiamine_phosphate_formation_from_pyrithiamine_and_oxythiamine_(yeast)	5	0.20833333333333334	0.18634947814031777
PWY-6122:_5-aminoimidazole_ribonucleotide_biosynthesis_II	PWY-7456:_&beta;-(1,4)-mannan_degradation	1	0.041666666666666664	0.020833009310164186
PWY-6122:_5-aminoimidazole_ribonucleotide_biosynthesis_II	PWY-7560:_methylerythritol_phosphate_pathway_II	2	0.08333333333333333	0.23904336785308067
PWY-6122:_5-aminoimidazole_ribonucleotide_biosynthesis_II	PWY-7663:_gondoate_biosynthesis_(anaerobic)	2	0.08333333333333333	0.7068745845864652
PWY-6122:_5-aminoimidazole_ribonucleotide_biosynthesis_II	PWY-7790:_UMP_biosynthesis_II	16	0.64	0.8733940484625156
PWY-6122:_5-aminoimidazole_ribonucleotide_biosynthesis_II	PWY-7791:_UMP_biosynthesis_III	16	0.64	0.8482374675046239
PWY-6122:_5-aminoimidazole_ribonucleotide_biosynthesis_II	PWY-7851:_coenzyme_A_biosynthesis_II_(eukaryotic)	11	0.4583333333333333	0.9301446219736683
PWY-6122:_5-aminoimidazole_ribonucleotide_biosynthesis_II	PWY-7953:_UDP-N-acetylmuramoyl-pentapeptide_biosynthesis_III_(meso-diaminopimelate_containing)	11	0.44	0.8357322253882896
PWY-6122:_5-aminoimidazole_ribonucleotide_biosynthesis_II	PWY-7977:_L-methionine_biosynthesis_IV	6	0.25	0.856611673125518
PWY-6122:_5-aminoimidazole_ribonucleotide_biosynthesis_II	PWY-8178:_pentose_phosphate_pathway_(non-oxidative_branch)_II	7	0.2916666666666667	0.27350468427052754
PWY-6122:_5-aminoimidazole_ribonucleotide_biosynthesis_II	PWY-I9:_L-cysteine_biosynthesis_VI_(from_L-methionine)	1	0.041666666666666664	0.0010169279126317488
PWY-6122:_5-aminoimidazole_ribonucleotide_biosynthesis_II	PWY0-1061:_superpathway_of_L-alanine_biosynthesis	2	0.08333333333333333	0.016349348914485695
PWY-6122:_5-aminoimidazole_ribonucleotide_biosynthesis_II	PWY0-1241:_ADP-L-glycero-&beta;-D-manno-heptose_biosynthesis	2	0.08333333333333333	0.012124116298086962
PWY-6122:_5-aminoimidazole_ribonucleotide_biosynthesis_II	PWY0-1296:_purine_ribonucleosides_degradation	7	0.28	0.2255531531752175
PWY-6122:_5-aminoimidazole_ribonucleotide_biosynthesis_II	PWY0-1319:_CDP-diacylglycerol_biosynthesis_II	8	0.3333333333333333	0.8429765836003045
PWY-6122:_5-aminoimidazole_ribonucleotide_biosynthesis_II	PWY0-1477:_ethanolamine_utilization	1	0.041666666666666664	0.008729300048494815
PWY-6122:_5-aminoimidazole_ribonucleotide_biosynthesis_II	PWY0-1586:_peptidoglycan_maturation_(meso-diaminopimelate_containing)	5	0.20833333333333334	0.7887416828409202
PWY-6122:_5-aminoimidazole_ribonucleotide_biosynthesis_II	PWY0-162:_superpathway_of_pyrimidine_ribonucleotides_de_novo_biosynthesis	1	0.041666666666666664	0.20889792218880954
PWY-6122:_5-aminoimidazole_ribonucleotide_biosynthesis_II	PWY0-845:_superpathway_of_pyridoxal_5'-phosphate_biosynthesis_and_salvage	1	0.041666666666666664	0.20763429331413508
PWY-6122:_5-aminoimidazole_ribonucleotide_biosynthesis_II	PWY66-429:_fatty_acid_biosynthesis_initiation_(mitochondria)	7	0.25925925925925924	0.7213811340903118
PWY-6122:_5-aminoimidazole_ribonucleotide_biosynthesis_II	PYRIDNUCSYN-PWY:_NAD_de_novo_biosynthesis_I_(from_aspartate)	6	0.25	0.7962276078268918
PWY-6122:_5-aminoimidazole_ribonucleotide_biosynthesis_II	PYRIDOXSYN-PWY:_pyridoxal_5'-phosphate_biosynthesis_I	1	0.041666666666666664	0.20739076772737075
PWY-6122:_5-aminoimidazole_ribonucleotide_biosynthesis_II	RHAMCAT-PWY:_L-rhamnose_degradation_I	4	0.16666666666666666	0.7300858523326519
PWY-6122:_5-aminoimidazole_ribonucleotide_biosynthesis_II	RIBOSYN2-PWY:_flavin_biosynthesis_I_(bacteria_and_plants)	8	0.3333333333333333	0.7804882197587859
PWY-6122:_5-aminoimidazole_ribonucleotide_biosynthesis_II	SALVADEHYPOX-PWY:_adenosine_nucleotides_degradation_II	1	0.041666666666666664	0.07974615146481201
PWY-6122:_5-aminoimidazole_ribonucleotide_biosynthesis_II	SER-GLYSYN-PWY:_superpathway_of_L-serine_and_glycine_biosynthesis_I	10	0.4166666666666667	0.8837280750296141
PWY-6122:_5-aminoimidazole_ribonucleotide_biosynthesis_II	THISYNARA-PWY:_superpathway_of_thiamine_diphosphate_biosynthesis_III_(eukaryotes)	3	0.125	0.08708474984138426
PWY-6122:_5-aminoimidazole_ribonucleotide_biosynthesis_II	THRESYN-PWY:_superpathway_of_L-threonine_biosynthesis	3	0.125	0.7229694765118876
PWY-6122:_5-aminoimidazole_ribonucleotide_biosynthesis_II	TRNA-CHARGING-PWY:_tRNA_charging	7	0.2916666666666667	0.8756166484382255
PWY-6122:_5-aminoimidazole_ribonucleotide_biosynthesis_II	UDPNAGSYN-PWY:_UDP-N-acetyl-D-glucosamine_biosynthesis_I	6	0.24	0.07525437452381878
PWY-6122:_5-aminoimidazole_ribonucleotide_biosynthesis_II	VALSYN-PWY:_L-valine_biosynthesis	18	0.6428571428571429	0.831561302437893
PWY-6123:_inosine-5'-phosphate_biosynthesis_I	PWY-6124:_inosine-5'-phosphate_biosynthesis_II	7	0.7	0.9795629846291493
PWY-6123:_inosine-5'-phosphate_biosynthesis_I	PWY-6125:_superpathway_of_guanosine_nucleotides_de_novo_biosynthesis_II	2	0.2857142857142857	0.8855036109777322
PWY-6123:_inosine-5'-phosphate_biosynthesis_I	PWY-6126:_superpathway_of_adenosine_nucleotides_de_novo_biosynthesis_II	2	0.2857142857142857	0.7982475870396236
PWY-6123:_inosine-5'-phosphate_biosynthesis_I	PWY-6147:_6-hydroxymethyl-dihydropterin_diphosphate_biosynthesis_I	3	0.42857142857142855	0.9145020819144913
PWY-6123:_inosine-5'-phosphate_biosynthesis_I	PWY-6151:_S-adenosyl-L-methionine_salvage_I	2	0.10526315789473684	0.7700179633789561
PWY-6123:_inosine-5'-phosphate_biosynthesis_I	PWY-6163:_chorismate_biosynthesis_from_3-dehydroquinate	5	0.2777777777777778	0.8428949612996786
PWY-6123:_inosine-5'-phosphate_biosynthesis_I	PWY-621:_sucrose_degradation_III_(sucrose_invertase)	1	0.1	0.26133415589562814
PWY-6123:_inosine-5'-phosphate_biosynthesis_I	PWY-6270:_isoprene_biosynthesis_I	1	0.125	0.25680304407504295
PWY-6123:_inosine-5'-phosphate_biosynthesis_I	PWY-6277:_superpathway_of_5-aminoimidazole_ribonucleotide_biosynthesis	6	0.24	0.8590537176059908
PWY-6123:_inosine-5'-phosphate_biosynthesis_I	PWY-6317:_D-galactose_degradation_I_(Leloir_pathway)	1	0.07142857142857142	0.13620013444328194
PWY-6123:_inosine-5'-phosphate_biosynthesis_I	PWY-6385:_peptidoglycan_biosynthesis_III_(mycobacteria)	6	0.42857142857142855	0.9218626835153315
PWY-6123:_inosine-5'-phosphate_biosynthesis_I	PWY-6386:_UDP-N-acetylmuramoyl-pentapeptide_biosynthesis_II_(lysine-containing)	6	0.5	0.9369591821310221
PWY-6123:_inosine-5'-phosphate_biosynthesis_I	PWY-6387:_UDP-N-acetylmuramoyl-pentapeptide_biosynthesis_I_(meso-diaminopimelate_containing)	6	0.375	0.9123104960653188
PWY-6123:_inosine-5'-phosphate_biosynthesis_I	PWY-6507:_4-deoxy-L-threo-hex-4-enopyranuronate_degradation	1	0.14285714285714285	0.1539560673211925
PWY-6123:_inosine-5'-phosphate_biosynthesis_I	PWY-6527:_stachyose_degradation	1	0.07142857142857142	0.03767882880985263
PWY-6123:_inosine-5'-phosphate_biosynthesis_I	PWY-6572:_chondroitin_sulfate_degradation_I_(bacterial)	1	0.14285714285714285	0.2606465992502547
PWY-6123:_inosine-5'-phosphate_biosynthesis_I	PWY-6608:_guanosine_nucleotides_degradation_III	1	0.125	0.0860181434934113
PWY-6123:_inosine-5'-phosphate_biosynthesis_I	PWY-6609:_adenine_and_adenosine_salvage_III	4	0.2	0.865673401039304
PWY-6123:_inosine-5'-phosphate_biosynthesis_I	PWY-6700:_queuosine_biosynthesis_I_(de_novo)	6	0.3157894736842105	0.8250920291269545
PWY-6123:_inosine-5'-phosphate_biosynthesis_I	PWY-6703:_preQ0_biosynthesis	4	0.4	0.8431840754748964
PWY-6123:_inosine-5'-phosphate_biosynthesis_I	PWY-6823:_molybdopterin_biosynthesis	3	0.2727272727272727	0.15620953435449048
PWY-6123:_inosine-5'-phosphate_biosynthesis_I	PWY-6897:_thiamine_diphosphate_salvage_II	1	0.1111111111111111	0.15322090155552115
PWY-6123:_inosine-5'-phosphate_biosynthesis_I	PWY-6902:_chitin_degradation_II_(Vibrio)	1	0.125	0.2262052760189478
PWY-6123:_inosine-5'-phosphate_biosynthesis_I	PWY-6936:_seleno-amino_acid_biosynthesis_(plants)	2	0.16666666666666666	0.01279973190286876
PWY-6123:_inosine-5'-phosphate_biosynthesis_I	PWY-7111:_pyruvate_fermentation_to_isobutanol_(engineered)	1	0.07142857142857142	0.03535883654613481
PWY-6123:_inosine-5'-phosphate_biosynthesis_I	PWY-7199:_pyrimidine_deoxyribonucleosides_salvage	2	0.25	0.844276491204104
PWY-6123:_inosine-5'-phosphate_biosynthesis_I	PWY-7220:_adenosine_deoxyribonucleotides_de_novo_biosynthesis_II	2	0.2857142857142857	0.8235421269852531
PWY-6123:_inosine-5'-phosphate_biosynthesis_I	PWY-7221:_guanosine_ribonucleotides_de_novo_biosynthesis	6	0.35294117647058826	0.8944936080869088
PWY-6123:_inosine-5'-phosphate_biosynthesis_I	PWY-7222:_guanosine_deoxyribonucleotides_de_novo_biosynthesis_II	2	0.2857142857142857	0.8235421269852531
PWY-6123:_inosine-5'-phosphate_biosynthesis_I	PWY-7228:_superpathway_of_guanosine_nucleotides_de_novo_biosynthesis_I	2	0.25	0.8309709544773269
PWY-6123:_inosine-5'-phosphate_biosynthesis_I	PWY-7229:_superpathway_of_adenosine_nucleotides_de_novo_biosynthesis_I	2	0.2857142857142857	0.7744758991578848
PWY-6123:_inosine-5'-phosphate_biosynthesis_I	PWY-7234:_inosine-5'-phosphate_biosynthesis_III	1	0.14285714285714285	0.12219040699682593
PWY-6123:_inosine-5'-phosphate_biosynthesis_I	PWY-7237:_myo-,_chiro-_and_scyllo-inositol_degradation	1	0.0625	0.13973875412275205
PWY-6123:_inosine-5'-phosphate_biosynthesis_I	PWY-7238:_sucrose_biosynthesis_II	1	0.05263157894736842	0.12092991941749476
PWY-6123:_inosine-5'-phosphate_biosynthesis_I	PWY-7242:_D-fructuronate_degradation	1	0.14285714285714285	0.15440301019535474
PWY-6123:_inosine-5'-phosphate_biosynthesis_I	PWY-724:_superpathway_of_L-lysine,_L-threonine_and_L-methionine_biosynthesis_II	1	0.14285714285714285	0.09088544906537377
PWY-6123:_inosine-5'-phosphate_biosynthesis_I	PWY-7357:_thiamine_phosphate_formation_from_pyrithiamine_and_oxythiamine_(yeast)	1	0.09090909090909091	0.14919116855664172
PWY-6123:_inosine-5'-phosphate_biosynthesis_I	PWY-7560:_methylerythritol_phosphate_pathway_II	1	0.125	0.2559907334339776
PWY-6123:_inosine-5'-phosphate_biosynthesis_I	PWY-7663:_gondoate_biosynthesis_(anaerobic)	2	0.2857142857142857	0.8380590714987423
PWY-6123:_inosine-5'-phosphate_biosynthesis_I	PWY-7790:_UMP_biosynthesis_II	5	0.2631578947368421	0.9069500570271668
PWY-6123:_inosine-5'-phosphate_biosynthesis_I	PWY-7791:_UMP_biosynthesis_III	5	0.2631578947368421	0.8803015531515708
PWY-6123:_inosine-5'-phosphate_biosynthesis_I	PWY-7851:_coenzyme_A_biosynthesis_II_(eukaryotic)	5	0.38461538461538464	0.8868849517398428
PWY-6123:_inosine-5'-phosphate_biosynthesis_I	PWY-7953:_UDP-N-acetylmuramoyl-pentapeptide_biosynthesis_III_(meso-diaminopimelate_containing)	5	0.35714285714285715	0.8903095737472384
PWY-6123:_inosine-5'-phosphate_biosynthesis_I	PWY-7977:_L-methionine_biosynthesis_IV	4	0.4444444444444444	0.9332440251919726
PWY-6123:_inosine-5'-phosphate_biosynthesis_I	PWY-8178:_pentose_phosphate_pathway_(non-oxidative_branch)_II	1	0.07692307692307693	0.25891234075418623
PWY-6123:_inosine-5'-phosphate_biosynthesis_I	PWY0-1241:_ADP-L-glycero-&beta;-D-manno-heptose_biosynthesis	2	0.2857142857142857	0.012349864503387153
PWY-6123:_inosine-5'-phosphate_biosynthesis_I	PWY0-1296:_purine_ribonucleosides_degradation	1	0.07142857142857142	0.13862813509095884
PWY-6123:_inosine-5'-phosphate_biosynthesis_I	PWY0-1319:_CDP-diacylglycerol_biosynthesis_II	3	0.25	0.8901340476535161
PWY-6123:_inosine-5'-phosphate_biosynthesis_I	PWY0-1586:_peptidoglycan_maturation_(meso-diaminopimelate_containing)	3	0.3333333333333333	0.8492470198905544
PWY-6123:_inosine-5'-phosphate_biosynthesis_I	PWY0-162:_superpathway_of_pyrimidine_ribonucleotides_de_novo_biosynthesis	1	0.14285714285714285	0.2605015611845969
PWY-6123:_inosine-5'-phosphate_biosynthesis_I	PWY0-845:_superpathway_of_pyridoxal_5'-phosphate_biosynthesis_and_salvage	1	0.14285714285714285	0.2714318917339291
PWY-6123:_inosine-5'-phosphate_biosynthesis_I	PWY66-429:_fatty_acid_biosynthesis_initiation_(mitochondria)	3	0.21428571428571427	0.7973004277664192
PWY-6123:_inosine-5'-phosphate_biosynthesis_I	PYRIDNUCSYN-PWY:_NAD_de_novo_biosynthesis_I_(from_aspartate)	3	0.3	0.8786847362799401
PWY-6123:_inosine-5'-phosphate_biosynthesis_I	PYRIDOXSYN-PWY:_pyridoxal_5'-phosphate_biosynthesis_I	1	0.14285714285714285	0.2735377837057743
PWY-6123:_inosine-5'-phosphate_biosynthesis_I	RHAMCAT-PWY:_L-rhamnose_degradation_I	2	0.2222222222222222	0.8347235207269289
PWY-6123:_inosine-5'-phosphate_biosynthesis_I	RIBOSYN2-PWY:_flavin_biosynthesis_I_(bacteria_and_plants)	5	0.5	0.8736807027238009
PWY-6123:_inosine-5'-phosphate_biosynthesis_I	SALVADEHYPOX-PWY:_adenosine_nucleotides_degradation_II	1	0.14285714285714285	0.08317556717645747
PWY-6123:_inosine-5'-phosphate_biosynthesis_I	SER-GLYSYN-PWY:_superpathway_of_L-serine_and_glycine_biosynthesis_I	3	0.21428571428571427	0.8506863340125008
PWY-6123:_inosine-5'-phosphate_biosynthesis_I	THISYNARA-PWY:_superpathway_of_thiamine_diphosphate_biosynthesis_III_(eukaryotes)	1	0.1111111111111111	0.07677849527723768
PWY-6123:_inosine-5'-phosphate_biosynthesis_I	THRESYN-PWY:_superpathway_of_L-threonine_biosynthesis	2	0.25	0.8170597192001663
PWY-6123:_inosine-5'-phosphate_biosynthesis_I	TRNA-CHARGING-PWY:_tRNA_charging	4	0.4	0.9548699555803781
PWY-6123:_inosine-5'-phosphate_biosynthesis_I	UDPNAGSYN-PWY:_UDP-N-acetyl-D-glucosamine_biosynthesis_I	3	0.2727272727272727	0.013286005229487197
PWY-6123:_inosine-5'-phosphate_biosynthesis_I	VALSYN-PWY:_L-valine_biosynthesis	6	0.2608695652173913	0.8410586439188024
PWY-6124:_inosine-5'-phosphate_biosynthesis_II	PWY-6125:_superpathway_of_guanosine_nucleotides_de_novo_biosynthesis_II	2	0.2	0.8833482638857629
PWY-6124:_inosine-5'-phosphate_biosynthesis_II	PWY-6126:_superpathway_of_adenosine_nucleotides_de_novo_biosynthesis_II	2	0.2	0.7940126086851516
PWY-6124:_inosine-5'-phosphate_biosynthesis_II	PWY-6147:_6-hydroxymethyl-dihydropterin_diphosphate_biosynthesis_I	3	0.3	0.914868905428578
PWY-6124:_inosine-5'-phosphate_biosynthesis_II	PWY-6151:_S-adenosyl-L-methionine_salvage_I	3	0.14285714285714285	0.7765681505499434
PWY-6124:_inosine-5'-phosphate_biosynthesis_II	PWY-6163:_chorismate_biosynthesis_from_3-dehydroquinate	6	0.3	0.8516182780129248
PWY-6124:_inosine-5'-phosphate_biosynthesis_II	PWY-621:_sucrose_degradation_III_(sucrose_invertase)	2	0.16666666666666666	0.2649358976961541
PWY-6124:_inosine-5'-phosphate_biosynthesis_II	PWY-6270:_isoprene_biosynthesis_I	1	0.09090909090909091	0.2497170576987091
PWY-6124:_inosine-5'-phosphate_biosynthesis_II	PWY-6277:_superpathway_of_5-aminoimidazole_ribonucleotide_biosynthesis	8	0.3076923076923077	0.8584155178632216
PWY-6124:_inosine-5'-phosphate_biosynthesis_II	PWY-6317:_D-galactose_degradation_I_(Leloir_pathway)	2	0.125	0.14338513376344075
PWY-6124:_inosine-5'-phosphate_biosynthesis_II	PWY-6385:_peptidoglycan_biosynthesis_III_(mycobacteria)	7	0.4375	0.9111423336713632
PWY-6124:_inosine-5'-phosphate_biosynthesis_II	PWY-6386:_UDP-N-acetylmuramoyl-pentapeptide_biosynthesis_II_(lysine-containing)	6	0.4	0.9421656305437387
PWY-6124:_inosine-5'-phosphate_biosynthesis_II	PWY-6387:_UDP-N-acetylmuramoyl-pentapeptide_biosynthesis_I_(meso-diaminopimelate_containing)	7	0.3888888888888889	0.9171075276877797
PWY-6124:_inosine-5'-phosphate_biosynthesis_II	PWY-6507:_4-deoxy-L-threo-hex-4-enopyranuronate_degradation	1	0.1	0.16449814091382475
PWY-6124:_inosine-5'-phosphate_biosynthesis_II	PWY-6527:_stachyose_degradation	2	0.125	0.04814609907790357
PWY-6124:_inosine-5'-phosphate_biosynthesis_II	PWY-6572:_chondroitin_sulfate_degradation_I_(bacterial)	1	0.1	0.2476744902759912
PWY-6124:_inosine-5'-phosphate_biosynthesis_II	PWY-6608:_guanosine_nucleotides_degradation_III	1	0.09090909090909091	0.08337469072254966
PWY-6124:_inosine-5'-phosphate_biosynthesis_II	PWY-6609:_adenine_and_adenosine_salvage_III	5	0.22727272727272727	0.8792390960727888
PWY-6124:_inosine-5'-phosphate_biosynthesis_II	PWY-6700:_queuosine_biosynthesis_I_(de_novo)	7	0.3333333333333333	0.8300778339176744
PWY-6124:_inosine-5'-phosphate_biosynthesis_II	PWY-6703:_preQ0_biosynthesis	5	0.4166666666666667	0.8425957621670873
PWY-6124:_inosine-5'-phosphate_biosynthesis_II	PWY-6823:_molybdopterin_biosynthesis	3	0.21428571428571427	0.15161171579989552
PWY-6124:_inosine-5'-phosphate_biosynthesis_II	PWY-6897:_thiamine_diphosphate_salvage_II	2	0.18181818181818182	0.17071072666140263
PWY-6124:_inosine-5'-phosphate_biosynthesis_II	PWY-6902:_chitin_degradation_II_(Vibrio)	1	0.09090909090909091	0.21569717004720035
PWY-6124:_inosine-5'-phosphate_biosynthesis_II	PWY-6936:_seleno-amino_acid_biosynthesis_(plants)	4	0.3076923076923077	0.025193751571380485
PWY-6124:_inosine-5'-phosphate_biosynthesis_II	PWY-7111:_pyruvate_fermentation_to_isobutanol_(engineered)	2	0.125	0.04422112946101997
PWY-6124:_inosine-5'-phosphate_biosynthesis_II	PWY-7199:_pyrimidine_deoxyribonucleosides_salvage	2	0.18181818181818182	0.8283808977761677
PWY-6124:_inosine-5'-phosphate_biosynthesis_II	PWY-7220:_adenosine_deoxyribonucleotides_de_novo_biosynthesis_II	2	0.2	0.8225502151103008
PWY-6124:_inosine-5'-phosphate_biosynthesis_II	PWY-7221:_guanosine_ribonucleotides_de_novo_biosynthesis	7	0.3684210526315789	0.9001396406339148
PWY-6124:_inosine-5'-phosphate_biosynthesis_II	PWY-7222:_guanosine_deoxyribonucleotides_de_novo_biosynthesis_II	2	0.2	0.8225502151103008
PWY-6124:_inosine-5'-phosphate_biosynthesis_II	PWY-7228:_superpathway_of_guanosine_nucleotides_de_novo_biosynthesis_I	3	0.3	0.8307961493553195
PWY-6124:_inosine-5'-phosphate_biosynthesis_II	PWY-7229:_superpathway_of_adenosine_nucleotides_de_novo_biosynthesis_I	2	0.2	0.770730538948258
PWY-6124:_inosine-5'-phosphate_biosynthesis_II	PWY-7234:_inosine-5'-phosphate_biosynthesis_III	1	0.1	0.11847757910111267
PWY-6124:_inosine-5'-phosphate_biosynthesis_II	PWY-7237:_myo-,_chiro-_and_scyllo-inositol_degradation	1	0.05263157894736842	0.14971530694174984
PWY-6124:_inosine-5'-phosphate_biosynthesis_II	PWY-7238:_sucrose_biosynthesis_II	2	0.09523809523809523	0.13918364527060556
PWY-6124:_inosine-5'-phosphate_biosynthesis_II	PWY-7242:_D-fructuronate_degradation	1	0.1	0.164961555637806
PWY-6124:_inosine-5'-phosphate_biosynthesis_II	PWY-724:_superpathway_of_L-lysine,_L-threonine_and_L-methionine_biosynthesis_II	1	0.1	0.08807922361420739
PWY-6124:_inosine-5'-phosphate_biosynthesis_II	PWY-7357:_thiamine_phosphate_formation_from_pyrithiamine_and_oxythiamine_(yeast)	2	0.15384615384615385	0.16743620291313155
PWY-6124:_inosine-5'-phosphate_biosynthesis_II	PWY-7456:_&beta;-(1,4)-mannan_degradation	1	0.1	0.01253533781738958
PWY-6124:_inosine-5'-phosphate_biosynthesis_II	PWY-7560:_methylerythritol_phosphate_pathway_II	1	0.09090909090909091	0.24892175966487795
PWY-6124:_inosine-5'-phosphate_biosynthesis_II	PWY-7663:_gondoate_biosynthesis_(anaerobic)	2	0.2	0.8329549594962333
PWY-6124:_inosine-5'-phosphate_biosynthesis_II	PWY-7790:_UMP_biosynthesis_II	5	0.22727272727272727	0.9090005209535742
PWY-6124:_inosine-5'-phosphate_biosynthesis_II	PWY-7791:_UMP_biosynthesis_III	5	0.22727272727272727	0.8826854638821454
PWY-6124:_inosine-5'-phosphate_biosynthesis_II	PWY-7851:_coenzyme_A_biosynthesis_II_(eukaryotic)	5	0.3125	0.8717057737439189
PWY-6124:_inosine-5'-phosphate_biosynthesis_II	PWY-7953:_UDP-N-acetylmuramoyl-pentapeptide_biosynthesis_III_(meso-diaminopimelate_containing)	6	0.375	0.8928331096791051
PWY-6124:_inosine-5'-phosphate_biosynthesis_II	PWY-7977:_L-methionine_biosynthesis_IV	4	0.3333333333333333	0.9139872322733225
PWY-6124:_inosine-5'-phosphate_biosynthesis_II	PWY-8178:_pentose_phosphate_pathway_(non-oxidative_branch)_II	1	0.0625	0.2460696212290161
PWY-6124:_inosine-5'-phosphate_biosynthesis_II	PWY0-1241:_ADP-L-glycero-&beta;-D-manno-heptose_biosynthesis	2	0.2	0.01187595013048548
PWY-6124:_inosine-5'-phosphate_biosynthesis_II	PWY0-1296:_purine_ribonucleosides_degradation	1	0.058823529411764705	0.14855710803624378
PWY-6124:_inosine-5'-phosphate_biosynthesis_II	PWY0-1319:_CDP-diacylglycerol_biosynthesis_II	3	0.2	0.8965885165373408
PWY-6124:_inosine-5'-phosphate_biosynthesis_II	PWY0-1586:_peptidoglycan_maturation_(meso-diaminopimelate_containing)	3	0.25	0.8300716139618516
PWY-6124:_inosine-5'-phosphate_biosynthesis_II	PWY0-162:_superpathway_of_pyrimidine_ribonucleotides_de_novo_biosynthesis	1	0.1	0.2531526398693362
PWY-6124:_inosine-5'-phosphate_biosynthesis_II	PWY0-845:_superpathway_of_pyridoxal_5'-phosphate_biosynthesis_and_salvage	1	0.1	0.2638213848120382
PWY-6124:_inosine-5'-phosphate_biosynthesis_II	PWY66-429:_fatty_acid_biosynthesis_initiation_(mitochondria)	4	0.25	0.793731685289299
PWY-6124:_inosine-5'-phosphate_biosynthesis_II	PYRIDNUCSYN-PWY:_NAD_de_novo_biosynthesis_I_(from_aspartate)	4	0.3333333333333333	0.8864099379859929
PWY-6124:_inosine-5'-phosphate_biosynthesis_II	PYRIDOXSYN-PWY:_pyridoxal_5'-phosphate_biosynthesis_I	1	0.1	0.26362801181501094
PWY-6124:_inosine-5'-phosphate_biosynthesis_II	RHAMCAT-PWY:_L-rhamnose_degradation_I	2	0.16666666666666666	0.8296945873810166
PWY-6124:_inosine-5'-phosphate_biosynthesis_II	RIBOSYN2-PWY:_flavin_biosynthesis_I_(bacteria_and_plants)	5	0.38461538461538464	0.8797816583470435
PWY-6124:_inosine-5'-phosphate_biosynthesis_II	SALVADEHYPOX-PWY:_adenosine_nucleotides_degradation_II	1	0.1	0.08059734600032242
PWY-6124:_inosine-5'-phosphate_biosynthesis_II	SER-GLYSYN-PWY:_superpathway_of_L-serine_and_glycine_biosynthesis_I	4	0.25	0.8450324061498797
PWY-6124:_inosine-5'-phosphate_biosynthesis_II	THISYNARA-PWY:_superpathway_of_thiamine_diphosphate_biosynthesis_III_(eukaryotes)	1	0.08333333333333333	0.07440775833854707
PWY-6124:_inosine-5'-phosphate_biosynthesis_II	THRESYN-PWY:_superpathway_of_L-threonine_biosynthesis	3	0.3	0.8058565247876582
PWY-6124:_inosine-5'-phosphate_biosynthesis_II	TRNA-CHARGING-PWY:_tRNA_charging	4	0.3076923076923077	0.9438975385204937
PWY-6124:_inosine-5'-phosphate_biosynthesis_II	UDPNAGSYN-PWY:_UDP-N-acetyl-D-glucosamine_biosynthesis_I	5	0.4166666666666667	0.03388213849760191
PWY-6124:_inosine-5'-phosphate_biosynthesis_II	VALSYN-PWY:_L-valine_biosynthesis	8	0.3333333333333333	0.8503703387109535
PWY-6125:_superpathway_of_guanosine_nucleotides_de_novo_biosynthesis_II	PWY-6126:_superpathway_of_adenosine_nucleotides_de_novo_biosynthesis_II	2	1.0	0.8893042935679554
PWY-6125:_superpathway_of_guanosine_nucleotides_de_novo_biosynthesis_II	PWY-6147:_6-hydroxymethyl-dihydropterin_diphosphate_biosynthesis_I	2	0.6666666666666666	0.9371156554124874
PWY-6125:_superpathway_of_guanosine_nucleotides_de_novo_biosynthesis_II	PWY-6151:_S-adenosyl-L-methionine_salvage_I	1	0.06666666666666667	0.7855332560429763
PWY-6125:_superpathway_of_guanosine_nucleotides_de_novo_biosynthesis_II	PWY-6163:_chorismate_biosynthesis_from_3-dehydroquinate	2	0.125	0.8427890815575458
PWY-6125:_superpathway_of_guanosine_nucleotides_de_novo_biosynthesis_II	PWY-621:_sucrose_degradation_III_(sucrose_invertase)	1	0.2	0.2965205119942941
PWY-6125:_superpathway_of_guanosine_nucleotides_de_novo_biosynthesis_II	PWY-6270:_isoprene_biosynthesis_I	1	0.3333333333333333	0.2914935917388044
PWY-6125:_superpathway_of_guanosine_nucleotides_de_novo_biosynthesis_II	PWY-6277:_superpathway_of_5-aminoimidazole_ribonucleotide_biosynthesis	2	0.08333333333333333	0.7497610769147425
PWY-6125:_superpathway_of_guanosine_nucleotides_de_novo_biosynthesis_II	PWY-6385:_peptidoglycan_biosynthesis_III_(mycobacteria)	2	0.15384615384615385	0.8837875658838867
PWY-6125:_superpathway_of_guanosine_nucleotides_de_novo_biosynthesis_II	PWY-6386:_UDP-N-acetylmuramoyl-pentapeptide_biosynthesis_II_(lysine-containing)	2	0.18181818181818182	0.8728926415112785
PWY-6125:_superpathway_of_guanosine_nucleotides_de_novo_biosynthesis_II	PWY-6387:_UDP-N-acetylmuramoyl-pentapeptide_biosynthesis_I_(meso-diaminopimelate_containing)	2	0.13333333333333333	0.8593884197249567
PWY-6125:_superpathway_of_guanosine_nucleotides_de_novo_biosynthesis_II	PWY-6572:_chondroitin_sulfate_degradation_I_(bacterial)	1	0.5	0.28610158440372946
PWY-6125:_superpathway_of_guanosine_nucleotides_de_novo_biosynthesis_II	PWY-6609:_adenine_and_adenosine_salvage_III	2	0.11764705882352941	0.8040982546671489
PWY-6125:_superpathway_of_guanosine_nucleotides_de_novo_biosynthesis_II	PWY-6700:_queuosine_biosynthesis_I_(de_novo)	2	0.1111111111111111	0.8427937778199046
PWY-6125:_superpathway_of_guanosine_nucleotides_de_novo_biosynthesis_II	PWY-6703:_preQ0_biosynthesis	2	0.2857142857142857	0.9349444843063774
PWY-6125:_superpathway_of_guanosine_nucleotides_de_novo_biosynthesis_II	PWY-6902:_chitin_degradation_II_(Vibrio)	1	0.3333333333333333	0.2441728712662733
PWY-6125:_superpathway_of_guanosine_nucleotides_de_novo_biosynthesis_II	PWY-7199:_pyrimidine_deoxyribonucleosides_salvage	2	0.6666666666666666	0.9181688010580688
PWY-6125:_superpathway_of_guanosine_nucleotides_de_novo_biosynthesis_II	PWY-7220:_adenosine_deoxyribonucleotides_de_novo_biosynthesis_II	2	1.0	0.9249837495017112
PWY-6125:_superpathway_of_guanosine_nucleotides_de_novo_biosynthesis_II	PWY-7221:_guanosine_ribonucleotides_de_novo_biosynthesis	2	0.125	0.835298383306503
PWY-6125:_superpathway_of_guanosine_nucleotides_de_novo_biosynthesis_II	PWY-7222:_guanosine_deoxyribonucleotides_de_novo_biosynthesis_II	2	1.0	0.9249837495017112
PWY-6125:_superpathway_of_guanosine_nucleotides_de_novo_biosynthesis_II	PWY-7228:_superpathway_of_guanosine_nucleotides_de_novo_biosynthesis_I	2	0.6666666666666666	0.9285153047008512
PWY-6125:_superpathway_of_guanosine_nucleotides_de_novo_biosynthesis_II	PWY-7229:_superpathway_of_adenosine_nucleotides_de_novo_biosynthesis_I	2	1.0	0.8609652894287181
PWY-6125:_superpathway_of_guanosine_nucleotides_de_novo_biosynthesis_II	PWY-7560:_methylerythritol_phosphate_pathway_II	1	0.3333333333333333	0.2906024211618763
PWY-6125:_superpathway_of_guanosine_nucleotides_de_novo_biosynthesis_II	PWY-7663:_gondoate_biosynthesis_(anaerobic)	2	1.0	0.9129273611644767
PWY-6125:_superpathway_of_guanosine_nucleotides_de_novo_biosynthesis_II	PWY-7790:_UMP_biosynthesis_II	2	0.11764705882352941	0.8296386683194547
PWY-6125:_superpathway_of_guanosine_nucleotides_de_novo_biosynthesis_II	PWY-7791:_UMP_biosynthesis_III	2	0.11764705882352941	0.822597708922418
PWY-6125:_superpathway_of_guanosine_nucleotides_de_novo_biosynthesis_II	PWY-7851:_coenzyme_A_biosynthesis_II_(eukaryotic)	2	0.18181818181818182	0.7919174168696577
PWY-6125:_superpathway_of_guanosine_nucleotides_de_novo_biosynthesis_II	PWY-7953:_UDP-N-acetylmuramoyl-pentapeptide_biosynthesis_III_(meso-diaminopimelate_containing)	2	0.16666666666666666	0.9080393619155958
PWY-6125:_superpathway_of_guanosine_nucleotides_de_novo_biosynthesis_II	PWY-7977:_L-methionine_biosynthesis_IV	2	0.3333333333333333	0.8714091823932182
PWY-6125:_superpathway_of_guanosine_nucleotides_de_novo_biosynthesis_II	PWY-8178:_pentose_phosphate_pathway_(non-oxidative_branch)_II	1	0.125	0.2839564728724242
PWY-6125:_superpathway_of_guanosine_nucleotides_de_novo_biosynthesis_II	PWY0-1319:_CDP-diacylglycerol_biosynthesis_II	2	0.25	0.8902912135547039
PWY-6125:_superpathway_of_guanosine_nucleotides_de_novo_biosynthesis_II	PWY0-1586:_peptidoglycan_maturation_(meso-diaminopimelate_containing)	2	0.4	0.8926017783544874
PWY-6125:_superpathway_of_guanosine_nucleotides_de_novo_biosynthesis_II	PWY0-162:_superpathway_of_pyrimidine_ribonucleotides_de_novo_biosynthesis	1	0.5	0.29661456847735024
PWY-6125:_superpathway_of_guanosine_nucleotides_de_novo_biosynthesis_II	PWY0-845:_superpathway_of_pyridoxal_5'-phosphate_biosynthesis_and_salvage	1	0.5	0.30809418299275326
PWY-6125:_superpathway_of_guanosine_nucleotides_de_novo_biosynthesis_II	PWY66-429:_fatty_acid_biosynthesis_initiation_(mitochondria)	2	0.2	0.8843761052426415
PWY-6125:_superpathway_of_guanosine_nucleotides_de_novo_biosynthesis_II	PYRIDNUCSYN-PWY:_NAD_de_novo_biosynthesis_I_(from_aspartate)	2	0.3333333333333333	0.8997194839426742
PWY-6125:_superpathway_of_guanosine_nucleotides_de_novo_biosynthesis_II	PYRIDOXSYN-PWY:_pyridoxal_5'-phosphate_biosynthesis_I	1	0.5	0.307667245517799
PWY-6125:_superpathway_of_guanosine_nucleotides_de_novo_biosynthesis_II	RHAMCAT-PWY:_L-rhamnose_degradation_I	2	0.5	0.9270871773868037
PWY-6125:_superpathway_of_guanosine_nucleotides_de_novo_biosynthesis_II	RIBOSYN2-PWY:_flavin_biosynthesis_I_(bacteria_and_plants)	2	0.25	0.880194742099939
PWY-6125:_superpathway_of_guanosine_nucleotides_de_novo_biosynthesis_II	SER-GLYSYN-PWY:_superpathway_of_L-serine_and_glycine_biosynthesis_I	2	0.2	0.8290818074577382
PWY-6125:_superpathway_of_guanosine_nucleotides_de_novo_biosynthesis_II	THRESYN-PWY:_superpathway_of_L-threonine_biosynthesis	1	0.25	0.8435966782035775
PWY-6125:_superpathway_of_guanosine_nucleotides_de_novo_biosynthesis_II	TRNA-CHARGING-PWY:_tRNA_charging	2	0.2857142857142857	0.8503046638055304
PWY-6125:_superpathway_of_guanosine_nucleotides_de_novo_biosynthesis_II	VALSYN-PWY:_L-valine_biosynthesis	2	0.09090909090909091	0.8387072220070505
PWY-6126:_superpathway_of_adenosine_nucleotides_de_novo_biosynthesis_II	PWY-6147:_6-hydroxymethyl-dihydropterin_diphosphate_biosynthesis_I	2	0.6666666666666666	0.8510651542768186
PWY-6126:_superpathway_of_adenosine_nucleotides_de_novo_biosynthesis_II	PWY-6151:_S-adenosyl-L-methionine_salvage_I	1	0.06666666666666667	0.7521907229783129
PWY-6126:_superpathway_of_adenosine_nucleotides_de_novo_biosynthesis_II	PWY-6163:_chorismate_biosynthesis_from_3-dehydroquinate	2	0.125	0.8140980756515701
PWY-6126:_superpathway_of_adenosine_nucleotides_de_novo_biosynthesis_II	PWY-621:_sucrose_degradation_III_(sucrose_invertase)	1	0.2	0.24588548928787535
PWY-6126:_superpathway_of_adenosine_nucleotides_de_novo_biosynthesis_II	PWY-6270:_isoprene_biosynthesis_I	1	0.3333333333333333	0.24158065402290174
PWY-6126:_superpathway_of_adenosine_nucleotides_de_novo_biosynthesis_II	PWY-6277:_superpathway_of_5-aminoimidazole_ribonucleotide_biosynthesis	2	0.08333333333333333	0.6740059985158444
PWY-6126:_superpathway_of_adenosine_nucleotides_de_novo_biosynthesis_II	PWY-6385:_peptidoglycan_biosynthesis_III_(mycobacteria)	2	0.15384615384615385	0.7916699399397662
PWY-6126:_superpathway_of_adenosine_nucleotides_de_novo_biosynthesis_II	PWY-6386:_UDP-N-acetylmuramoyl-pentapeptide_biosynthesis_II_(lysine-containing)	2	0.18181818181818182	0.7848615203395084
PWY-6126:_superpathway_of_adenosine_nucleotides_de_novo_biosynthesis_II	PWY-6387:_UDP-N-acetylmuramoyl-pentapeptide_biosynthesis_I_(meso-diaminopimelate_containing)	2	0.13333333333333333	0.7868038862296001
PWY-6126:_superpathway_of_adenosine_nucleotides_de_novo_biosynthesis_II	PWY-6572:_chondroitin_sulfate_degradation_I_(bacterial)	1	0.5	0.27325241048710047
PWY-6126:_superpathway_of_adenosine_nucleotides_de_novo_biosynthesis_II	PWY-6609:_adenine_and_adenosine_salvage_III	2	0.11764705882352941	0.8032232406622796
PWY-6126:_superpathway_of_adenosine_nucleotides_de_novo_biosynthesis_II	PWY-6700:_queuosine_biosynthesis_I_(de_novo)	2	0.1111111111111111	0.8585136836278744
PWY-6126:_superpathway_of_adenosine_nucleotides_de_novo_biosynthesis_II	PWY-6703:_preQ0_biosynthesis	2	0.2857142857142857	0.8820623655536373
PWY-6126:_superpathway_of_adenosine_nucleotides_de_novo_biosynthesis_II	PWY-6902:_chitin_degradation_II_(Vibrio)	1	0.3333333333333333	0.23893257480490926
PWY-6126:_superpathway_of_adenosine_nucleotides_de_novo_biosynthesis_II	PWY-7199:_pyrimidine_deoxyribonucleosides_salvage	2	0.6666666666666666	0.8097718180397279
PWY-6126:_superpathway_of_adenosine_nucleotides_de_novo_biosynthesis_II	PWY-7220:_adenosine_deoxyribonucleotides_de_novo_biosynthesis_II	2	1.0	0.9621985958814793
PWY-6126:_superpathway_of_adenosine_nucleotides_de_novo_biosynthesis_II	PWY-7221:_guanosine_ribonucleotides_de_novo_biosynthesis	2	0.125	0.809731235671902
PWY-6126:_superpathway_of_adenosine_nucleotides_de_novo_biosynthesis_II	PWY-7222:_guanosine_deoxyribonucleotides_de_novo_biosynthesis_II	2	1.0	0.9621985958814793
PWY-6126:_superpathway_of_adenosine_nucleotides_de_novo_biosynthesis_II	PWY-7228:_superpathway_of_guanosine_nucleotides_de_novo_biosynthesis_I	2	0.6666666666666666	0.9514113073122945
PWY-6126:_superpathway_of_adenosine_nucleotides_de_novo_biosynthesis_II	PWY-7229:_superpathway_of_adenosine_nucleotides_de_novo_biosynthesis_I	2	1.0	0.9712180255736222
PWY-6126:_superpathway_of_adenosine_nucleotides_de_novo_biosynthesis_II	PWY-7560:_methylerythritol_phosphate_pathway_II	1	0.3333333333333333	0.24080526888337228
PWY-6126:_superpathway_of_adenosine_nucleotides_de_novo_biosynthesis_II	PWY-7663:_gondoate_biosynthesis_(anaerobic)	2	1.0	0.8392448712560514
PWY-6126:_superpathway_of_adenosine_nucleotides_de_novo_biosynthesis_II	PWY-7790:_UMP_biosynthesis_II	2	0.11764705882352941	0.7550701908030195
PWY-6126:_superpathway_of_adenosine_nucleotides_de_novo_biosynthesis_II	PWY-7791:_UMP_biosynthesis_III	2	0.11764705882352941	0.7904732461285786
PWY-6126:_superpathway_of_adenosine_nucleotides_de_novo_biosynthesis_II	PWY-7851:_coenzyme_A_biosynthesis_II_(eukaryotic)	2	0.18181818181818182	0.7067542733844605
PWY-6126:_superpathway_of_adenosine_nucleotides_de_novo_biosynthesis_II	PWY-7953:_UDP-N-acetylmuramoyl-pentapeptide_biosynthesis_III_(meso-diaminopimelate_containing)	2	0.16666666666666666	0.8118838148191146
PWY-6126:_superpathway_of_adenosine_nucleotides_de_novo_biosynthesis_II	PWY-7977:_L-methionine_biosynthesis_IV	2	0.3333333333333333	0.8018164525776834
PWY-6126:_superpathway_of_adenosine_nucleotides_de_novo_biosynthesis_II	PWY-8178:_pentose_phosphate_pathway_(non-oxidative_branch)_II	1	0.125	0.26097091933339056
PWY-6126:_superpathway_of_adenosine_nucleotides_de_novo_biosynthesis_II	PWY0-1319:_CDP-diacylglycerol_biosynthesis_II	2	0.25	0.7962991596429152
PWY-6126:_superpathway_of_adenosine_nucleotides_de_novo_biosynthesis_II	PWY0-1586:_peptidoglycan_maturation_(meso-diaminopimelate_containing)	2	0.4	0.8163456593908225
PWY-6126:_superpathway_of_adenosine_nucleotides_de_novo_biosynthesis_II	PWY0-162:_superpathway_of_pyrimidine_ribonucleotides_de_novo_biosynthesis	1	0.5	0.24472582866776382
PWY-6126:_superpathway_of_adenosine_nucleotides_de_novo_biosynthesis_II	PWY0-845:_superpathway_of_pyridoxal_5'-phosphate_biosynthesis_and_salvage	1	0.5	0.25509129834657396
PWY-6126:_superpathway_of_adenosine_nucleotides_de_novo_biosynthesis_II	PWY66-429:_fatty_acid_biosynthesis_initiation_(mitochondria)	2	0.2	0.9236709566875588
PWY-6126:_superpathway_of_adenosine_nucleotides_de_novo_biosynthesis_II	PYRIDNUCSYN-PWY:_NAD_de_novo_biosynthesis_I_(from_aspartate)	2	0.3333333333333333	0.8567599671512911
PWY-6126:_superpathway_of_adenosine_nucleotides_de_novo_biosynthesis_II	PYRIDOXSYN-PWY:_pyridoxal_5'-phosphate_biosynthesis_I	1	0.5	0.2570892681745479
PWY-6126:_superpathway_of_adenosine_nucleotides_de_novo_biosynthesis_II	RHAMCAT-PWY:_L-rhamnose_degradation_I	2	0.5	0.8522140087787107
PWY-6126:_superpathway_of_adenosine_nucleotides_de_novo_biosynthesis_II	RIBOSYN2-PWY:_flavin_biosynthesis_I_(bacteria_and_plants)	2	0.25	0.8888511223701892
PWY-6126:_superpathway_of_adenosine_nucleotides_de_novo_biosynthesis_II	SER-GLYSYN-PWY:_superpathway_of_L-serine_and_glycine_biosynthesis_I	2	0.2	0.7377737633737032
PWY-6126:_superpathway_of_adenosine_nucleotides_de_novo_biosynthesis_II	THRESYN-PWY:_superpathway_of_L-threonine_biosynthesis	1	0.25	0.7416400686655593
PWY-6126:_superpathway_of_adenosine_nucleotides_de_novo_biosynthesis_II	TRNA-CHARGING-PWY:_tRNA_charging	2	0.2857142857142857	0.7701461154787888
PWY-6126:_superpathway_of_adenosine_nucleotides_de_novo_biosynthesis_II	VALSYN-PWY:_L-valine_biosynthesis	2	0.09090909090909091	0.7873055081105096
PWY-6147:_6-hydroxymethyl-dihydropterin_diphosphate_biosynthesis_I	PWY-6151:_S-adenosyl-L-methionine_salvage_I	1	0.0625	0.7491094163851602
PWY-6147:_6-hydroxymethyl-dihydropterin_diphosphate_biosynthesis_I	PWY-6163:_chorismate_biosynthesis_from_3-dehydroquinate	2	0.11764705882352941	0.8089328256376294
PWY-6147:_6-hydroxymethyl-dihydropterin_diphosphate_biosynthesis_I	PWY-621:_sucrose_degradation_III_(sucrose_invertase)	1	0.16666666666666666	0.2668912150527101
PWY-6147:_6-hydroxymethyl-dihydropterin_diphosphate_biosynthesis_I	PWY-6270:_isoprene_biosynthesis_I	1	0.25	0.2622799905007114
PWY-6147:_6-hydroxymethyl-dihydropterin_diphosphate_biosynthesis_I	PWY-6277:_superpathway_of_5-aminoimidazole_ribonucleotide_biosynthesis	3	0.125	0.7791245798838714
PWY-6147:_6-hydroxymethyl-dihydropterin_diphosphate_biosynthesis_I	PWY-6385:_peptidoglycan_biosynthesis_III_(mycobacteria)	3	0.23076923076923078	0.8912163722650218
PWY-6147:_6-hydroxymethyl-dihydropterin_diphosphate_biosynthesis_I	PWY-6386:_UDP-N-acetylmuramoyl-pentapeptide_biosynthesis_II_(lysine-containing)	3	0.2727272727272727	0.8827720042140487
PWY-6147:_6-hydroxymethyl-dihydropterin_diphosphate_biosynthesis_I	PWY-6387:_UDP-N-acetylmuramoyl-pentapeptide_biosynthesis_I_(meso-diaminopimelate_containing)	3	0.2	0.8809197460829398
PWY-6147:_6-hydroxymethyl-dihydropterin_diphosphate_biosynthesis_I	PWY-6572:_chondroitin_sulfate_degradation_I_(bacterial)	1	0.3333333333333333	0.2613311228173384
PWY-6147:_6-hydroxymethyl-dihydropterin_diphosphate_biosynthesis_I	PWY-6609:_adenine_and_adenosine_salvage_III	3	0.17647058823529413	0.84619844099316
PWY-6147:_6-hydroxymethyl-dihydropterin_diphosphate_biosynthesis_I	PWY-6700:_queuosine_biosynthesis_I_(de_novo)	2	0.10526315789473684	0.8074883829930553
PWY-6147:_6-hydroxymethyl-dihydropterin_diphosphate_biosynthesis_I	PWY-6703:_preQ0_biosynthesis	2	0.25	0.8921643568436819
PWY-6147:_6-hydroxymethyl-dihydropterin_diphosphate_biosynthesis_I	PWY-6902:_chitin_degradation_II_(Vibrio)	1	0.25	0.22619294908922782
PWY-6147:_6-hydroxymethyl-dihydropterin_diphosphate_biosynthesis_I	PWY-7199:_pyrimidine_deoxyribonucleosides_salvage	2	0.5	0.8563693509460626
PWY-6147:_6-hydroxymethyl-dihydropterin_diphosphate_biosynthesis_I	PWY-7220:_adenosine_deoxyribonucleotides_de_novo_biosynthesis_II	2	0.6666666666666666	0.8815986232572158
PWY-6147:_6-hydroxymethyl-dihydropterin_diphosphate_biosynthesis_I	PWY-7221:_guanosine_ribonucleotides_de_novo_biosynthesis	3	0.1875	0.8608747312204716
PWY-6147:_6-hydroxymethyl-dihydropterin_diphosphate_biosynthesis_I	PWY-7222:_guanosine_deoxyribonucleotides_de_novo_biosynthesis_II	2	0.6666666666666666	0.8815986232572158
PWY-6147:_6-hydroxymethyl-dihydropterin_diphosphate_biosynthesis_I	PWY-7228:_superpathway_of_guanosine_nucleotides_de_novo_biosynthesis_I	2	0.5	0.8863891909001579
PWY-6147:_6-hydroxymethyl-dihydropterin_diphosphate_biosynthesis_I	PWY-7229:_superpathway_of_adenosine_nucleotides_de_novo_biosynthesis_I	2	0.6666666666666666	0.8254259833541212
PWY-6147:_6-hydroxymethyl-dihydropterin_diphosphate_biosynthesis_I	PWY-7234:_inosine-5'-phosphate_biosynthesis_III	1	0.3333333333333333	0.12507483576166833
PWY-6147:_6-hydroxymethyl-dihydropterin_diphosphate_biosynthesis_I	PWY-7560:_methylerythritol_phosphate_pathway_II	1	0.25	0.26145474057240914
PWY-6147:_6-hydroxymethyl-dihydropterin_diphosphate_biosynthesis_I	PWY-7663:_gondoate_biosynthesis_(anaerobic)	2	0.6666666666666666	0.8604742609932466
PWY-6147:_6-hydroxymethyl-dihydropterin_diphosphate_biosynthesis_I	PWY-7790:_UMP_biosynthesis_II	3	0.17647058823529413	0.8484963621050507
PWY-6147:_6-hydroxymethyl-dihydropterin_diphosphate_biosynthesis_I	PWY-7791:_UMP_biosynthesis_III	3	0.17647058823529413	0.8508888878004589
PWY-6147:_6-hydroxymethyl-dihydropterin_diphosphate_biosynthesis_I	PWY-7851:_coenzyme_A_biosynthesis_II_(eukaryotic)	3	0.2727272727272727	0.8220907531501898
PWY-6147:_6-hydroxymethyl-dihydropterin_diphosphate_biosynthesis_I	PWY-7953:_UDP-N-acetylmuramoyl-pentapeptide_biosynthesis_III_(meso-diaminopimelate_containing)	3	0.25	0.9145298731665759
PWY-6147:_6-hydroxymethyl-dihydropterin_diphosphate_biosynthesis_I	PWY-7977:_L-methionine_biosynthesis_IV	3	0.5	0.8824691439248912
PWY-6147:_6-hydroxymethyl-dihydropterin_diphosphate_biosynthesis_I	PWY-8178:_pentose_phosphate_pathway_(non-oxidative_branch)_II	1	0.1111111111111111	0.25955727113744886
PWY-6147:_6-hydroxymethyl-dihydropterin_diphosphate_biosynthesis_I	PWY0-1319:_CDP-diacylglycerol_biosynthesis_II	2	0.2222222222222222	0.8370284079795722
PWY-6147:_6-hydroxymethyl-dihydropterin_diphosphate_biosynthesis_I	PWY0-1586:_peptidoglycan_maturation_(meso-diaminopimelate_containing)	2	0.3333333333333333	0.8378054424817947
PWY-6147:_6-hydroxymethyl-dihydropterin_diphosphate_biosynthesis_I	PWY0-162:_superpathway_of_pyrimidine_ribonucleotides_de_novo_biosynthesis	1	0.3333333333333333	0.26618814007163083
PWY-6147:_6-hydroxymethyl-dihydropterin_diphosphate_biosynthesis_I	PWY0-845:_superpathway_of_pyridoxal_5'-phosphate_biosynthesis_and_salvage	1	0.3333333333333333	0.27731903354518583
PWY-6147:_6-hydroxymethyl-dihydropterin_diphosphate_biosynthesis_I	PWY66-429:_fatty_acid_biosynthesis_initiation_(mitochondria)	2	0.18181818181818182	0.8466130823638183
PWY-6147:_6-hydroxymethyl-dihydropterin_diphosphate_biosynthesis_I	PYRIDNUCSYN-PWY:_NAD_de_novo_biosynthesis_I_(from_aspartate)	3	0.5	0.9400624232278137
PWY-6147:_6-hydroxymethyl-dihydropterin_diphosphate_biosynthesis_I	PYRIDOXSYN-PWY:_pyridoxal_5'-phosphate_biosynthesis_I	1	0.3333333333333333	0.279024461517856
PWY-6147:_6-hydroxymethyl-dihydropterin_diphosphate_biosynthesis_I	RHAMCAT-PWY:_L-rhamnose_degradation_I	2	0.4	0.8740111534815198
PWY-6147:_6-hydroxymethyl-dihydropterin_diphosphate_biosynthesis_I	RIBOSYN2-PWY:_flavin_biosynthesis_I_(bacteria_and_plants)	2	0.2222222222222222	0.8412848089188597
PWY-6147:_6-hydroxymethyl-dihydropterin_diphosphate_biosynthesis_I	SER-GLYSYN-PWY:_superpathway_of_L-serine_and_glycine_biosynthesis_I	3	0.3	0.8705574273869668
PWY-6147:_6-hydroxymethyl-dihydropterin_diphosphate_biosynthesis_I	THRESYN-PWY:_superpathway_of_L-threonine_biosynthesis	1	0.2	0.7853895370511061
PWY-6147:_6-hydroxymethyl-dihydropterin_diphosphate_biosynthesis_I	TRNA-CHARGING-PWY:_tRNA_charging	3	0.42857142857142855	0.8792635581015129
PWY-6147:_6-hydroxymethyl-dihydropterin_diphosphate_biosynthesis_I	VALSYN-PWY:_L-valine_biosynthesis	2	0.08695652173913043	0.8052236939004354
PWY-6151:_S-adenosyl-L-methionine_salvage_I	PWY-6163:_chorismate_biosynthesis_from_3-dehydroquinate	10	0.5	0.8504190807076768
PWY-6151:_S-adenosyl-L-methionine_salvage_I	PWY-621:_sucrose_degradation_III_(sucrose_invertase)	2	0.125	0.03129415811276648
PWY-6151:_S-adenosyl-L-methionine_salvage_I	PWY-6270:_isoprene_biosynthesis_I	1	0.06666666666666667	0.04257202621023504
PWY-6151:_S-adenosyl-L-methionine_salvage_I	PWY-6277:_superpathway_of_5-aminoimidazole_ribonucleotide_biosynthesis	12	0.46153846153846156	0.755691394890462
PWY-6151:_S-adenosyl-L-methionine_salvage_I	PWY-6317:_D-galactose_degradation_I_(Leloir_pathway)	7	0.4666666666666667	0.24569019894728983
PWY-6151:_S-adenosyl-L-methionine_salvage_I	PWY-6385:_peptidoglycan_biosynthesis_III_(mycobacteria)	7	0.35	0.7675652891158865
PWY-6151:_S-adenosyl-L-methionine_salvage_I	PWY-6386:_UDP-N-acetylmuramoyl-pentapeptide_biosynthesis_II_(lysine-containing)	7	0.3888888888888889	0.8236060063115535
PWY-6151:_S-adenosyl-L-methionine_salvage_I	PWY-6387:_UDP-N-acetylmuramoyl-pentapeptide_biosynthesis_I_(meso-diaminopimelate_containing)	8	0.38095238095238093	0.8268926075334249
PWY-6151:_S-adenosyl-L-methionine_salvage_I	PWY-6507:_4-deoxy-L-threo-hex-4-enopyranuronate_degradation	1	0.07142857142857142	0.14876723427531702
PWY-6151:_S-adenosyl-L-methionine_salvage_I	PWY-6527:_stachyose_degradation	6	0.375	0.12195414209118804
PWY-6151:_S-adenosyl-L-methionine_salvage_I	PWY-6608:_guanosine_nucleotides_degradation_III	1	0.06666666666666667	0.09207732063846052
PWY-6151:_S-adenosyl-L-methionine_salvage_I	PWY-6609:_adenine_and_adenosine_salvage_III	10	0.47619047619047616	0.8160014399675932
PWY-6151:_S-adenosyl-L-methionine_salvage_I	PWY-6700:_queuosine_biosynthesis_I_(de_novo)	10	0.45454545454545453	0.855594249534412
PWY-6151:_S-adenosyl-L-methionine_salvage_I	PWY-6703:_preQ0_biosynthesis	3	0.16666666666666666	0.7928780869238652
PWY-6151:_S-adenosyl-L-methionine_salvage_I	PWY-6823:_molybdopterin_biosynthesis	5	0.3125	0.1910671393486013
PWY-6151:_S-adenosyl-L-methionine_salvage_I	PWY-6897:_thiamine_diphosphate_salvage_II	2	0.13333333333333333	0.15651662931124755
PWY-6151:_S-adenosyl-L-methionine_salvage_I	PWY-6902:_chitin_degradation_II_(Vibrio)	1	0.06666666666666667	0.0070062752499407965
PWY-6151:_S-adenosyl-L-methionine_salvage_I	PWY-6936:_seleno-amino_acid_biosynthesis_(plants)	4	0.23529411764705882	0.08874839663885459
PWY-6151:_S-adenosyl-L-methionine_salvage_I	PWY-7111:_pyruvate_fermentation_to_isobutanol_(engineered)	6	0.375	0.11081159982311983
PWY-6151:_S-adenosyl-L-methionine_salvage_I	PWY-7199:_pyrimidine_deoxyribonucleosides_salvage	1	0.0625	0.713841835647614
PWY-6151:_S-adenosyl-L-methionine_salvage_I	PWY-7220:_adenosine_deoxyribonucleotides_de_novo_biosynthesis_II	1	0.06666666666666667	0.7827408369774516
PWY-6151:_S-adenosyl-L-methionine_salvage_I	PWY-7221:_guanosine_ribonucleotides_de_novo_biosynthesis	8	0.36363636363636365	0.8192869890229624
PWY-6151:_S-adenosyl-L-methionine_salvage_I	PWY-7222:_guanosine_deoxyribonucleotides_de_novo_biosynthesis_II	1	0.06666666666666667	0.7827408369774516
PWY-6151:_S-adenosyl-L-methionine_salvage_I	PWY-7228:_superpathway_of_guanosine_nucleotides_de_novo_biosynthesis_I	1	0.0625	0.7841367500429846
PWY-6151:_S-adenosyl-L-methionine_salvage_I	PWY-7229:_superpathway_of_adenosine_nucleotides_de_novo_biosynthesis_I	1	0.06666666666666667	0.7290404229974169
PWY-6151:_S-adenosyl-L-methionine_salvage_I	PWY-7237:_myo-,_chiro-_and_scyllo-inositol_degradation	6	0.3333333333333333	0.21437654212343638
PWY-6151:_S-adenosyl-L-methionine_salvage_I	PWY-7238:_sucrose_biosynthesis_II	10	0.5882352941176471	0.24167756003018914
PWY-6151:_S-adenosyl-L-methionine_salvage_I	PWY-7242:_D-fructuronate_degradation	1	0.07142857142857142	0.14922829657435377
PWY-6151:_S-adenosyl-L-methionine_salvage_I	PWY-724:_superpathway_of_L-lysine,_L-threonine_and_L-methionine_biosynthesis_II	1	0.07142857142857142	0.09732089795554988
PWY-6151:_S-adenosyl-L-methionine_salvage_I	PWY-7357:_thiamine_phosphate_formation_from_pyrithiamine_and_oxythiamine_(yeast)	4	0.26666666666666666	0.17202420016794795
PWY-6151:_S-adenosyl-L-methionine_salvage_I	PWY-7456:_&beta;-(1,4)-mannan_degradation	1	0.07142857142857142	0.02335813124030628
PWY-6151:_S-adenosyl-L-methionine_salvage_I	PWY-7560:_methylerythritol_phosphate_pathway_II	1	0.06666666666666667	0.04260760263619545
PWY-6151:_S-adenosyl-L-methionine_salvage_I	PWY-7663:_gondoate_biosynthesis_(anaerobic)	1	0.06666666666666667	0.7146924276465287
PWY-6151:_S-adenosyl-L-methionine_salvage_I	PWY-7790:_UMP_biosynthesis_II	10	0.47619047619047616	0.7924182589544114
PWY-6151:_S-adenosyl-L-methionine_salvage_I	PWY-7791:_UMP_biosynthesis_III	10	0.47619047619047616	0.8227594662132435
PWY-6151:_S-adenosyl-L-methionine_salvage_I	PWY-7851:_coenzyme_A_biosynthesis_II_(eukaryotic)	7	0.3888888888888889	0.7633232145781568
PWY-6151:_S-adenosyl-L-methionine_salvage_I	PWY-7953:_UDP-N-acetylmuramoyl-pentapeptide_biosynthesis_III_(meso-diaminopimelate_containing)	6	0.3	0.7756999317841311
PWY-6151:_S-adenosyl-L-methionine_salvage_I	PWY-7977:_L-methionine_biosynthesis_IV	3	0.17647058823529413	0.7603002648530169
PWY-6151:_S-adenosyl-L-methionine_salvage_I	PWY-8178:_pentose_phosphate_pathway_(non-oxidative_branch)_II	5	0.3125	0.07152298752622488
PWY-6151:_S-adenosyl-L-methionine_salvage_I	PWY-I9:_L-cysteine_biosynthesis_VI_(from_L-methionine)	1	0.07142857142857142	0.0011415728256846114
PWY-6151:_S-adenosyl-L-methionine_salvage_I	PWY0-1061:_superpathway_of_L-alanine_biosynthesis	2	0.14285714285714285	0.015587037396429748
PWY-6151:_S-adenosyl-L-methionine_salvage_I	PWY0-1296:_purine_ribonucleosides_degradation	8	0.5714285714285714	0.2346284585992091
PWY-6151:_S-adenosyl-L-methionine_salvage_I	PWY0-1319:_CDP-diacylglycerol_biosynthesis_II	5	0.29411764705882354	0.8531249987961282
PWY-6151:_S-adenosyl-L-methionine_salvage_I	PWY0-1586:_peptidoglycan_maturation_(meso-diaminopimelate_containing)	3	0.1875	0.7063715457965278
PWY-6151:_S-adenosyl-L-methionine_salvage_I	PWY66-429:_fatty_acid_biosynthesis_initiation_(mitochondria)	4	0.2	0.785462661764843
PWY-6151:_S-adenosyl-L-methionine_salvage_I	PYRIDNUCSYN-PWY:_NAD_de_novo_biosynthesis_I_(from_aspartate)	3	0.17647058823529413	0.7877412002820642
PWY-6151:_S-adenosyl-L-methionine_salvage_I	RHAMCAT-PWY:_L-rhamnose_degradation_I	2	0.125	0.7537656321328388
PWY-6151:_S-adenosyl-L-methionine_salvage_I	RIBOSYN2-PWY:_flavin_biosynthesis_I_(bacteria_and_plants)	5	0.29411764705882354	0.8457806492662646
PWY-6151:_S-adenosyl-L-methionine_salvage_I	SALVADEHYPOX-PWY:_adenosine_nucleotides_degradation_II	1	0.07142857142857142	0.08909056807601745
PWY-6151:_S-adenosyl-L-methionine_salvage_I	SER-GLYSYN-PWY:_superpathway_of_L-serine_and_glycine_biosynthesis_I	4	0.2	0.6831136980148464
PWY-6151:_S-adenosyl-L-methionine_salvage_I	THISYNARA-PWY:_superpathway_of_thiamine_diphosphate_biosynthesis_III_(eukaryotes)	3	0.21428571428571427	0.09472233904400018
PWY-6151:_S-adenosyl-L-methionine_salvage_I	THRESYN-PWY:_superpathway_of_L-threonine_biosynthesis	2	0.13333333333333333	0.8518250169921373
PWY-6151:_S-adenosyl-L-methionine_salvage_I	TRNA-CHARGING-PWY:_tRNA_charging	4	0.23529411764705882	0.7486120771597865
PWY-6151:_S-adenosyl-L-methionine_salvage_I	UDPNAGSYN-PWY:_UDP-N-acetyl-D-glucosamine_biosynthesis_I	1	0.05	0.023207054662305437
PWY-6151:_S-adenosyl-L-methionine_salvage_I	VALSYN-PWY:_L-valine_biosynthesis	12	0.5	0.8289676238557662
PWY-6163:_chorismate_biosynthesis_from_3-dehydroquinate	PWY-621:_sucrose_degradation_III_(sucrose_invertase)	3	0.17647058823529413	0.2508737490109184
PWY-6163:_chorismate_biosynthesis_from_3-dehydroquinate	PWY-6270:_isoprene_biosynthesis_I	2	0.125	0.2554905567892177
PWY-6163:_chorismate_biosynthesis_from_3-dehydroquinate	PWY-6277:_superpathway_of_5-aminoimidazole_ribonucleotide_biosynthesis	14	0.5384615384615384	0.8076376549932289
PWY-6163:_chorismate_biosynthesis_from_3-dehydroquinate	PWY-6317:_D-galactose_degradation_I_(Leloir_pathway)	8	0.5	0.2159393058517477
PWY-6163:_chorismate_biosynthesis_from_3-dehydroquinate	PWY-6385:_peptidoglycan_biosynthesis_III_(mycobacteria)	9	0.45	0.8260256033486035
PWY-6163:_chorismate_biosynthesis_from_3-dehydroquinate	PWY-6386:_UDP-N-acetylmuramoyl-pentapeptide_biosynthesis_II_(lysine-containing)	9	0.5	0.8747529875503505
PWY-6163:_chorismate_biosynthesis_from_3-dehydroquinate	PWY-6387:_UDP-N-acetylmuramoyl-pentapeptide_biosynthesis_I_(meso-diaminopimelate_containing)	10	0.47619047619047616	0.8766418128195843
PWY-6163:_chorismate_biosynthesis_from_3-dehydroquinate	PWY-6507:_4-deoxy-L-threo-hex-4-enopyranuronate_degradation	1	0.0625	0.15274479874623548
PWY-6163:_chorismate_biosynthesis_from_3-dehydroquinate	PWY-6527:_stachyose_degradation	6	0.3333333333333333	0.09596482160766795
PWY-6163:_chorismate_biosynthesis_from_3-dehydroquinate	PWY-6572:_chondroitin_sulfate_degradation_I_(bacterial)	1	0.0625	0.23171738147296383
PWY-6163:_chorismate_biosynthesis_from_3-dehydroquinate	PWY-6608:_guanosine_nucleotides_degradation_III	2	0.125	0.08160923756586957
PWY-6163:_chorismate_biosynthesis_from_3-dehydroquinate	PWY-6609:_adenine_and_adenosine_salvage_III	11	0.5	0.888664239521912
PWY-6163:_chorismate_biosynthesis_from_3-dehydroquinate	PWY-6700:_queuosine_biosynthesis_I_(de_novo)	13	0.6190476190476191	0.8923445459926592
PWY-6163:_chorismate_biosynthesis_from_3-dehydroquinate	PWY-6703:_preQ0_biosynthesis	5	0.2777777777777778	0.8550847100126333
PWY-6163:_chorismate_biosynthesis_from_3-dehydroquinate	PWY-6823:_molybdopterin_biosynthesis	5	0.2777777777777778	0.16111656130174368
PWY-6163:_chorismate_biosynthesis_from_3-dehydroquinate	PWY-6897:_thiamine_diphosphate_salvage_II	2	0.11764705882352941	0.1527888709346411
PWY-6163:_chorismate_biosynthesis_from_3-dehydroquinate	PWY-6902:_chitin_degradation_II_(Vibrio)	2	0.125	0.21273309994687428
PWY-6163:_chorismate_biosynthesis_from_3-dehydroquinate	PWY-6936:_seleno-amino_acid_biosynthesis_(plants)	6	0.35294117647058826	0.08349228174286738
PWY-6163:_chorismate_biosynthesis_from_3-dehydroquinate	PWY-7111:_pyruvate_fermentation_to_isobutanol_(engineered)	6	0.3333333333333333	0.09396006612860164
PWY-6163:_chorismate_biosynthesis_from_3-dehydroquinate	PWY-7199:_pyrimidine_deoxyribonucleosides_salvage	3	0.1875	0.770104369231587
PWY-6163:_chorismate_biosynthesis_from_3-dehydroquinate	PWY-7220:_adenosine_deoxyribonucleotides_de_novo_biosynthesis_II	2	0.125	0.8350233672596964
PWY-6163:_chorismate_biosynthesis_from_3-dehydroquinate	PWY-7221:_guanosine_ribonucleotides_de_novo_biosynthesis	11	0.5238095238095238	0.8964366328651405
PWY-6163:_chorismate_biosynthesis_from_3-dehydroquinate	PWY-7222:_guanosine_deoxyribonucleotides_de_novo_biosynthesis_II	2	0.125	0.8350233672596964
PWY-6163:_chorismate_biosynthesis_from_3-dehydroquinate	PWY-7228:_superpathway_of_guanosine_nucleotides_de_novo_biosynthesis_I	2	0.11764705882352941	0.8446938599641374
PWY-6163:_chorismate_biosynthesis_from_3-dehydroquinate	PWY-7229:_superpathway_of_adenosine_nucleotides_de_novo_biosynthesis_I	2	0.125	0.7917454874650214
PWY-6163:_chorismate_biosynthesis_from_3-dehydroquinate	PWY-7237:_myo-,_chiro-_and_scyllo-inositol_degradation	7	0.3684210526315789	0.21221368430648435
PWY-6163:_chorismate_biosynthesis_from_3-dehydroquinate	PWY-7238:_sucrose_biosynthesis_II	9	0.45	0.28291706689192286
PWY-6163:_chorismate_biosynthesis_from_3-dehydroquinate	PWY-7242:_D-fructuronate_degradation	1	0.0625	0.14814264278814748
PWY-6163:_chorismate_biosynthesis_from_3-dehydroquinate	PWY-724:_superpathway_of_L-lysine,_L-threonine_and_L-methionine_biosynthesis_II	1	0.0625	0.07750457257059029
PWY-6163:_chorismate_biosynthesis_from_3-dehydroquinate	PWY-7357:_thiamine_phosphate_formation_from_pyrithiamine_and_oxythiamine_(yeast)	4	0.23529411764705882	0.19232591189009896
PWY-6163:_chorismate_biosynthesis_from_3-dehydroquinate	PWY-7456:_&beta;-(1,4)-mannan_degradation	1	0.0625	0.016939373869678143
PWY-6163:_chorismate_biosynthesis_from_3-dehydroquinate	PWY-7560:_methylerythritol_phosphate_pathway_II	2	0.125	0.25478568458287765
PWY-6163:_chorismate_biosynthesis_from_3-dehydroquinate	PWY-7663:_gondoate_biosynthesis_(anaerobic)	2	0.125	0.7839524146149144
PWY-6163:_chorismate_biosynthesis_from_3-dehydroquinate	PWY-7790:_UMP_biosynthesis_II	12	0.5714285714285714	0.8817609844419528
PWY-6163:_chorismate_biosynthesis_from_3-dehydroquinate	PWY-7791:_UMP_biosynthesis_III	12	0.5714285714285714	0.9082501533572158
PWY-6163:_chorismate_biosynthesis_from_3-dehydroquinate	PWY-7851:_coenzyme_A_biosynthesis_II_(eukaryotic)	8	0.42105263157894735	0.7828992225882582
PWY-6163:_chorismate_biosynthesis_from_3-dehydroquinate	PWY-7953:_UDP-N-acetylmuramoyl-pentapeptide_biosynthesis_III_(meso-diaminopimelate_containing)	8	0.4	0.8124180073658325
PWY-6163:_chorismate_biosynthesis_from_3-dehydroquinate	PWY-7977:_L-methionine_biosynthesis_IV	5	0.29411764705882354	0.8397234248571529
PWY-6163:_chorismate_biosynthesis_from_3-dehydroquinate	PWY-8178:_pentose_phosphate_pathway_(non-oxidative_branch)_II	6	0.35294117647058826	0.29611809556660285
PWY-6163:_chorismate_biosynthesis_from_3-dehydroquinate	PWY0-1061:_superpathway_of_L-alanine_biosynthesis	2	0.125	0.014480098079960979
PWY-6163:_chorismate_biosynthesis_from_3-dehydroquinate	PWY0-1241:_ADP-L-glycero-&beta;-D-manno-heptose_biosynthesis	2	0.125	0.010735329627648116
PWY-6163:_chorismate_biosynthesis_from_3-dehydroquinate	PWY0-1296:_purine_ribonucleosides_degradation	7	0.4117647058823529	0.29211153094116893
PWY-6163:_chorismate_biosynthesis_from_3-dehydroquinate	PWY0-1319:_CDP-diacylglycerol_biosynthesis_II	6	0.3333333333333333	0.8781397264689971
PWY-6163:_chorismate_biosynthesis_from_3-dehydroquinate	PWY0-1586:_peptidoglycan_maturation_(meso-diaminopimelate_containing)	4	0.23529411764705882	0.7856075451886524
PWY-6163:_chorismate_biosynthesis_from_3-dehydroquinate	PWY0-162:_superpathway_of_pyrimidine_ribonucleotides_de_novo_biosynthesis	1	0.0625	0.2250927885170284
PWY-6163:_chorismate_biosynthesis_from_3-dehydroquinate	PWY0-845:_superpathway_of_pyridoxal_5'-phosphate_biosynthesis_and_salvage	1	0.0625	0.23473789991208316
PWY-6163:_chorismate_biosynthesis_from_3-dehydroquinate	PWY66-429:_fatty_acid_biosynthesis_initiation_(mitochondria)	6	0.3	0.8489598569903146
PWY-6163:_chorismate_biosynthesis_from_3-dehydroquinate	PYRIDNUCSYN-PWY:_NAD_de_novo_biosynthesis_I_(from_aspartate)	5	0.29411764705882354	0.8470341624838087
PWY-6163:_chorismate_biosynthesis_from_3-dehydroquinate	PYRIDOXSYN-PWY:_pyridoxal_5'-phosphate_biosynthesis_I	1	0.0625	0.23659807003137034
PWY-6163:_chorismate_biosynthesis_from_3-dehydroquinate	RHAMCAT-PWY:_L-rhamnose_degradation_I	4	0.25	0.821795853212425
PWY-6163:_chorismate_biosynthesis_from_3-dehydroquinate	RIBOSYN2-PWY:_flavin_biosynthesis_I_(bacteria_and_plants)	8	0.5	0.9127857440822529
PWY-6163:_chorismate_biosynthesis_from_3-dehydroquinate	SALVADEHYPOX-PWY:_adenosine_nucleotides_degradation_II	1	0.0625	0.07088765267157793
PWY-6163:_chorismate_biosynthesis_from_3-dehydroquinate	SER-GLYSYN-PWY:_superpathway_of_L-serine_and_glycine_biosynthesis_I	7	0.3684210526315789	0.7485662456158628
PWY-6163:_chorismate_biosynthesis_from_3-dehydroquinate	THISYNARA-PWY:_superpathway_of_thiamine_diphosphate_biosynthesis_III_(eukaryotes)	3	0.1875	0.07744392928008959
PWY-6163:_chorismate_biosynthesis_from_3-dehydroquinate	THRESYN-PWY:_superpathway_of_L-threonine_biosynthesis	2	0.11764705882352941	0.7383804608398934
PWY-6163:_chorismate_biosynthesis_from_3-dehydroquinate	TRNA-CHARGING-PWY:_tRNA_charging	6	0.35294117647058826	0.850627298552916
PWY-6163:_chorismate_biosynthesis_from_3-dehydroquinate	UDPNAGSYN-PWY:_UDP-N-acetyl-D-glucosamine_biosynthesis_I	3	0.15	0.028477427889584517
PWY-6163:_chorismate_biosynthesis_from_3-dehydroquinate	VALSYN-PWY:_L-valine_biosynthesis	14	0.5833333333333334	0.9192554797681606
PWY-621:_sucrose_degradation_III_(sucrose_invertase)	PWY-6270:_isoprene_biosynthesis_I	1	0.2	0.8487268341712845
PWY-621:_sucrose_degradation_III_(sucrose_invertase)	PWY-6277:_superpathway_of_5-aminoimidazole_ribonucleotide_biosynthesis	4	0.16666666666666666	0.24325540508910093
PWY-621:_sucrose_degradation_III_(sucrose_invertase)	PWY-6317:_D-galactose_degradation_I_(Leloir_pathway)	2	0.2	0.11117516385987725
PWY-621:_sucrose_degradation_III_(sucrose_invertase)	PWY-6385:_peptidoglycan_biosynthesis_III_(mycobacteria)	2	0.13333333333333333	0.27638326624650966
PWY-621:_sucrose_degradation_III_(sucrose_invertase)	PWY-6386:_UDP-N-acetylmuramoyl-pentapeptide_biosynthesis_II_(lysine-containing)	1	0.07142857142857142	0.23007258599137514
PWY-621:_sucrose_degradation_III_(sucrose_invertase)	PWY-6387:_UDP-N-acetylmuramoyl-pentapeptide_biosynthesis_I_(meso-diaminopimelate_containing)	2	0.11764705882352941	0.23791149755446128
PWY-621:_sucrose_degradation_III_(sucrose_invertase)	PWY-6527:_stachyose_degradation	3	0.3333333333333333	0.18434837156083994
PWY-621:_sucrose_degradation_III_(sucrose_invertase)	PWY-6572:_chondroitin_sulfate_degradation_I_(bacterial)	1	0.25	0.7430923056638463
PWY-621:_sucrose_degradation_III_(sucrose_invertase)	PWY-6609:_adenine_and_adenosine_salvage_III	3	0.16666666666666666	0.22761466457839774
PWY-621:_sucrose_degradation_III_(sucrose_invertase)	PWY-6700:_queuosine_biosynthesis_I_(de_novo)	3	0.15789473684210525	0.25081365791663957
PWY-621:_sucrose_degradation_III_(sucrose_invertase)	PWY-6703:_preQ0_biosynthesis	1	0.1	0.26590999378448066
PWY-621:_sucrose_degradation_III_(sucrose_invertase)	PWY-6823:_molybdopterin_biosynthesis	1	0.1	0.05080953216105932
PWY-621:_sucrose_degradation_III_(sucrose_invertase)	PWY-6902:_chitin_degradation_II_(Vibrio)	1	0.2	0.5113063735561267
PWY-621:_sucrose_degradation_III_(sucrose_invertase)	PWY-6936:_seleno-amino_acid_biosynthesis_(plants)	1	0.1	0.10396536400250123
PWY-621:_sucrose_degradation_III_(sucrose_invertase)	PWY-7111:_pyruvate_fermentation_to_isobutanol_(engineered)	2	0.2	0.10005922263502087
PWY-621:_sucrose_degradation_III_(sucrose_invertase)	PWY-7199:_pyrimidine_deoxyribonucleosides_salvage	1	0.16666666666666666	0.30066321320282996
PWY-621:_sucrose_degradation_III_(sucrose_invertase)	PWY-7220:_adenosine_deoxyribonucleotides_de_novo_biosynthesis_II	1	0.2	0.2622526821950538
PWY-621:_sucrose_degradation_III_(sucrose_invertase)	PWY-7221:_guanosine_ribonucleotides_de_novo_biosynthesis	3	0.17647058823529413	0.2396129425110054
PWY-621:_sucrose_degradation_III_(sucrose_invertase)	PWY-7222:_guanosine_deoxyribonucleotides_de_novo_biosynthesis_II	1	0.2	0.2622526821950538
PWY-621:_sucrose_degradation_III_(sucrose_invertase)	PWY-7228:_superpathway_of_guanosine_nucleotides_de_novo_biosynthesis_I	1	0.16666666666666666	0.2630200646807007
PWY-621:_sucrose_degradation_III_(sucrose_invertase)	PWY-7229:_superpathway_of_adenosine_nucleotides_de_novo_biosynthesis_I	1	0.2	0.23400356170618752
PWY-621:_sucrose_degradation_III_(sucrose_invertase)	PWY-7238:_sucrose_biosynthesis_II	3	0.21428571428571427	0.08110259508141893
PWY-621:_sucrose_degradation_III_(sucrose_invertase)	PWY-7357:_thiamine_phosphate_formation_from_pyrithiamine_and_oxythiamine_(yeast)	1	0.125	0.04843729007895059
PWY-621:_sucrose_degradation_III_(sucrose_invertase)	PWY-7456:_&beta;-(1,4)-mannan_degradation	1	0.25	0.11537224586005068
PWY-621:_sucrose_degradation_III_(sucrose_invertase)	PWY-7560:_methylerythritol_phosphate_pathway_II	1	0.2	0.8475785567728162
PWY-621:_sucrose_degradation_III_(sucrose_invertase)	PWY-7663:_gondoate_biosynthesis_(anaerobic)	1	0.2	0.26685673504969065
PWY-621:_sucrose_degradation_III_(sucrose_invertase)	PWY-7790:_UMP_biosynthesis_II	3	0.16666666666666666	0.24846409984813633
PWY-621:_sucrose_degradation_III_(sucrose_invertase)	PWY-7791:_UMP_biosynthesis_III	3	0.16666666666666666	0.23691802974173426
PWY-621:_sucrose_degradation_III_(sucrose_invertase)	PWY-7851:_coenzyme_A_biosynthesis_II_(eukaryotic)	3	0.25	0.24438054066095283
PWY-621:_sucrose_degradation_III_(sucrose_invertase)	PWY-7953:_UDP-N-acetylmuramoyl-pentapeptide_biosynthesis_III_(meso-diaminopimelate_containing)	2	0.14285714285714285	0.2486072933453719
PWY-621:_sucrose_degradation_III_(sucrose_invertase)	PWY-7977:_L-methionine_biosynthesis_IV	1	0.1111111111111111	0.2642520294896522
PWY-621:_sucrose_degradation_III_(sucrose_invertase)	PWY-8178:_pentose_phosphate_pathway_(non-oxidative_branch)_II	2	0.2222222222222222	0.7643187217808338
PWY-621:_sucrose_degradation_III_(sucrose_invertase)	PWY0-1296:_purine_ribonucleosides_degradation	1	0.09090909090909091	0.028617024528741708
PWY-621:_sucrose_degradation_III_(sucrose_invertase)	PWY0-1319:_CDP-diacylglycerol_biosynthesis_II	1	0.09090909090909091	0.2086302255862772
PWY-621:_sucrose_degradation_III_(sucrose_invertase)	PWY0-1586:_peptidoglycan_maturation_(meso-diaminopimelate_containing)	2	0.2857142857142857	0.31007819614165133
PWY-621:_sucrose_degradation_III_(sucrose_invertase)	PWY0-162:_superpathway_of_pyrimidine_ribonucleotides_de_novo_biosynthesis	1	0.25	0.9092180851932476
PWY-621:_sucrose_degradation_III_(sucrose_invertase)	PWY0-845:_superpathway_of_pyridoxal_5'-phosphate_biosynthesis_and_salvage	1	0.25	0.9156401905248313
PWY-621:_sucrose_degradation_III_(sucrose_invertase)	PWY66-429:_fatty_acid_biosynthesis_initiation_(mitochondria)	2	0.16666666666666666	0.25231924366484093
PWY-621:_sucrose_degradation_III_(sucrose_invertase)	PYRIDNUCSYN-PWY:_NAD_de_novo_biosynthesis_I_(from_aspartate)	2	0.25	0.2528466347522552
PWY-621:_sucrose_degradation_III_(sucrose_invertase)	PYRIDOXSYN-PWY:_pyridoxal_5'-phosphate_biosynthesis_I	1	0.25	0.911818092597487
PWY-621:_sucrose_degradation_III_(sucrose_invertase)	RHAMCAT-PWY:_L-rhamnose_degradation_I	1	0.14285714285714285	0.26504553687168053
PWY-621:_sucrose_degradation_III_(sucrose_invertase)	RIBOSYN2-PWY:_flavin_biosynthesis_I_(bacteria_and_plants)	1	0.09090909090909091	0.2428600674445196
PWY-621:_sucrose_degradation_III_(sucrose_invertase)	SER-GLYSYN-PWY:_superpathway_of_L-serine_and_glycine_biosynthesis_I	2	0.16666666666666666	0.2619022834202911
PWY-621:_sucrose_degradation_III_(sucrose_invertase)	TRNA-CHARGING-PWY:_tRNA_charging	1	0.1	0.25629780706157523
PWY-621:_sucrose_degradation_III_(sucrose_invertase)	UDPNAGSYN-PWY:_UDP-N-acetyl-D-glucosamine_biosynthesis_I	2	0.2222222222222222	0.15912708469420866
PWY-621:_sucrose_degradation_III_(sucrose_invertase)	VALSYN-PWY:_L-valine_biosynthesis	4	0.18181818181818182	0.26219222334111336
PWY-6270:_isoprene_biosynthesis_I	PWY-6277:_superpathway_of_5-aminoimidazole_ribonucleotide_biosynthesis	2	0.08333333333333333	0.23886242925874768
PWY-6270:_isoprene_biosynthesis_I	PWY-6317:_D-galactose_degradation_I_(Leloir_pathway)	1	0.1111111111111111	0.13062057522781734
PWY-6270:_isoprene_biosynthesis_I	PWY-6385:_peptidoglycan_biosynthesis_III_(mycobacteria)	2	0.15384615384615385	0.2921481564692411
PWY-6270:_isoprene_biosynthesis_I	PWY-6386:_UDP-N-acetylmuramoyl-pentapeptide_biosynthesis_II_(lysine-containing)	2	0.18181818181818182	0.2637929400338853
PWY-6270:_isoprene_biosynthesis_I	PWY-6387:_UDP-N-acetylmuramoyl-pentapeptide_biosynthesis_I_(meso-diaminopimelate_containing)	2	0.13333333333333333	0.26199705754983127
PWY-6270:_isoprene_biosynthesis_I	PWY-6572:_chondroitin_sulfate_degradation_I_(bacterial)	1	0.5	0.7341485667077234
PWY-6270:_isoprene_biosynthesis_I	PWY-6609:_adenine_and_adenosine_salvage_III	2	0.11764705882352941	0.24336943654287468
PWY-6270:_isoprene_biosynthesis_I	PWY-6700:_queuosine_biosynthesis_I_(de_novo)	2	0.1111111111111111	0.2602160835856727
PWY-6270:_isoprene_biosynthesis_I	PWY-6703:_preQ0_biosynthesis	2	0.2857142857142857	0.30492548284257726
PWY-6270:_isoprene_biosynthesis_I	PWY-6902:_chitin_degradation_II_(Vibrio)	1	0.3333333333333333	0.5038442913888858
PWY-6270:_isoprene_biosynthesis_I	PWY-6936:_seleno-amino_acid_biosynthesis_(plants)	1	0.125	0.1736675270602701
PWY-6270:_isoprene_biosynthesis_I	PWY-7111:_pyruvate_fermentation_to_isobutanol_(engineered)	1	0.1111111111111111	0.19010763194006097
PWY-6270:_isoprene_biosynthesis_I	PWY-7199:_pyrimidine_deoxyribonucleosides_salvage	1	0.25	0.30178771518449676
PWY-6270:_isoprene_biosynthesis_I	PWY-7220:_adenosine_deoxyribonucleotides_de_novo_biosynthesis_II	1	0.3333333333333333	0.2577082817586286
PWY-6270:_isoprene_biosynthesis_I	PWY-7221:_guanosine_ribonucleotides_de_novo_biosynthesis	2	0.125	0.2562698869591393
PWY-6270:_isoprene_biosynthesis_I	PWY-7222:_guanosine_deoxyribonucleotides_de_novo_biosynthesis_II	1	0.3333333333333333	0.2577082817586286
PWY-6270:_isoprene_biosynthesis_I	PWY-7228:_superpathway_of_guanosine_nucleotides_de_novo_biosynthesis_I	1	0.25	0.2584645764796092
PWY-6270:_isoprene_biosynthesis_I	PWY-7229:_superpathway_of_adenosine_nucleotides_de_novo_biosynthesis_I	1	0.3333333333333333	0.2298763247554828
PWY-6270:_isoprene_biosynthesis_I	PWY-7237:_myo-,_chiro-_and_scyllo-inositol_degradation	1	0.09090909090909091	0.1307550205692669
PWY-6270:_isoprene_biosynthesis_I	PWY-7238:_sucrose_biosynthesis_II	1	0.07142857142857142	0.08788221335207136
PWY-6270:_isoprene_biosynthesis_I	PWY-7560:_methylerythritol_phosphate_pathway_II	2	1.0	0.9973708176330587
PWY-6270:_isoprene_biosynthesis_I	PWY-7663:_gondoate_biosynthesis_(anaerobic)	1	0.3333333333333333	0.2622460054839092
PWY-6270:_isoprene_biosynthesis_I	PWY-7790:_UMP_biosynthesis_II	2	0.11764705882352941	0.2627180702025246
PWY-6270:_isoprene_biosynthesis_I	PWY-7791:_UMP_biosynthesis_III	2	0.11764705882352941	0.2504799107996186
PWY-6270:_isoprene_biosynthesis_I	PWY-7851:_coenzyme_A_biosynthesis_II_(eukaryotic)	2	0.18181818181818182	0.2616891825948371
PWY-6270:_isoprene_biosynthesis_I	PWY-7953:_UDP-N-acetylmuramoyl-pentapeptide_biosynthesis_III_(meso-diaminopimelate_containing)	2	0.16666666666666666	0.2724656740296786
PWY-6270:_isoprene_biosynthesis_I	PWY-7977:_L-methionine_biosynthesis_IV	2	0.3333333333333333	0.29827711507725974
PWY-6270:_isoprene_biosynthesis_I	PWY-8178:_pentose_phosphate_pathway_(non-oxidative_branch)_II	2	0.2857142857142857	0.8397892677739103
PWY-6270:_isoprene_biosynthesis_I	PWY0-1296:_purine_ribonucleosides_degradation	1	0.1111111111111111	0.11873985364435302
PWY-6270:_isoprene_biosynthesis_I	PWY0-1319:_CDP-diacylglycerol_biosynthesis_II	2	0.25	0.2503098517773068
PWY-6270:_isoprene_biosynthesis_I	PWY0-1586:_peptidoglycan_maturation_(meso-diaminopimelate_containing)	1	0.16666666666666666	0.2945272659107654
PWY-6270:_isoprene_biosynthesis_I	PWY0-162:_superpathway_of_pyrimidine_ribonucleotides_de_novo_biosynthesis	1	0.5	0.9187694091583846
PWY-6270:_isoprene_biosynthesis_I	PWY0-845:_superpathway_of_pyridoxal_5'-phosphate_biosynthesis_and_salvage	1	0.5	0.9063714230206619
PWY-6270:_isoprene_biosynthesis_I	PWY66-429:_fatty_acid_biosynthesis_initiation_(mitochondria)	2	0.2	0.27949081222708205
PWY-6270:_isoprene_biosynthesis_I	PYRIDNUCSYN-PWY:_NAD_de_novo_biosynthesis_I_(from_aspartate)	1	0.14285714285714285	0.23757072815486135
PWY-6270:_isoprene_biosynthesis_I	PYRIDOXSYN-PWY:_pyridoxal_5'-phosphate_biosynthesis_I	1	0.5	0.9025493014545592
PWY-6270:_isoprene_biosynthesis_I	RHAMCAT-PWY:_L-rhamnose_degradation_I	2	0.5	0.30273751351843947
PWY-6270:_isoprene_biosynthesis_I	RIBOSYN2-PWY:_flavin_biosynthesis_I_(bacteria_and_plants)	2	0.25	0.26276297103059154
PWY-6270:_isoprene_biosynthesis_I	SER-GLYSYN-PWY:_superpathway_of_L-serine_and_glycine_biosynthesis_I	2	0.2	0.28364470834494315
PWY-6270:_isoprene_biosynthesis_I	TRNA-CHARGING-PWY:_tRNA_charging	1	0.125	0.2518398869896049
PWY-6270:_isoprene_biosynthesis_I	VALSYN-PWY:_L-valine_biosynthesis	2	0.09090909090909091	0.2578388365533729
PWY-6277:_superpathway_of_5-aminoimidazole_ribonucleotide_biosynthesis	PWY-6317:_D-galactose_degradation_I_(Leloir_pathway)	7	0.28	0.2345866427327038
PWY-6277:_superpathway_of_5-aminoimidazole_ribonucleotide_biosynthesis	PWY-6385:_peptidoglycan_biosynthesis_III_(mycobacteria)	12	0.48	0.8592471243907047
PWY-6277:_superpathway_of_5-aminoimidazole_ribonucleotide_biosynthesis	PWY-6386:_UDP-N-acetylmuramoyl-pentapeptide_biosynthesis_II_(lysine-containing)	10	0.4	0.8695645448383031
PWY-6277:_superpathway_of_5-aminoimidazole_ribonucleotide_biosynthesis	PWY-6387:_UDP-N-acetylmuramoyl-pentapeptide_biosynthesis_I_(meso-diaminopimelate_containing)	13	0.5	0.8647988476358941
PWY-6277:_superpathway_of_5-aminoimidazole_ribonucleotide_biosynthesis	PWY-6507:_4-deoxy-L-threo-hex-4-enopyranuronate_degradation	1	0.041666666666666664	0.15229825819070808
PWY-6277:_superpathway_of_5-aminoimidazole_ribonucleotide_biosynthesis	PWY-6527:_stachyose_degradation	7	0.28	0.1338762565783228
PWY-6277:_superpathway_of_5-aminoimidazole_ribonucleotide_biosynthesis	PWY-6572:_chondroitin_sulfate_degradation_I_(bacterial)	1	0.041666666666666664	0.1949531418833489
PWY-6277:_superpathway_of_5-aminoimidazole_ribonucleotide_biosynthesis	PWY-6588:_pyruvate_fermentation_to_acetone	1	0.041666666666666664	0.008729982391011082
PWY-6277:_superpathway_of_5-aminoimidazole_ribonucleotide_biosynthesis	PWY-6608:_guanosine_nucleotides_degradation_III	2	0.08333333333333333	0.09210396012715039
PWY-6277:_superpathway_of_5-aminoimidazole_ribonucleotide_biosynthesis	PWY-6609:_adenine_and_adenosine_salvage_III	16	0.64	0.848932837214871
PWY-6277:_superpathway_of_5-aminoimidazole_ribonucleotide_biosynthesis	PWY-6700:_queuosine_biosynthesis_I_(de_novo)	16	0.6153846153846154	0.7927853546323474
PWY-6277:_superpathway_of_5-aminoimidazole_ribonucleotide_biosynthesis	PWY-6703:_preQ0_biosynthesis	7	0.2916666666666667	0.7436275479131236
PWY-6277:_superpathway_of_5-aminoimidazole_ribonucleotide_biosynthesis	PWY-6823:_molybdopterin_biosynthesis	6	0.24	0.19245863642579186
PWY-6277:_superpathway_of_5-aminoimidazole_ribonucleotide_biosynthesis	PWY-6876:_isopropanol_biosynthesis_(engineered)	1	0.041666666666666664	0.008739633718053197
PWY-6277:_superpathway_of_5-aminoimidazole_ribonucleotide_biosynthesis	PWY-6897:_thiamine_diphosphate_salvage_II	3	0.125	0.1703361539354853
PWY-6277:_superpathway_of_5-aminoimidazole_ribonucleotide_biosynthesis	PWY-6902:_chitin_degradation_II_(Vibrio)	1	0.04	0.16997973330911442
PWY-6277:_superpathway_of_5-aminoimidazole_ribonucleotide_biosynthesis	PWY-6936:_seleno-amino_acid_biosynthesis_(plants)	4	0.14814814814814814	0.07519290821537428
PWY-6277:_superpathway_of_5-aminoimidazole_ribonucleotide_biosynthesis	PWY-7111:_pyruvate_fermentation_to_isobutanol_(engineered)	8	0.3333333333333333	0.1178320722167685
PWY-6277:_superpathway_of_5-aminoimidazole_ribonucleotide_biosynthesis	PWY-7199:_pyrimidine_deoxyribonucleosides_salvage	3	0.125	0.8061988820766673
PWY-6277:_superpathway_of_5-aminoimidazole_ribonucleotide_biosynthesis	PWY-7220:_adenosine_deoxyribonucleotides_de_novo_biosynthesis_II	2	0.08333333333333333	0.6998495097432524
PWY-6277:_superpathway_of_5-aminoimidazole_ribonucleotide_biosynthesis	PWY-7221:_guanosine_ribonucleotides_de_novo_biosynthesis	14	0.5384615384615384	0.8552391058531957
PWY-6277:_superpathway_of_5-aminoimidazole_ribonucleotide_biosynthesis	PWY-7222:_guanosine_deoxyribonucleotides_de_novo_biosynthesis_II	2	0.08333333333333333	0.6998495097432524
PWY-6277:_superpathway_of_5-aminoimidazole_ribonucleotide_biosynthesis	PWY-7228:_superpathway_of_guanosine_nucleotides_de_novo_biosynthesis_I	3	0.125	0.7082679593924637
PWY-6277:_superpathway_of_5-aminoimidazole_ribonucleotide_biosynthesis	PWY-7229:_superpathway_of_adenosine_nucleotides_de_novo_biosynthesis_I	2	0.08333333333333333	0.6543468350851265
PWY-6277:_superpathway_of_5-aminoimidazole_ribonucleotide_biosynthesis	PWY-7234:_inosine-5'-phosphate_biosynthesis_III	1	0.041666666666666664	0.11725076688332758
PWY-6277:_superpathway_of_5-aminoimidazole_ribonucleotide_biosynthesis	PWY-7237:_myo-,_chiro-_and_scyllo-inositol_degradation	8	0.3076923076923077	0.2270720243745178
PWY-6277:_superpathway_of_5-aminoimidazole_ribonucleotide_biosynthesis	PWY-7238:_sucrose_biosynthesis_II	12	0.48	0.2727465289332406
PWY-6277:_superpathway_of_5-aminoimidazole_ribonucleotide_biosynthesis	PWY-7242:_D-fructuronate_degradation	1	0.041666666666666664	0.15272297603912355
PWY-6277:_superpathway_of_5-aminoimidazole_ribonucleotide_biosynthesis	PWY-724:_superpathway_of_L-lysine,_L-threonine_and_L-methionine_biosynthesis_II	1	0.041666666666666664	0.0871526002545181
PWY-6277:_superpathway_of_5-aminoimidazole_ribonucleotide_biosynthesis	PWY-7357:_thiamine_phosphate_formation_from_pyrithiamine_and_oxythiamine_(yeast)	5	0.20833333333333334	0.18634947814031777
PWY-6277:_superpathway_of_5-aminoimidazole_ribonucleotide_biosynthesis	PWY-7456:_&beta;-(1,4)-mannan_degradation	1	0.041666666666666664	0.020833009310164186
PWY-6277:_superpathway_of_5-aminoimidazole_ribonucleotide_biosynthesis	PWY-7560:_methylerythritol_phosphate_pathway_II	2	0.08333333333333333	0.23904336785308067
PWY-6277:_superpathway_of_5-aminoimidazole_ribonucleotide_biosynthesis	PWY-7663:_gondoate_biosynthesis_(anaerobic)	2	0.08333333333333333	0.7068745845864652
PWY-6277:_superpathway_of_5-aminoimidazole_ribonucleotide_biosynthesis	PWY-7790:_UMP_biosynthesis_II	16	0.64	0.8733940484625156
PWY-6277:_superpathway_of_5-aminoimidazole_ribonucleotide_biosynthesis	PWY-7791:_UMP_biosynthesis_III	16	0.64	0.8482374675046239
PWY-6277:_superpathway_of_5-aminoimidazole_ribonucleotide_biosynthesis	PWY-7851:_coenzyme_A_biosynthesis_II_(eukaryotic)	11	0.4583333333333333	0.9301446219736683
PWY-6277:_superpathway_of_5-aminoimidazole_ribonucleotide_biosynthesis	PWY-7953:_UDP-N-acetylmuramoyl-pentapeptide_biosynthesis_III_(meso-diaminopimelate_containing)	11	0.44	0.8357322253882896
PWY-6277:_superpathway_of_5-aminoimidazole_ribonucleotide_biosynthesis	PWY-7977:_L-methionine_biosynthesis_IV	6	0.25	0.856611673125518
PWY-6277:_superpathway_of_5-aminoimidazole_ribonucleotide_biosynthesis	PWY-8178:_pentose_phosphate_pathway_(non-oxidative_branch)_II	7	0.2916666666666667	0.27350468427052754
PWY-6277:_superpathway_of_5-aminoimidazole_ribonucleotide_biosynthesis	PWY-I9:_L-cysteine_biosynthesis_VI_(from_L-methionine)	1	0.041666666666666664	0.0010169279126317488
PWY-6277:_superpathway_of_5-aminoimidazole_ribonucleotide_biosynthesis	PWY0-1061:_superpathway_of_L-alanine_biosynthesis	2	0.08333333333333333	0.016349348914485695
PWY-6277:_superpathway_of_5-aminoimidazole_ribonucleotide_biosynthesis	PWY0-1241:_ADP-L-glycero-&beta;-D-manno-heptose_biosynthesis	2	0.08333333333333333	0.012124116298086962
PWY-6277:_superpathway_of_5-aminoimidazole_ribonucleotide_biosynthesis	PWY0-1296:_purine_ribonucleosides_degradation	7	0.28	0.2255531531752175
PWY-6277:_superpathway_of_5-aminoimidazole_ribonucleotide_biosynthesis	PWY0-1319:_CDP-diacylglycerol_biosynthesis_II	8	0.3333333333333333	0.8429765836003045
PWY-6277:_superpathway_of_5-aminoimidazole_ribonucleotide_biosynthesis	PWY0-1477:_ethanolamine_utilization	1	0.041666666666666664	0.008729300048494815
PWY-6277:_superpathway_of_5-aminoimidazole_ribonucleotide_biosynthesis	PWY0-1586:_peptidoglycan_maturation_(meso-diaminopimelate_containing)	5	0.20833333333333334	0.7887416828409202
PWY-6277:_superpathway_of_5-aminoimidazole_ribonucleotide_biosynthesis	PWY0-162:_superpathway_of_pyrimidine_ribonucleotides_de_novo_biosynthesis	1	0.041666666666666664	0.20889792218880954
PWY-6277:_superpathway_of_5-aminoimidazole_ribonucleotide_biosynthesis	PWY0-845:_superpathway_of_pyridoxal_5'-phosphate_biosynthesis_and_salvage	1	0.041666666666666664	0.20763429331413508
PWY-6277:_superpathway_of_5-aminoimidazole_ribonucleotide_biosynthesis	PWY66-429:_fatty_acid_biosynthesis_initiation_(mitochondria)	7	0.25925925925925924	0.7213811340903118
PWY-6277:_superpathway_of_5-aminoimidazole_ribonucleotide_biosynthesis	PYRIDNUCSYN-PWY:_NAD_de_novo_biosynthesis_I_(from_aspartate)	6	0.25	0.7962276078268918
PWY-6277:_superpathway_of_5-aminoimidazole_ribonucleotide_biosynthesis	PYRIDOXSYN-PWY:_pyridoxal_5'-phosphate_biosynthesis_I	1	0.041666666666666664	0.20739076772737075
PWY-6277:_superpathway_of_5-aminoimidazole_ribonucleotide_biosynthesis	RHAMCAT-PWY:_L-rhamnose_degradation_I	4	0.16666666666666666	0.7300858523326519
PWY-6277:_superpathway_of_5-aminoimidazole_ribonucleotide_biosynthesis	RIBOSYN2-PWY:_flavin_biosynthesis_I_(bacteria_and_plants)	8	0.3333333333333333	0.7804882197587859
PWY-6277:_superpathway_of_5-aminoimidazole_ribonucleotide_biosynthesis	SALVADEHYPOX-PWY:_adenosine_nucleotides_degradation_II	1	0.041666666666666664	0.07974615146481201
PWY-6277:_superpathway_of_5-aminoimidazole_ribonucleotide_biosynthesis	SER-GLYSYN-PWY:_superpathway_of_L-serine_and_glycine_biosynthesis_I	10	0.4166666666666667	0.8837280750296141
PWY-6277:_superpathway_of_5-aminoimidazole_ribonucleotide_biosynthesis	THISYNARA-PWY:_superpathway_of_thiamine_diphosphate_biosynthesis_III_(eukaryotes)	3	0.125	0.08708474984138426
PWY-6277:_superpathway_of_5-aminoimidazole_ribonucleotide_biosynthesis	THRESYN-PWY:_superpathway_of_L-threonine_biosynthesis	3	0.125	0.7229694765118876
PWY-6277:_superpathway_of_5-aminoimidazole_ribonucleotide_biosynthesis	TRNA-CHARGING-PWY:_tRNA_charging	7	0.2916666666666667	0.8756166484382255
PWY-6277:_superpathway_of_5-aminoimidazole_ribonucleotide_biosynthesis	UDPNAGSYN-PWY:_UDP-N-acetyl-D-glucosamine_biosynthesis_I	6	0.24	0.07525437452381878
PWY-6277:_superpathway_of_5-aminoimidazole_ribonucleotide_biosynthesis	VALSYN-PWY:_L-valine_biosynthesis	18	0.6428571428571429	0.831561302437893
PWY-6317:_D-galactose_degradation_I_(Leloir_pathway)	PWY-6385:_peptidoglycan_biosynthesis_III_(mycobacteria)	3	0.16666666666666666	0.09671503188001795
PWY-6317:_D-galactose_degradation_I_(Leloir_pathway)	PWY-6386:_UDP-N-acetylmuramoyl-pentapeptide_biosynthesis_II_(lysine-containing)	3	0.1875	0.17014324885096188
PWY-6317:_D-galactose_degradation_I_(Leloir_pathway)	PWY-6387:_UDP-N-acetylmuramoyl-pentapeptide_biosynthesis_I_(meso-diaminopimelate_containing)	4	0.21052631578947367	0.17631002095902815
PWY-6317:_D-galactose_degradation_I_(Leloir_pathway)	PWY-6507:_4-deoxy-L-threo-hex-4-enopyranuronate_degradation	1	0.125	0.6207508633766057
PWY-6317:_D-galactose_degradation_I_(Leloir_pathway)	PWY-6527:_stachyose_degradation	6	0.6	0.5609622758033717
PWY-6317:_D-galactose_degradation_I_(Leloir_pathway)	PWY-6608:_guanosine_nucleotides_degradation_III	2	0.25	0.5051284215328466
PWY-6317:_D-galactose_degradation_I_(Leloir_pathway)	PWY-6609:_adenine_and_adenosine_salvage_III	6	0.3157894736842105	0.17636369052045076
PWY-6317:_D-galactose_degradation_I_(Leloir_pathway)	PWY-6700:_queuosine_biosynthesis_I_(de_novo)	7	0.3684210526315789	0.19246383394363087
PWY-6317:_D-galactose_degradation_I_(Leloir_pathway)	PWY-6703:_preQ0_biosynthesis	1	0.07142857142857142	0.038211441345398556
PWY-6317:_D-galactose_degradation_I_(Leloir_pathway)	PWY-6823:_molybdopterin_biosynthesis	3	0.25	0.6608123031425036
PWY-6317:_D-galactose_degradation_I_(Leloir_pathway)	PWY-6897:_thiamine_diphosphate_salvage_II	1	0.1	0.6081237687668954
PWY-6317:_D-galactose_degradation_I_(Leloir_pathway)	PWY-6902:_chitin_degradation_II_(Vibrio)	1	0.1111111111111111	0.018016655686179384
PWY-6317:_D-galactose_degradation_I_(Leloir_pathway)	PWY-6936:_seleno-amino_acid_biosynthesis_(plants)	3	0.25	0.3276219086340223
PWY-6317:_D-galactose_degradation_I_(Leloir_pathway)	PWY-7111:_pyruvate_fermentation_to_isobutanol_(engineered)	6	0.6	0.5400553690207022
PWY-6317:_D-galactose_degradation_I_(Leloir_pathway)	PWY-7221:_guanosine_ribonucleotides_de_novo_biosynthesis	6	0.3333333333333333	0.17884241137746826
PWY-6317:_D-galactose_degradation_I_(Leloir_pathway)	PWY-7237:_myo-,_chiro-_and_scyllo-inositol_degradation	4	0.2857142857142857	0.6046885729806518
PWY-6317:_D-galactose_degradation_I_(Leloir_pathway)	PWY-7238:_sucrose_biosynthesis_II	8	0.6153846153846154	0.5421374418205633
PWY-6317:_D-galactose_degradation_I_(Leloir_pathway)	PWY-7242:_D-fructuronate_degradation	1	0.125	0.6286255352679279
PWY-6317:_D-galactose_degradation_I_(Leloir_pathway)	PWY-724:_superpathway_of_L-lysine,_L-threonine_and_L-methionine_biosynthesis_II	1	0.125	0.46763672831528047
PWY-6317:_D-galactose_degradation_I_(Leloir_pathway)	PWY-7357:_thiamine_phosphate_formation_from_pyrithiamine_and_oxythiamine_(yeast)	3	0.3	0.6265663569393307
PWY-6317:_D-galactose_degradation_I_(Leloir_pathway)	PWY-7456:_&beta;-(1,4)-mannan_degradation	1	0.125	0.13172188884465386
PWY-6317:_D-galactose_degradation_I_(Leloir_pathway)	PWY-7560:_methylerythritol_phosphate_pathway_II	1	0.1111111111111111	0.1309849813848838
PWY-6317:_D-galactose_degradation_I_(Leloir_pathway)	PWY-7790:_UMP_biosynthesis_II	6	0.3157894736842105	0.19673884685483856
PWY-6317:_D-galactose_degradation_I_(Leloir_pathway)	PWY-7791:_UMP_biosynthesis_III	6	0.3157894736842105	0.1874404432580805
PWY-6317:_D-galactose_degradation_I_(Leloir_pathway)	PWY-7851:_coenzyme_A_biosynthesis_II_(eukaryotic)	5	0.35714285714285715	0.21971374539786548
PWY-6317:_D-galactose_degradation_I_(Leloir_pathway)	PWY-7953:_UDP-N-acetylmuramoyl-pentapeptide_biosynthesis_III_(meso-diaminopimelate_containing)	2	0.1111111111111111	0.038162761969009806
PWY-6317:_D-galactose_degradation_I_(Leloir_pathway)	PWY-7977:_L-methionine_biosynthesis_IV	2	0.16666666666666666	0.14032472192758627
PWY-6317:_D-galactose_degradation_I_(Leloir_pathway)	PWY-8178:_pentose_phosphate_pathway_(non-oxidative_branch)_II	4	0.36363636363636365	0.2298102207857079
PWY-6317:_D-galactose_degradation_I_(Leloir_pathway)	PWY0-1061:_superpathway_of_L-alanine_biosynthesis	1	0.1111111111111111	0.035526405407597994
PWY-6317:_D-galactose_degradation_I_(Leloir_pathway)	PWY0-1296:_purine_ribonucleosides_degradation	6	0.6	0.6718131165474315
PWY-6317:_D-galactose_degradation_I_(Leloir_pathway)	PWY0-1319:_CDP-diacylglycerol_biosynthesis_II	3	0.23076923076923078	0.18887966823490232
PWY-6317:_D-galactose_degradation_I_(Leloir_pathway)	PWY0-1586:_peptidoglycan_maturation_(meso-diaminopimelate_containing)	1	0.08333333333333333	0.035972362587890605
PWY-6317:_D-galactose_degradation_I_(Leloir_pathway)	PWY66-429:_fatty_acid_biosynthesis_initiation_(mitochondria)	3	0.2	0.06617380740960899
PWY-6317:_D-galactose_degradation_I_(Leloir_pathway)	PYRIDNUCSYN-PWY:_NAD_de_novo_biosynthesis_I_(from_aspartate)	1	0.07692307692307693	0.0162759123174403
PWY-6317:_D-galactose_degradation_I_(Leloir_pathway)	RHAMCAT-PWY:_L-rhamnose_degradation_I	2	0.2	0.05058010347028874
PWY-6317:_D-galactose_degradation_I_(Leloir_pathway)	RIBOSYN2-PWY:_flavin_biosynthesis_I_(bacteria_and_plants)	3	0.23076923076923078	0.15760647442456033
PWY-6317:_D-galactose_degradation_I_(Leloir_pathway)	SALVADEHYPOX-PWY:_adenosine_nucleotides_degradation_II	1	0.125	0.4352532341537716
PWY-6317:_D-galactose_degradation_I_(Leloir_pathway)	SER-GLYSYN-PWY:_superpathway_of_L-serine_and_glycine_biosynthesis_I	4	0.2857142857142857	0.07090724212477739
PWY-6317:_D-galactose_degradation_I_(Leloir_pathway)	THISYNARA-PWY:_superpathway_of_thiamine_diphosphate_biosynthesis_III_(eukaryotes)	2	0.2222222222222222	0.41202109143857557
PWY-6317:_D-galactose_degradation_I_(Leloir_pathway)	THRESYN-PWY:_superpathway_of_L-threonine_biosynthesis	1	0.1	0.08559888578687891
PWY-6317:_D-galactose_degradation_I_(Leloir_pathway)	TRNA-CHARGING-PWY:_tRNA_charging	2	0.15384615384615385	0.14056068757935591
PWY-6317:_D-galactose_degradation_I_(Leloir_pathway)	UDPNAGSYN-PWY:_UDP-N-acetyl-D-glucosamine_biosynthesis_I	1	0.07142857142857142	0.10984134432640824
PWY-6317:_D-galactose_degradation_I_(Leloir_pathway)	VALSYN-PWY:_L-valine_biosynthesis	8	0.36363636363636365	0.22403881536226944
PWY-6385:_peptidoglycan_biosynthesis_III_(mycobacteria)	PWY-6386:_UDP-N-acetylmuramoyl-pentapeptide_biosynthesis_II_(lysine-containing)	11	0.8461538461538461	0.9316314818997561
PWY-6385:_peptidoglycan_biosynthesis_III_(mycobacteria)	PWY-6387:_UDP-N-acetylmuramoyl-pentapeptide_biosynthesis_I_(meso-diaminopimelate_containing)	13	0.8666666666666667	0.9201113726859541
PWY-6385:_peptidoglycan_biosynthesis_III_(mycobacteria)	PWY-6507:_4-deoxy-L-threo-hex-4-enopyranuronate_degradation	1	0.07692307692307693	0.06416925665221174
PWY-6385:_peptidoglycan_biosynthesis_III_(mycobacteria)	PWY-6527:_stachyose_degradation	3	0.16666666666666666	0.06765747638449326
PWY-6385:_peptidoglycan_biosynthesis_III_(mycobacteria)	PWY-6572:_chondroitin_sulfate_degradation_I_(bacterial)	1	0.07692307692307693	0.2593584121692084
PWY-6385:_peptidoglycan_biosynthesis_III_(mycobacteria)	PWY-6608:_guanosine_nucleotides_degradation_III	1	0.07142857142857142	0.06697521887248825
PWY-6385:_peptidoglycan_biosynthesis_III_(mycobacteria)	PWY-6609:_adenine_and_adenosine_salvage_III	10	0.5	0.8477125938440451
PWY-6385:_peptidoglycan_biosynthesis_III_(mycobacteria)	PWY-6700:_queuosine_biosynthesis_I_(de_novo)	9	0.4090909090909091	0.8215938754984089
PWY-6385:_peptidoglycan_biosynthesis_III_(mycobacteria)	PWY-6703:_preQ0_biosynthesis	6	0.42857142857142855	0.8625974944387323
PWY-6385:_peptidoglycan_biosynthesis_III_(mycobacteria)	PWY-6823:_molybdopterin_biosynthesis	4	0.25	0.09360896787719908
PWY-6385:_peptidoglycan_biosynthesis_III_(mycobacteria)	PWY-6897:_thiamine_diphosphate_salvage_II	3	0.23076923076923078	0.08381073898892444
PWY-6385:_peptidoglycan_biosynthesis_III_(mycobacteria)	PWY-6902:_chitin_degradation_II_(Vibrio)	1	0.07142857142857142	0.22446939668784416
PWY-6385:_peptidoglycan_biosynthesis_III_(mycobacteria)	PWY-6936:_seleno-amino_acid_biosynthesis_(plants)	4	0.25	0.06686588495645207
PWY-6385:_peptidoglycan_biosynthesis_III_(mycobacteria)	PWY-7111:_pyruvate_fermentation_to_isobutanol_(engineered)	3	0.16666666666666666	0.07019006276307249
PWY-6385:_peptidoglycan_biosynthesis_III_(mycobacteria)	PWY-7199:_pyrimidine_deoxyribonucleosides_salvage	2	0.14285714285714285	0.8566915904664335
PWY-6385:_peptidoglycan_biosynthesis_III_(mycobacteria)	PWY-7220:_adenosine_deoxyribonucleotides_de_novo_biosynthesis_II	2	0.15384615384615385	0.8211518142423898
PWY-6385:_peptidoglycan_biosynthesis_III_(mycobacteria)	PWY-7221:_guanosine_ribonucleotides_de_novo_biosynthesis	11	0.6111111111111112	0.8809008396159413
PWY-6385:_peptidoglycan_biosynthesis_III_(mycobacteria)	PWY-7222:_guanosine_deoxyribonucleotides_de_novo_biosynthesis_II	2	0.15384615384615385	0.8211518142423898
PWY-6385:_peptidoglycan_biosynthesis_III_(mycobacteria)	PWY-7228:_superpathway_of_guanosine_nucleotides_de_novo_biosynthesis_I	3	0.23076923076923078	0.8298601754612382
PWY-6385:_peptidoglycan_biosynthesis_III_(mycobacteria)	PWY-7229:_superpathway_of_adenosine_nucleotides_de_novo_biosynthesis_I	2	0.15384615384615385	0.7678128259702443
PWY-6385:_peptidoglycan_biosynthesis_III_(mycobacteria)	PWY-7234:_inosine-5'-phosphate_biosynthesis_III	1	0.07692307692307693	0.1115698162209835
PWY-6385:_peptidoglycan_biosynthesis_III_(mycobacteria)	PWY-7237:_myo-,_chiro-_and_scyllo-inositol_degradation	5	0.2777777777777778	0.12015541260234319
PWY-6385:_peptidoglycan_biosynthesis_III_(mycobacteria)	PWY-7238:_sucrose_biosynthesis_II	6	0.3	0.12071317940154991
PWY-6385:_peptidoglycan_biosynthesis_III_(mycobacteria)	PWY-7242:_D-fructuronate_degradation	1	0.07692307692307693	0.06435993514006688
PWY-6385:_peptidoglycan_biosynthesis_III_(mycobacteria)	PWY-724:_superpathway_of_L-lysine,_L-threonine_and_L-methionine_biosynthesis_II	1	0.07692307692307693	0.06730972858933837
PWY-6385:_peptidoglycan_biosynthesis_III_(mycobacteria)	PWY-7357:_thiamine_phosphate_formation_from_pyrithiamine_and_oxythiamine_(yeast)	4	0.2857142857142857	0.0894888596300033
PWY-6385:_peptidoglycan_biosynthesis_III_(mycobacteria)	PWY-7560:_methylerythritol_phosphate_pathway_II	2	0.15384615384615385	0.29134644746213945
PWY-6385:_peptidoglycan_biosynthesis_III_(mycobacteria)	PWY-7663:_gondoate_biosynthesis_(anaerobic)	2	0.15384615384615385	0.8316636690656262
PWY-6385:_peptidoglycan_biosynthesis_III_(mycobacteria)	PWY-7790:_UMP_biosynthesis_II	11	0.5789473684210527	0.8980185311330255
PWY-6385:_peptidoglycan_biosynthesis_III_(mycobacteria)	PWY-7791:_UMP_biosynthesis_III	11	0.5789473684210527	0.8713309189309262
PWY-6385:_peptidoglycan_biosynthesis_III_(mycobacteria)	PWY-7851:_coenzyme_A_biosynthesis_II_(eukaryotic)	9	0.6	0.8834547769920649
PWY-6385:_peptidoglycan_biosynthesis_III_(mycobacteria)	PWY-7953:_UDP-N-acetylmuramoyl-pentapeptide_biosynthesis_III_(meso-diaminopimelate_containing)	12	0.9230769230769231	0.9507660228391346
PWY-6385:_peptidoglycan_biosynthesis_III_(mycobacteria)	PWY-7977:_L-methionine_biosynthesis_IV	5	0.35714285714285715	0.9323267481335379
PWY-6385:_peptidoglycan_biosynthesis_III_(mycobacteria)	PWY-8178:_pentose_phosphate_pathway_(non-oxidative_branch)_II	4	0.25	0.3046026246841419
PWY-6385:_peptidoglycan_biosynthesis_III_(mycobacteria)	PWY0-1061:_superpathway_of_L-alanine_biosynthesis	2	0.15384615384615385	0.017514404882752244
PWY-6385:_peptidoglycan_biosynthesis_III_(mycobacteria)	PWY0-1241:_ADP-L-glycero-&beta;-D-manno-heptose_biosynthesis	2	0.15384615384615385	0.01299005354591598
PWY-6385:_peptidoglycan_biosynthesis_III_(mycobacteria)	PWY0-1296:_purine_ribonucleosides_degradation	4	0.23529411764705882	0.10561486780779383
PWY-6385:_peptidoglycan_biosynthesis_III_(mycobacteria)	PWY0-1319:_CDP-diacylglycerol_biosynthesis_II	6	0.4	0.8734106825660707
PWY-6385:_peptidoglycan_biosynthesis_III_(mycobacteria)	PWY0-1586:_peptidoglycan_maturation_(meso-diaminopimelate_containing)	5	0.38461538461538464	0.8730501735680873
PWY-6385:_peptidoglycan_biosynthesis_III_(mycobacteria)	PWY0-162:_superpathway_of_pyrimidine_ribonucleotides_de_novo_biosynthesis	1	0.07692307692307693	0.26634082228728817
PWY-6385:_peptidoglycan_biosynthesis_III_(mycobacteria)	PWY0-845:_superpathway_of_pyridoxal_5'-phosphate_biosynthesis_and_salvage	1	0.07692307692307693	0.2772734966318132
PWY-6385:_peptidoglycan_biosynthesis_III_(mycobacteria)	PWY66-429:_fatty_acid_biosynthesis_initiation_(mitochondria)	5	0.2777777777777778	0.8153777333469502
PWY-6385:_peptidoglycan_biosynthesis_III_(mycobacteria)	PYRIDNUCSYN-PWY:_NAD_de_novo_biosynthesis_I_(from_aspartate)	4	0.26666666666666666	0.8651226501387048
PWY-6385:_peptidoglycan_biosynthesis_III_(mycobacteria)	PYRIDOXSYN-PWY:_pyridoxal_5'-phosphate_biosynthesis_I	1	0.07692307692307693	0.27692818404543695
PWY-6385:_peptidoglycan_biosynthesis_III_(mycobacteria)	RHAMCAT-PWY:_L-rhamnose_degradation_I	3	0.21428571428571427	0.8457804187523935
PWY-6385:_peptidoglycan_biosynthesis_III_(mycobacteria)	RIBOSYN2-PWY:_flavin_biosynthesis_I_(bacteria_and_plants)	8	0.6153846153846154	0.8469301794160324
PWY-6385:_peptidoglycan_biosynthesis_III_(mycobacteria)	SALVADEHYPOX-PWY:_adenosine_nucleotides_degradation_II	1	0.07692307692307693	0.06758828586291887
PWY-6385:_peptidoglycan_biosynthesis_III_(mycobacteria)	SER-GLYSYN-PWY:_superpathway_of_L-serine_and_glycine_biosynthesis_I	6	0.35294117647058826	0.867975884184419
PWY-6385:_peptidoglycan_biosynthesis_III_(mycobacteria)	THISYNARA-PWY:_superpathway_of_thiamine_diphosphate_biosynthesis_III_(eukaryotes)	3	0.23076923076923078	0.08169469459463419
PWY-6385:_peptidoglycan_biosynthesis_III_(mycobacteria)	THRESYN-PWY:_superpathway_of_L-threonine_biosynthesis	3	0.23076923076923078	0.8282323165805977
PWY-6385:_peptidoglycan_biosynthesis_III_(mycobacteria)	TRNA-CHARGING-PWY:_tRNA_charging	6	0.42857142857142855	0.9053003037061168
PWY-6385:_peptidoglycan_biosynthesis_III_(mycobacteria)	UDPNAGSYN-PWY:_UDP-N-acetyl-D-glucosamine_biosynthesis_I	4	0.25	0.038374940477344466
PWY-6385:_peptidoglycan_biosynthesis_III_(mycobacteria)	VALSYN-PWY:_L-valine_biosynthesis	11	0.4583333333333333	0.8402347056739957
PWY-6386:_UDP-N-acetylmuramoyl-pentapeptide_biosynthesis_II_(lysine-containing)	PWY-6387:_UDP-N-acetylmuramoyl-pentapeptide_biosynthesis_I_(meso-diaminopimelate_containing)	11	0.7333333333333333	0.9571515321402287
PWY-6386:_UDP-N-acetylmuramoyl-pentapeptide_biosynthesis_II_(lysine-containing)	PWY-6507:_4-deoxy-L-threo-hex-4-enopyranuronate_degradation	1	0.09090909090909091	0.16622264720970337
PWY-6386:_UDP-N-acetylmuramoyl-pentapeptide_biosynthesis_II_(lysine-containing)	PWY-6527:_stachyose_degradation	2	0.11764705882352941	0.053535403258151204
PWY-6386:_UDP-N-acetylmuramoyl-pentapeptide_biosynthesis_II_(lysine-containing)	PWY-6572:_chondroitin_sulfate_degradation_I_(bacterial)	1	0.09090909090909091	0.22012017117990157
PWY-6386:_UDP-N-acetylmuramoyl-pentapeptide_biosynthesis_II_(lysine-containing)	PWY-6608:_guanosine_nucleotides_degradation_III	1	0.08333333333333333	0.08220410268952338
PWY-6386:_UDP-N-acetylmuramoyl-pentapeptide_biosynthesis_II_(lysine-containing)	PWY-6609:_adenine_and_adenosine_salvage_III	8	0.4	0.8866699859444523
PWY-6386:_UDP-N-acetylmuramoyl-pentapeptide_biosynthesis_II_(lysine-containing)	PWY-6700:_queuosine_biosynthesis_I_(de_novo)	9	0.45	0.850368557159681
PWY-6386:_UDP-N-acetylmuramoyl-pentapeptide_biosynthesis_II_(lysine-containing)	PWY-6703:_preQ0_biosynthesis	5	0.38461538461538464	0.8496648586902178
PWY-6386:_UDP-N-acetylmuramoyl-pentapeptide_biosynthesis_II_(lysine-containing)	PWY-6823:_molybdopterin_biosynthesis	4	0.2857142857142857	0.16406543028692755
PWY-6386:_UDP-N-acetylmuramoyl-pentapeptide_biosynthesis_II_(lysine-containing)	PWY-6897:_thiamine_diphosphate_salvage_II	2	0.16666666666666666	0.17030266395468674
PWY-6386:_UDP-N-acetylmuramoyl-pentapeptide_biosynthesis_II_(lysine-containing)	PWY-6902:_chitin_degradation_II_(Vibrio)	1	0.08333333333333333	0.19199897187469983
PWY-6386:_UDP-N-acetylmuramoyl-pentapeptide_biosynthesis_II_(lysine-containing)	PWY-6936:_seleno-amino_acid_biosynthesis_(plants)	4	0.2857142857142857	0.06580947407269855
PWY-6386:_UDP-N-acetylmuramoyl-pentapeptide_biosynthesis_II_(lysine-containing)	PWY-7111:_pyruvate_fermentation_to_isobutanol_(engineered)	3	0.1875	0.07117563887016387
PWY-6386:_UDP-N-acetylmuramoyl-pentapeptide_biosynthesis_II_(lysine-containing)	PWY-7199:_pyrimidine_deoxyribonucleosides_salvage	2	0.16666666666666666	0.8212165143558507
PWY-6386:_UDP-N-acetylmuramoyl-pentapeptide_biosynthesis_II_(lysine-containing)	PWY-7220:_adenosine_deoxyribonucleotides_de_novo_biosynthesis_II	2	0.18181818181818182	0.8148971107603862
PWY-6386:_UDP-N-acetylmuramoyl-pentapeptide_biosynthesis_II_(lysine-containing)	PWY-7221:_guanosine_ribonucleotides_de_novo_biosynthesis	9	0.5	0.9146121458568469
PWY-6386:_UDP-N-acetylmuramoyl-pentapeptide_biosynthesis_II_(lysine-containing)	PWY-7222:_guanosine_deoxyribonucleotides_de_novo_biosynthesis_II	2	0.18181818181818182	0.8148971107603862
PWY-6386:_UDP-N-acetylmuramoyl-pentapeptide_biosynthesis_II_(lysine-containing)	PWY-7228:_superpathway_of_guanosine_nucleotides_de_novo_biosynthesis_I	2	0.16666666666666666	0.8162662786113519
PWY-6386:_UDP-N-acetylmuramoyl-pentapeptide_biosynthesis_II_(lysine-containing)	PWY-7229:_superpathway_of_adenosine_nucleotides_de_novo_biosynthesis_I	2	0.18181818181818182	0.7620105549096907
PWY-6386:_UDP-N-acetylmuramoyl-pentapeptide_biosynthesis_II_(lysine-containing)	PWY-7234:_inosine-5'-phosphate_biosynthesis_III	1	0.09090909090909091	0.10840071453686417
PWY-6386:_UDP-N-acetylmuramoyl-pentapeptide_biosynthesis_II_(lysine-containing)	PWY-7237:_myo-,_chiro-_and_scyllo-inositol_degradation	5	0.3125	0.2165025936810535
PWY-6386:_UDP-N-acetylmuramoyl-pentapeptide_biosynthesis_II_(lysine-containing)	PWY-7238:_sucrose_biosynthesis_II	5	0.2631578947368421	0.18965522689790149
PWY-6386:_UDP-N-acetylmuramoyl-pentapeptide_biosynthesis_II_(lysine-containing)	PWY-7242:_D-fructuronate_degradation	1	0.09090909090909091	0.1652492648717675
PWY-6386:_UDP-N-acetylmuramoyl-pentapeptide_biosynthesis_II_(lysine-containing)	PWY-724:_superpathway_of_L-lysine,_L-threonine_and_L-methionine_biosynthesis_II	1	0.09090909090909091	0.08683682422177563
PWY-6386:_UDP-N-acetylmuramoyl-pentapeptide_biosynthesis_II_(lysine-containing)	PWY-7357:_thiamine_phosphate_formation_from_pyrithiamine_and_oxythiamine_(yeast)	3	0.23076923076923078	0.1797304451081163
PWY-6386:_UDP-N-acetylmuramoyl-pentapeptide_biosynthesis_II_(lysine-containing)	PWY-7560:_methylerythritol_phosphate_pathway_II	2	0.18181818181818182	0.2639921150412494
PWY-6386:_UDP-N-acetylmuramoyl-pentapeptide_biosynthesis_II_(lysine-containing)	PWY-7663:_gondoate_biosynthesis_(anaerobic)	2	0.18181818181818182	0.8126103515345056
PWY-6386:_UDP-N-acetylmuramoyl-pentapeptide_biosynthesis_II_(lysine-containing)	PWY-7790:_UMP_biosynthesis_II	10	0.5555555555555556	0.9344029447118744
PWY-6386:_UDP-N-acetylmuramoyl-pentapeptide_biosynthesis_II_(lysine-containing)	PWY-7791:_UMP_biosynthesis_III	10	0.5555555555555556	0.914798794628153
PWY-6386:_UDP-N-acetylmuramoyl-pentapeptide_biosynthesis_II_(lysine-containing)	PWY-7851:_coenzyme_A_biosynthesis_II_(eukaryotic)	8	0.5714285714285714	0.8851011542192286
PWY-6386:_UDP-N-acetylmuramoyl-pentapeptide_biosynthesis_II_(lysine-containing)	PWY-7953:_UDP-N-acetylmuramoyl-pentapeptide_biosynthesis_III_(meso-diaminopimelate_containing)	10	0.7692307692307693	0.9341378549749145
PWY-6386:_UDP-N-acetylmuramoyl-pentapeptide_biosynthesis_II_(lysine-containing)	PWY-7977:_L-methionine_biosynthesis_IV	5	0.4166666666666667	0.9114506448735978
PWY-6386:_UDP-N-acetylmuramoyl-pentapeptide_biosynthesis_II_(lysine-containing)	PWY-8178:_pentose_phosphate_pathway_(non-oxidative_branch)_II	4	0.2857142857142857	0.2680059236010188
PWY-6386:_UDP-N-acetylmuramoyl-pentapeptide_biosynthesis_II_(lysine-containing)	PWY0-1061:_superpathway_of_L-alanine_biosynthesis	2	0.18181818181818182	0.016287926639095618
PWY-6386:_UDP-N-acetylmuramoyl-pentapeptide_biosynthesis_II_(lysine-containing)	PWY0-1241:_ADP-L-glycero-&beta;-D-manno-heptose_biosynthesis	2	0.18181818181818182	0.012078470991052526
PWY-6386:_UDP-N-acetylmuramoyl-pentapeptide_biosynthesis_II_(lysine-containing)	PWY0-1296:_purine_ribonucleosides_degradation	4	0.26666666666666666	0.20055753347012573
PWY-6386:_UDP-N-acetylmuramoyl-pentapeptide_biosynthesis_II_(lysine-containing)	PWY0-1319:_CDP-diacylglycerol_biosynthesis_II	6	0.46153846153846156	0.9385370838749062
PWY-6386:_UDP-N-acetylmuramoyl-pentapeptide_biosynthesis_II_(lysine-containing)	PWY0-1586:_peptidoglycan_maturation_(meso-diaminopimelate_containing)	4	0.3333333333333333	0.8151985932271486
PWY-6386:_UDP-N-acetylmuramoyl-pentapeptide_biosynthesis_II_(lysine-containing)	PWY0-162:_superpathway_of_pyrimidine_ribonucleotides_de_novo_biosynthesis	1	0.09090909090909091	0.2358129349117294
PWY-6386:_UDP-N-acetylmuramoyl-pentapeptide_biosynthesis_II_(lysine-containing)	PWY0-845:_superpathway_of_pyridoxal_5'-phosphate_biosynthesis_and_salvage	1	0.09090909090909091	0.2343911958086452
PWY-6386:_UDP-N-acetylmuramoyl-pentapeptide_biosynthesis_II_(lysine-containing)	PWY66-429:_fatty_acid_biosynthesis_initiation_(mitochondria)	4	0.23529411764705882	0.8029948619351731
PWY-6386:_UDP-N-acetylmuramoyl-pentapeptide_biosynthesis_II_(lysine-containing)	PYRIDNUCSYN-PWY:_NAD_de_novo_biosynthesis_I_(from_aspartate)	4	0.3076923076923077	0.871954362880774
PWY-6386:_UDP-N-acetylmuramoyl-pentapeptide_biosynthesis_II_(lysine-containing)	PYRIDOXSYN-PWY:_pyridoxal_5'-phosphate_biosynthesis_I	1	0.09090909090909091	0.23411719278775256
PWY-6386:_UDP-N-acetylmuramoyl-pentapeptide_biosynthesis_II_(lysine-containing)	RHAMCAT-PWY:_L-rhamnose_degradation_I	3	0.25	0.8398027172340008
PWY-6386:_UDP-N-acetylmuramoyl-pentapeptide_biosynthesis_II_(lysine-containing)	RIBOSYN2-PWY:_flavin_biosynthesis_I_(bacteria_and_plants)	8	0.7272727272727273	0.8971334139624524
PWY-6386:_UDP-N-acetylmuramoyl-pentapeptide_biosynthesis_II_(lysine-containing)	SALVADEHYPOX-PWY:_adenosine_nucleotides_degradation_II	1	0.09090909090909091	0.07945609618522786
PWY-6386:_UDP-N-acetylmuramoyl-pentapeptide_biosynthesis_II_(lysine-containing)	SER-GLYSYN-PWY:_superpathway_of_L-serine_and_glycine_biosynthesis_I	5	0.3125	0.8330740309245477
PWY-6386:_UDP-N-acetylmuramoyl-pentapeptide_biosynthesis_II_(lysine-containing)	THISYNARA-PWY:_superpathway_of_thiamine_diphosphate_biosynthesis_III_(eukaryotes)	3	0.2727272727272727	0.08676920849635694
PWY-6386:_UDP-N-acetylmuramoyl-pentapeptide_biosynthesis_II_(lysine-containing)	THRESYN-PWY:_superpathway_of_L-threonine_biosynthesis	2	0.16666666666666666	0.7942058616145462
PWY-6386:_UDP-N-acetylmuramoyl-pentapeptide_biosynthesis_II_(lysine-containing)	TRNA-CHARGING-PWY:_tRNA_charging	6	0.5	0.9192766741992665
PWY-6386:_UDP-N-acetylmuramoyl-pentapeptide_biosynthesis_II_(lysine-containing)	UDPNAGSYN-PWY:_UDP-N-acetyl-D-glucosamine_biosynthesis_I	2	0.125	0.010456457168706135
PWY-6386:_UDP-N-acetylmuramoyl-pentapeptide_biosynthesis_II_(lysine-containing)	VALSYN-PWY:_L-valine_biosynthesis	10	0.43478260869565216	0.8820581360333624
PWY-6387:_UDP-N-acetylmuramoyl-pentapeptide_biosynthesis_I_(meso-diaminopimelate_containing)	PWY-6507:_4-deoxy-L-threo-hex-4-enopyranuronate_degradation	1	0.06666666666666667	0.1431239365173138
PWY-6387:_UDP-N-acetylmuramoyl-pentapeptide_biosynthesis_I_(meso-diaminopimelate_containing)	PWY-6527:_stachyose_degradation	4	0.21052631578947367	0.07595644923030731
PWY-6387:_UDP-N-acetylmuramoyl-pentapeptide_biosynthesis_I_(meso-diaminopimelate_containing)	PWY-6572:_chondroitin_sulfate_degradation_I_(bacterial)	1	0.06666666666666667	0.2202747898740013
PWY-6387:_UDP-N-acetylmuramoyl-pentapeptide_biosynthesis_I_(meso-diaminopimelate_containing)	PWY-6608:_guanosine_nucleotides_degradation_III	1	0.0625	0.07684681450019804
PWY-6387:_UDP-N-acetylmuramoyl-pentapeptide_biosynthesis_I_(meso-diaminopimelate_containing)	PWY-6609:_adenine_and_adenosine_salvage_III	11	0.5238095238095238	0.9004517226454706
PWY-6387:_UDP-N-acetylmuramoyl-pentapeptide_biosynthesis_I_(meso-diaminopimelate_containing)	PWY-6700:_queuosine_biosynthesis_I_(de_novo)	11	0.5	0.8814988748096553
PWY-6387:_UDP-N-acetylmuramoyl-pentapeptide_biosynthesis_I_(meso-diaminopimelate_containing)	PWY-6703:_preQ0_biosynthesis	6	0.375	0.8554016909889112
PWY-6387:_UDP-N-acetylmuramoyl-pentapeptide_biosynthesis_I_(meso-diaminopimelate_containing)	PWY-6823:_molybdopterin_biosynthesis	4	0.2222222222222222	0.15737784609360395
PWY-6387:_UDP-N-acetylmuramoyl-pentapeptide_biosynthesis_I_(meso-diaminopimelate_containing)	PWY-6897:_thiamine_diphosphate_salvage_II	3	0.2	0.16001532358092907
PWY-6387:_UDP-N-acetylmuramoyl-pentapeptide_biosynthesis_I_(meso-diaminopimelate_containing)	PWY-6902:_chitin_degradation_II_(Vibrio)	1	0.0625	0.19352904041325736
PWY-6387:_UDP-N-acetylmuramoyl-pentapeptide_biosynthesis_I_(meso-diaminopimelate_containing)	PWY-6936:_seleno-amino_acid_biosynthesis_(plants)	4	0.2222222222222222	0.06415368570809188
PWY-6387:_UDP-N-acetylmuramoyl-pentapeptide_biosynthesis_I_(meso-diaminopimelate_containing)	PWY-7111:_pyruvate_fermentation_to_isobutanol_(engineered)	3	0.15	0.06731693506346248
PWY-6387:_UDP-N-acetylmuramoyl-pentapeptide_biosynthesis_I_(meso-diaminopimelate_containing)	PWY-7199:_pyrimidine_deoxyribonucleosides_salvage	2	0.125	0.7874026420714444
PWY-6387:_UDP-N-acetylmuramoyl-pentapeptide_biosynthesis_I_(meso-diaminopimelate_containing)	PWY-7220:_adenosine_deoxyribonucleotides_de_novo_biosynthesis_II	2	0.13333333333333333	0.8158238972695925
PWY-6387:_UDP-N-acetylmuramoyl-pentapeptide_biosynthesis_I_(meso-diaminopimelate_containing)	PWY-7221:_guanosine_ribonucleotides_de_novo_biosynthesis	11	0.55	0.9239341518193679
PWY-6387:_UDP-N-acetylmuramoyl-pentapeptide_biosynthesis_I_(meso-diaminopimelate_containing)	PWY-7222:_guanosine_deoxyribonucleotides_de_novo_biosynthesis_II	2	0.13333333333333333	0.8158238972695925
PWY-6387:_UDP-N-acetylmuramoyl-pentapeptide_biosynthesis_I_(meso-diaminopimelate_containing)	PWY-7228:_superpathway_of_guanosine_nucleotides_de_novo_biosynthesis_I	3	0.2	0.8217219149109455
PWY-6387:_UDP-N-acetylmuramoyl-pentapeptide_biosynthesis_I_(meso-diaminopimelate_containing)	PWY-7229:_superpathway_of_adenosine_nucleotides_de_novo_biosynthesis_I	2	0.13333333333333333	0.764673580826497
PWY-6387:_UDP-N-acetylmuramoyl-pentapeptide_biosynthesis_I_(meso-diaminopimelate_containing)	PWY-7234:_inosine-5'-phosphate_biosynthesis_III	1	0.06666666666666667	0.10346218344265634
PWY-6387:_UDP-N-acetylmuramoyl-pentapeptide_biosynthesis_I_(meso-diaminopimelate_containing)	PWY-7237:_myo-,_chiro-_and_scyllo-inositol_degradation	5	0.25	0.19387970547071554
PWY-6387:_UDP-N-acetylmuramoyl-pentapeptide_biosynthesis_I_(meso-diaminopimelate_containing)	PWY-7238:_sucrose_biosynthesis_II	7	0.3333333333333333	0.19796397347673844
PWY-6387:_UDP-N-acetylmuramoyl-pentapeptide_biosynthesis_I_(meso-diaminopimelate_containing)	PWY-7242:_D-fructuronate_degradation	1	0.06666666666666667	0.14349664852125732
PWY-6387:_UDP-N-acetylmuramoyl-pentapeptide_biosynthesis_I_(meso-diaminopimelate_containing)	PWY-724:_superpathway_of_L-lysine,_L-threonine_and_L-methionine_biosynthesis_II	1	0.06666666666666667	0.08115298790481829
PWY-6387:_UDP-N-acetylmuramoyl-pentapeptide_biosynthesis_I_(meso-diaminopimelate_containing)	PWY-7357:_thiamine_phosphate_formation_from_pyrithiamine_and_oxythiamine_(yeast)	4	0.25	0.16534543898564347
PWY-6387:_UDP-N-acetylmuramoyl-pentapeptide_biosynthesis_I_(meso-diaminopimelate_containing)	PWY-7560:_methylerythritol_phosphate_pathway_II	2	0.13333333333333333	0.2621831995408913
PWY-6387:_UDP-N-acetylmuramoyl-pentapeptide_biosynthesis_I_(meso-diaminopimelate_containing)	PWY-7663:_gondoate_biosynthesis_(anaerobic)	2	0.13333333333333333	0.7910566768631759
PWY-6387:_UDP-N-acetylmuramoyl-pentapeptide_biosynthesis_I_(meso-diaminopimelate_containing)	PWY-7790:_UMP_biosynthesis_II	12	0.6	0.921865350633338
PWY-6387:_UDP-N-acetylmuramoyl-pentapeptide_biosynthesis_I_(meso-diaminopimelate_containing)	PWY-7791:_UMP_biosynthesis_III	12	0.6	0.9233756332228645
PWY-6387:_UDP-N-acetylmuramoyl-pentapeptide_biosynthesis_I_(meso-diaminopimelate_containing)	PWY-7851:_coenzyme_A_biosynthesis_II_(eukaryotic)	10	0.625	0.8721253538014346
PWY-6387:_UDP-N-acetylmuramoyl-pentapeptide_biosynthesis_I_(meso-diaminopimelate_containing)	PWY-7953:_UDP-N-acetylmuramoyl-pentapeptide_biosynthesis_III_(meso-diaminopimelate_containing)	12	0.8	0.9141428703258999
PWY-6387:_UDP-N-acetylmuramoyl-pentapeptide_biosynthesis_I_(meso-diaminopimelate_containing)	PWY-7977:_L-methionine_biosynthesis_IV	5	0.3125	0.886801508161101
PWY-6387:_UDP-N-acetylmuramoyl-pentapeptide_biosynthesis_I_(meso-diaminopimelate_containing)	PWY-8178:_pentose_phosphate_pathway_(non-oxidative_branch)_II	4	0.2222222222222222	0.26732628562855787
PWY-6387:_UDP-N-acetylmuramoyl-pentapeptide_biosynthesis_I_(meso-diaminopimelate_containing)	PWY0-1061:_superpathway_of_L-alanine_biosynthesis	2	0.13333333333333333	0.015185161362014088
PWY-6387:_UDP-N-acetylmuramoyl-pentapeptide_biosynthesis_I_(meso-diaminopimelate_containing)	PWY0-1241:_ADP-L-glycero-&beta;-D-manno-heptose_biosynthesis	2	0.13333333333333333	0.011259087047971739
PWY-6387:_UDP-N-acetylmuramoyl-pentapeptide_biosynthesis_I_(meso-diaminopimelate_containing)	PWY0-1296:_purine_ribonucleosides_degradation	5	0.2777777777777778	0.1935182826332178
PWY-6387:_UDP-N-acetylmuramoyl-pentapeptide_biosynthesis_I_(meso-diaminopimelate_containing)	PWY0-1319:_CDP-diacylglycerol_biosynthesis_II	6	0.35294117647058826	0.8985212377744612
PWY-6387:_UDP-N-acetylmuramoyl-pentapeptide_biosynthesis_I_(meso-diaminopimelate_containing)	PWY0-1586:_peptidoglycan_maturation_(meso-diaminopimelate_containing)	5	0.3333333333333333	0.798827172425839
PWY-6387:_UDP-N-acetylmuramoyl-pentapeptide_biosynthesis_I_(meso-diaminopimelate_containing)	PWY0-162:_superpathway_of_pyrimidine_ribonucleotides_de_novo_biosynthesis	1	0.06666666666666667	0.23484004166103267
PWY-6387:_UDP-N-acetylmuramoyl-pentapeptide_biosynthesis_I_(meso-diaminopimelate_containing)	PWY0-845:_superpathway_of_pyridoxal_5'-phosphate_biosynthesis_and_salvage	1	0.06666666666666667	0.23370082568632844
PWY-6387:_UDP-N-acetylmuramoyl-pentapeptide_biosynthesis_I_(meso-diaminopimelate_containing)	PWY66-429:_fatty_acid_biosynthesis_initiation_(mitochondria)	7	0.3888888888888889	0.8391851559376295
PWY-6387:_UDP-N-acetylmuramoyl-pentapeptide_biosynthesis_I_(meso-diaminopimelate_containing)	PYRIDNUCSYN-PWY:_NAD_de_novo_biosynthesis_I_(from_aspartate)	4	0.23529411764705882	0.8644816859149085
PWY-6387:_UDP-N-acetylmuramoyl-pentapeptide_biosynthesis_I_(meso-diaminopimelate_containing)	PYRIDOXSYN-PWY:_pyridoxal_5'-phosphate_biosynthesis_I	1	0.06666666666666667	0.23344396810329981
PWY-6387:_UDP-N-acetylmuramoyl-pentapeptide_biosynthesis_I_(meso-diaminopimelate_containing)	RHAMCAT-PWY:_L-rhamnose_degradation_I	3	0.1875	0.8234841190413782
PWY-6387:_UDP-N-acetylmuramoyl-pentapeptide_biosynthesis_I_(meso-diaminopimelate_containing)	RIBOSYN2-PWY:_flavin_biosynthesis_I_(bacteria_and_plants)	8	0.5333333333333333	0.8892295890591635
PWY-6387:_UDP-N-acetylmuramoyl-pentapeptide_biosynthesis_I_(meso-diaminopimelate_containing)	SALVADEHYPOX-PWY:_adenosine_nucleotides_degradation_II	1	0.06666666666666667	0.07423661388451597
PWY-6387:_UDP-N-acetylmuramoyl-pentapeptide_biosynthesis_I_(meso-diaminopimelate_containing)	SER-GLYSYN-PWY:_superpathway_of_L-serine_and_glycine_biosynthesis_I	6	0.3157894736842105	0.8070982464988588
PWY-6387:_UDP-N-acetylmuramoyl-pentapeptide_biosynthesis_I_(meso-diaminopimelate_containing)	THISYNARA-PWY:_superpathway_of_thiamine_diphosphate_biosynthesis_III_(eukaryotes)	3	0.2	0.08108961032856055
PWY-6387:_UDP-N-acetylmuramoyl-pentapeptide_biosynthesis_I_(meso-diaminopimelate_containing)	THRESYN-PWY:_superpathway_of_L-threonine_biosynthesis	3	0.2	0.7650732239520721
PWY-6387:_UDP-N-acetylmuramoyl-pentapeptide_biosynthesis_I_(meso-diaminopimelate_containing)	TRNA-CHARGING-PWY:_tRNA_charging	6	0.375	0.8892471202945018
PWY-6387:_UDP-N-acetylmuramoyl-pentapeptide_biosynthesis_I_(meso-diaminopimelate_containing)	UDPNAGSYN-PWY:_UDP-N-acetyl-D-glucosamine_biosynthesis_I	4	0.2222222222222222	0.032547791742513876
PWY-6387:_UDP-N-acetylmuramoyl-pentapeptide_biosynthesis_I_(meso-diaminopimelate_containing)	VALSYN-PWY:_L-valine_biosynthesis	12	0.48	0.8920393397848209
PWY-6507:_4-deoxy-L-threo-hex-4-enopyranuronate_degradation	PWY-6527:_stachyose_degradation	1	0.125	0.21218260145672407
PWY-6507:_4-deoxy-L-threo-hex-4-enopyranuronate_degradation	PWY-6608:_guanosine_nucleotides_degradation_III	1	0.5	0.6022563398508005
PWY-6507:_4-deoxy-L-threo-hex-4-enopyranuronate_degradation	PWY-6609:_adenine_and_adenosine_salvage_III	1	0.058823529411764705	0.14257357178698848
PWY-6507:_4-deoxy-L-threo-hex-4-enopyranuronate_degradation	PWY-6700:_queuosine_biosynthesis_I_(de_novo)	1	0.05555555555555555	0.10968833555101476
PWY-6507:_4-deoxy-L-threo-hex-4-enopyranuronate_degradation	PWY-6823:_molybdopterin_biosynthesis	1	0.14285714285714285	0.7407718768686273
PWY-6507:_4-deoxy-L-threo-hex-4-enopyranuronate_degradation	PWY-6897:_thiamine_diphosphate_salvage_II	1	0.3333333333333333	0.9190282804957253
PWY-6507:_4-deoxy-L-threo-hex-4-enopyranuronate_degradation	PWY-7111:_pyruvate_fermentation_to_isobutanol_(engineered)	1	0.125	0.21282543228618545
PWY-6507:_4-deoxy-L-threo-hex-4-enopyranuronate_degradation	PWY-7221:_guanosine_ribonucleotides_de_novo_biosynthesis	1	0.0625	0.14184309942254902
PWY-6507:_4-deoxy-L-threo-hex-4-enopyranuronate_degradation	PWY-7237:_myo-,_chiro-_and_scyllo-inositol_degradation	1	0.1	0.6239760117670632
PWY-6507:_4-deoxy-L-threo-hex-4-enopyranuronate_degradation	PWY-7238:_sucrose_biosynthesis_II	1	0.07692307692307693	0.3944735259424548
PWY-6507:_4-deoxy-L-threo-hex-4-enopyranuronate_degradation	PWY-7242:_D-fructuronate_degradation	1	1.0	0.9834609160679901
PWY-6507:_4-deoxy-L-threo-hex-4-enopyranuronate_degradation	PWY-724:_superpathway_of_L-lysine,_L-threonine_and_L-methionine_biosynthesis_II	1	1.0	0.6555107432165572
PWY-6507:_4-deoxy-L-threo-hex-4-enopyranuronate_degradation	PWY-7357:_thiamine_phosphate_formation_from_pyrithiamine_and_oxythiamine_(yeast)	1	0.2	0.8478058121396348
PWY-6507:_4-deoxy-L-threo-hex-4-enopyranuronate_degradation	PWY-7790:_UMP_biosynthesis_II	1	0.058823529411764705	0.15461395266510713
PWY-6507:_4-deoxy-L-threo-hex-4-enopyranuronate_degradation	PWY-7791:_UMP_biosynthesis_III	1	0.058823529411764705	0.14698553048757512
PWY-6507:_4-deoxy-L-threo-hex-4-enopyranuronate_degradation	PWY-7851:_coenzyme_A_biosynthesis_II_(eukaryotic)	1	0.09090909090909091	0.13933403547878032
PWY-6507:_4-deoxy-L-threo-hex-4-enopyranuronate_degradation	PWY-7977:_L-methionine_biosynthesis_IV	1	0.16666666666666666	0.10786339427809843
PWY-6507:_4-deoxy-L-threo-hex-4-enopyranuronate_degradation	PWY0-1296:_purine_ribonucleosides_degradation	1	0.125	0.6167226228350782
PWY-6507:_4-deoxy-L-threo-hex-4-enopyranuronate_degradation	PWY0-1319:_CDP-diacylglycerol_biosynthesis_II	1	0.125	0.17883378399385919
PWY-6507:_4-deoxy-L-threo-hex-4-enopyranuronate_degradation	PWY0-1586:_peptidoglycan_maturation_(meso-diaminopimelate_containing)	1	0.2	0.038189008154323134
PWY-6507:_4-deoxy-L-threo-hex-4-enopyranuronate_degradation	RIBOSYN2-PWY:_flavin_biosynthesis_I_(bacteria_and_plants)	1	0.125	0.1617084802588341
PWY-6507:_4-deoxy-L-threo-hex-4-enopyranuronate_degradation	SALVADEHYPOX-PWY:_adenosine_nucleotides_degradation_II	1	1.0	0.6153415122776993
PWY-6507:_4-deoxy-L-threo-hex-4-enopyranuronate_degradation	THISYNARA-PWY:_superpathway_of_thiamine_diphosphate_biosynthesis_III_(eukaryotes)	1	0.3333333333333333	0.5538917107887743
PWY-6507:_4-deoxy-L-threo-hex-4-enopyranuronate_degradation	THRESYN-PWY:_superpathway_of_L-threonine_biosynthesis	1	0.3333333333333333	0.09188189281118508
PWY-6507:_4-deoxy-L-threo-hex-4-enopyranuronate_degradation	TRNA-CHARGING-PWY:_tRNA_charging	1	0.14285714285714285	0.1742338962515244
PWY-6507:_4-deoxy-L-threo-hex-4-enopyranuronate_degradation	VALSYN-PWY:_L-valine_biosynthesis	1	0.045454545454545456	0.15156728086868898
PWY-6527:_stachyose_degradation	PWY-6608:_guanosine_nucleotides_degradation_III	2	0.25	0.37499061160267744
PWY-6527:_stachyose_degradation	PWY-6609:_adenine_and_adenosine_salvage_III	6	0.3157894736842105	0.08261408895894151
PWY-6527:_stachyose_degradation	PWY-6700:_queuosine_biosynthesis_I_(de_novo)	6	0.3	0.10033530879960195
PWY-6527:_stachyose_degradation	PWY-6823:_molybdopterin_biosynthesis	2	0.15384615384615385	0.2634892796187721
PWY-6527:_stachyose_degradation	PWY-6897:_thiamine_diphosphate_salvage_II	1	0.1	0.20659811150131335
PWY-6527:_stachyose_degradation	PWY-6902:_chitin_degradation_II_(Vibrio)	1	0.1111111111111111	0.02248205601031039
PWY-6527:_stachyose_degradation	PWY-6936:_seleno-amino_acid_biosynthesis_(plants)	2	0.15384615384615385	0.23618331410955296
PWY-6527:_stachyose_degradation	PWY-7111:_pyruvate_fermentation_to_isobutanol_(engineered)	4	0.3333333333333333	0.4921982957502675
PWY-6527:_stachyose_degradation	PWY-7221:_guanosine_ribonucleotides_de_novo_biosynthesis	6	0.3333333333333333	0.08367540119771744
PWY-6527:_stachyose_degradation	PWY-7237:_myo-,_chiro-_and_scyllo-inositol_degradation	2	0.125	0.17324119871303556
PWY-6527:_stachyose_degradation	PWY-7238:_sucrose_biosynthesis_II	8	0.6153846153846154	0.35188471857117143
PWY-6527:_stachyose_degradation	PWY-7242:_D-fructuronate_degradation	1	0.125	0.21570012124096494
PWY-6527:_stachyose_degradation	PWY-724:_superpathway_of_L-lysine,_L-threonine_and_L-methionine_biosynthesis_II	1	0.125	0.2855036803337221
PWY-6527:_stachyose_degradation	PWY-7357:_thiamine_phosphate_formation_from_pyrithiamine_and_oxythiamine_(yeast)	2	0.18181818181818182	0.24568892279525845
PWY-6527:_stachyose_degradation	PWY-7456:_&beta;-(1,4)-mannan_degradation	1	0.125	0.20331265527246556
PWY-6527:_stachyose_degradation	PWY-7790:_UMP_biosynthesis_II	6	0.3157894736842105	0.10010103175307905
PWY-6527:_stachyose_degradation	PWY-7791:_UMP_biosynthesis_III	6	0.3157894736842105	0.0951605277599451
PWY-6527:_stachyose_degradation	PWY-7851:_coenzyme_A_biosynthesis_II_(eukaryotic)	5	0.35714285714285715	0.11534864374231601
PWY-6527:_stachyose_degradation	PWY-7953:_UDP-N-acetylmuramoyl-pentapeptide_biosynthesis_III_(meso-diaminopimelate_containing)	2	0.1111111111111111	0.028965131171766023
PWY-6527:_stachyose_degradation	PWY-7977:_L-methionine_biosynthesis_IV	1	0.07692307692307693	0.03813152455884383
PWY-6527:_stachyose_degradation	PWY-8178:_pentose_phosphate_pathway_(non-oxidative_branch)_II	2	0.15384615384615385	0.12985043695628506
PWY-6527:_stachyose_degradation	PWY0-1296:_purine_ribonucleosides_degradation	4	0.3333333333333333	0.27006778467772985
PWY-6527:_stachyose_degradation	PWY0-1319:_CDP-diacylglycerol_biosynthesis_II	3	0.23076923076923078	0.06795195312419489
PWY-6527:_stachyose_degradation	PWY0-1586:_peptidoglycan_maturation_(meso-diaminopimelate_containing)	2	0.18181818181818182	0.05000333085281827
PWY-6527:_stachyose_degradation	PWY66-429:_fatty_acid_biosynthesis_initiation_(mitochondria)	3	0.2	0.043112659571170386
PWY-6527:_stachyose_degradation	PYRIDNUCSYN-PWY:_NAD_de_novo_biosynthesis_I_(from_aspartate)	1	0.07692307692307693	0.017133287269093245
PWY-6527:_stachyose_degradation	RHAMCAT-PWY:_L-rhamnose_degradation_I	1	0.09090909090909091	0.013175378570767449
PWY-6527:_stachyose_degradation	RIBOSYN2-PWY:_flavin_biosynthesis_I_(bacteria_and_plants)	1	0.06666666666666667	0.03483019322189862
PWY-6527:_stachyose_degradation	SALVADEHYPOX-PWY:_adenosine_nucleotides_degradation_II	1	0.125	0.29406087647330126
PWY-6527:_stachyose_degradation	SER-GLYSYN-PWY:_superpathway_of_L-serine_and_glycine_biosynthesis_I	2	0.125	0.03027706005443076
PWY-6527:_stachyose_degradation	THISYNARA-PWY:_superpathway_of_thiamine_diphosphate_biosynthesis_III_(eukaryotes)	1	0.1	0.28558010394809275
PWY-6527:_stachyose_degradation	THRESYN-PWY:_superpathway_of_L-threonine_biosynthesis	1	0.1	0.05203011393083856
PWY-6527:_stachyose_degradation	TRNA-CHARGING-PWY:_tRNA_charging	1	0.07142857142857142	0.03689924555154456
PWY-6527:_stachyose_degradation	UDPNAGSYN-PWY:_UDP-N-acetyl-D-glucosamine_biosynthesis_I	2	0.15384615384615385	0.2802999983292974
PWY-6527:_stachyose_degradation	VALSYN-PWY:_L-valine_biosynthesis	8	0.36363636363636365	0.14019520146683728
PWY-6572:_chondroitin_sulfate_degradation_I_(bacterial)	PWY-6609:_adenine_and_adenosine_salvage_III	1	0.058823529411764705	0.20415748749538065
PWY-6572:_chondroitin_sulfate_degradation_I_(bacterial)	PWY-6700:_queuosine_biosynthesis_I_(de_novo)	1	0.05555555555555555	0.2201605212715263
PWY-6572:_chondroitin_sulfate_degradation_I_(bacterial)	PWY-6703:_preQ0_biosynthesis	1	0.14285714285714285	0.2953467824644239
PWY-6572:_chondroitin_sulfate_degradation_I_(bacterial)	PWY-6902:_chitin_degradation_II_(Vibrio)	1	0.5	0.7143907013727158
PWY-6572:_chondroitin_sulfate_degradation_I_(bacterial)	PWY-7199:_pyrimidine_deoxyribonucleosides_salvage	1	0.3333333333333333	0.28352780061113725
PWY-6572:_chondroitin_sulfate_degradation_I_(bacterial)	PWY-7220:_adenosine_deoxyribonucleotides_de_novo_biosynthesis_II	1	0.5	0.25179250175276724
PWY-6572:_chondroitin_sulfate_degradation_I_(bacterial)	PWY-7221:_guanosine_ribonucleotides_de_novo_biosynthesis	1	0.0625	0.2619472159929017
PWY-6572:_chondroitin_sulfate_degradation_I_(bacterial)	PWY-7222:_guanosine_deoxyribonucleotides_de_novo_biosynthesis_II	1	0.5	0.25179250175276724
PWY-6572:_chondroitin_sulfate_degradation_I_(bacterial)	PWY-7228:_superpathway_of_guanosine_nucleotides_de_novo_biosynthesis_I	1	0.3333333333333333	0.2874056872227583
PWY-6572:_chondroitin_sulfate_degradation_I_(bacterial)	PWY-7229:_superpathway_of_adenosine_nucleotides_de_novo_biosynthesis_I	1	0.5	0.2689840965645105
PWY-6572:_chondroitin_sulfate_degradation_I_(bacterial)	PWY-7560:_methylerythritol_phosphate_pathway_II	1	0.5	0.7328976818081665
PWY-6572:_chondroitin_sulfate_degradation_I_(bacterial)	PWY-7663:_gondoate_biosynthesis_(anaerobic)	1	0.5	0.38851700903881337
PWY-6572:_chondroitin_sulfate_degradation_I_(bacterial)	PWY-7790:_UMP_biosynthesis_II	1	0.058823529411764705	0.2313074397981698
PWY-6572:_chondroitin_sulfate_degradation_I_(bacterial)	PWY-7791:_UMP_biosynthesis_III	1	0.058823529411764705	0.2302215327821181
PWY-6572:_chondroitin_sulfate_degradation_I_(bacterial)	PWY-7851:_coenzyme_A_biosynthesis_II_(eukaryotic)	1	0.09090909090909091	0.2101001223229121
PWY-6572:_chondroitin_sulfate_degradation_I_(bacterial)	PWY-7953:_UDP-N-acetylmuramoyl-pentapeptide_biosynthesis_III_(meso-diaminopimelate_containing)	1	0.08333333333333333	0.22781584575245273
PWY-6572:_chondroitin_sulfate_degradation_I_(bacterial)	PWY-7977:_L-methionine_biosynthesis_IV	1	0.16666666666666666	0.29167289582236655
PWY-6572:_chondroitin_sulfate_degradation_I_(bacterial)	PWY-8178:_pentose_phosphate_pathway_(non-oxidative_branch)_II	1	0.14285714285714285	0.7183274917846696
PWY-6572:_chondroitin_sulfate_degradation_I_(bacterial)	PWY0-1319:_CDP-diacylglycerol_biosynthesis_II	1	0.125	0.1988842633584338
PWY-6572:_chondroitin_sulfate_degradation_I_(bacterial)	PWY0-1586:_peptidoglycan_maturation_(meso-diaminopimelate_containing)	1	0.2	0.3766370033736225
PWY-6572:_chondroitin_sulfate_degradation_I_(bacterial)	PWY0-162:_superpathway_of_pyrimidine_ribonucleotides_de_novo_biosynthesis	1	1.0	0.7780301943538932
PWY-6572:_chondroitin_sulfate_degradation_I_(bacterial)	PWY0-845:_superpathway_of_pyridoxal_5'-phosphate_biosynthesis_and_salvage	1	1.0	0.8006801800462314
PWY-6572:_chondroitin_sulfate_degradation_I_(bacterial)	PWY66-429:_fatty_acid_biosynthesis_initiation_(mitochondria)	1	0.1	0.26371576940338204
PWY-6572:_chondroitin_sulfate_degradation_I_(bacterial)	PYRIDNUCSYN-PWY:_NAD_de_novo_biosynthesis_I_(from_aspartate)	1	0.16666666666666666	0.22640147335381855
PWY-6572:_chondroitin_sulfate_degradation_I_(bacterial)	PYRIDOXSYN-PWY:_pyridoxal_5'-phosphate_biosynthesis_I	1	1.0	0.8049800208982372
PWY-6572:_chondroitin_sulfate_degradation_I_(bacterial)	RHAMCAT-PWY:_L-rhamnose_degradation_I	1	0.25	0.3860002687613382
PWY-6572:_chondroitin_sulfate_degradation_I_(bacterial)	RIBOSYN2-PWY:_flavin_biosynthesis_I_(bacteria_and_plants)	1	0.125	0.2335752242786061
PWY-6572:_chondroitin_sulfate_degradation_I_(bacterial)	SER-GLYSYN-PWY:_superpathway_of_L-serine_and_glycine_biosynthesis_I	1	0.1	0.2350481768809558
PWY-6572:_chondroitin_sulfate_degradation_I_(bacterial)	TRNA-CHARGING-PWY:_tRNA_charging	1	0.14285714285714285	0.26007821527160324
PWY-6572:_chondroitin_sulfate_degradation_I_(bacterial)	VALSYN-PWY:_L-valine_biosynthesis	1	0.045454545454545456	0.24721280782103894
PWY-6588:_pyruvate_fermentation_to_acetone	PWY-6609:_adenine_and_adenosine_salvage_III	1	0.058823529411764705	0.01086341255364931
PWY-6588:_pyruvate_fermentation_to_acetone	PWY-6876:_isopropanol_biosynthesis_(engineered)	1	1.0	0.9087771839206163
PWY-6588:_pyruvate_fermentation_to_acetone	PWY-7111:_pyruvate_fermentation_to_isobutanol_(engineered)	1	0.125	0.138808271512478
PWY-6588:_pyruvate_fermentation_to_acetone	PWY-7237:_myo-,_chiro-_and_scyllo-inositol_degradation	1	0.1	0.04592424069821244
PWY-6588:_pyruvate_fermentation_to_acetone	PWY0-1319:_CDP-diacylglycerol_biosynthesis_II	1	0.125	0.007573197108708407
PWY-6588:_pyruvate_fermentation_to_acetone	PWY0-1477:_ethanolamine_utilization	1	1.0	0.9941175669139537
PWY-6588:_pyruvate_fermentation_to_acetone	VALSYN-PWY:_L-valine_biosynthesis	1	0.045454545454545456	0.011600579848142667
PWY-6608:_guanosine_nucleotides_degradation_III	PWY-6609:_adenine_and_adenosine_salvage_III	1	0.05555555555555555	0.06835241229935896
PWY-6608:_guanosine_nucleotides_degradation_III	PWY-6700:_queuosine_biosynthesis_I_(de_novo)	2	0.1111111111111111	0.0816864581018385
PWY-6608:_guanosine_nucleotides_degradation_III	PWY-6823:_molybdopterin_biosynthesis	1	0.125	0.5300788270980394
PWY-6608:_guanosine_nucleotides_degradation_III	PWY-6897:_thiamine_diphosphate_salvage_II	1	0.25	0.5818746926510818
PWY-6608:_guanosine_nucleotides_degradation_III	PWY-7111:_pyruvate_fermentation_to_isobutanol_(engineered)	2	0.25	0.3940159083459218
PWY-6608:_guanosine_nucleotides_degradation_III	PWY-7221:_guanosine_ribonucleotides_de_novo_biosynthesis	2	0.125	0.08149394396247955
PWY-6608:_guanosine_nucleotides_degradation_III	PWY-7237:_myo-,_chiro-_and_scyllo-inositol_degradation	2	0.2	0.3904570712372124
PWY-6608:_guanosine_nucleotides_degradation_III	PWY-7238:_sucrose_biosynthesis_II	2	0.15384615384615385	0.22852366836603688
PWY-6608:_guanosine_nucleotides_degradation_III	PWY-7242:_D-fructuronate_degradation	1	0.5	0.6152579163009481
PWY-6608:_guanosine_nucleotides_degradation_III	PWY-724:_superpathway_of_L-lysine,_L-threonine_and_L-methionine_biosynthesis_II	1	0.5	0.9026483452261663
PWY-6608:_guanosine_nucleotides_degradation_III	PWY-7357:_thiamine_phosphate_formation_from_pyrithiamine_and_oxythiamine_(yeast)	1	0.16666666666666666	0.48838478789021
PWY-6608:_guanosine_nucleotides_degradation_III	PWY-7790:_UMP_biosynthesis_II	2	0.11764705882352941	0.08466532896989565
PWY-6608:_guanosine_nucleotides_degradation_III	PWY-7791:_UMP_biosynthesis_III	2	0.11764705882352941	0.08034185805824079
PWY-6608:_guanosine_nucleotides_degradation_III	PWY-7851:_coenzyme_A_biosynthesis_II_(eukaryotic)	1	0.08333333333333333	0.09340332441154664
PWY-6608:_guanosine_nucleotides_degradation_III	PWY-7977:_L-methionine_biosynthesis_IV	1	0.14285714285714285	0.0870958321795261
PWY-6608:_guanosine_nucleotides_degradation_III	PWY-8178:_pentose_phosphate_pathway_(non-oxidative_branch)_II	1	0.125	0.05021241625082562
PWY-6608:_guanosine_nucleotides_degradation_III	PWY0-1296:_purine_ribonucleosides_degradation	1	0.1111111111111111	0.33325603823768235
PWY-6608:_guanosine_nucleotides_degradation_III	PWY0-1319:_CDP-diacylglycerol_biosynthesis_II	2	0.25	0.09868754404851432
PWY-6608:_guanosine_nucleotides_degradation_III	PWY0-1586:_peptidoglycan_maturation_(meso-diaminopimelate_containing)	1	0.16666666666666666	0.040091155003880274
PWY-6608:_guanosine_nucleotides_degradation_III	RHAMCAT-PWY:_L-rhamnose_degradation_I	1	0.2	0.013740970169556554
PWY-6608:_guanosine_nucleotides_degradation_III	RIBOSYN2-PWY:_flavin_biosynthesis_I_(bacteria_and_plants)	1	0.1111111111111111	0.07926170072687344
PWY-6608:_guanosine_nucleotides_degradation_III	SALVADEHYPOX-PWY:_adenosine_nucleotides_degradation_II	1	0.5	0.9030215560767351
PWY-6608:_guanosine_nucleotides_degradation_III	SER-GLYSYN-PWY:_superpathway_of_L-serine_and_glycine_biosynthesis_I	1	0.09090909090909091	0.015027654025778547
PWY-6608:_guanosine_nucleotides_degradation_III	THISYNARA-PWY:_superpathway_of_thiamine_diphosphate_biosynthesis_III_(eukaryotes)	1	0.25	0.8020622599838289
PWY-6608:_guanosine_nucleotides_degradation_III	THRESYN-PWY:_superpathway_of_L-threonine_biosynthesis	1	0.25	0.09738569452720613
PWY-6608:_guanosine_nucleotides_degradation_III	TRNA-CHARGING-PWY:_tRNA_charging	1	0.125	0.08416482797999103
PWY-6608:_guanosine_nucleotides_degradation_III	VALSYN-PWY:_L-valine_biosynthesis	2	0.09090909090909091	0.08413272076793232
PWY-6609:_adenine_and_adenosine_salvage_III	PWY-6700:_queuosine_biosynthesis_I_(de_novo)	11	0.4583333333333333	0.8838361116724865
PWY-6609:_adenine_and_adenosine_salvage_III	PWY-6703:_preQ0_biosynthesis	5	0.2631578947368421	0.8152005561784988
PWY-6609:_adenine_and_adenosine_salvage_III	PWY-6823:_molybdopterin_biosynthesis	4	0.2	0.14221857673003646
PWY-6609:_adenine_and_adenosine_salvage_III	PWY-6876:_isopropanol_biosynthesis_(engineered)	1	0.058823529411764705	0.009055341480540213
PWY-6609:_adenine_and_adenosine_salvage_III	PWY-6897:_thiamine_diphosphate_salvage_II	3	0.17647058823529413	0.14968803869074343
PWY-6609:_adenine_and_adenosine_salvage_III	PWY-6902:_chitin_degradation_II_(Vibrio)	2	0.11764705882352941	0.1929923228957604
PWY-6609:_adenine_and_adenosine_salvage_III	PWY-6936:_seleno-amino_acid_biosynthesis_(plants)	2	0.09090909090909091	0.03689953413412084
PWY-6609:_adenine_and_adenosine_salvage_III	PWY-7111:_pyruvate_fermentation_to_isobutanol_(engineered)	5	0.25	0.08373195844095016
PWY-6609:_adenine_and_adenosine_salvage_III	PWY-7199:_pyrimidine_deoxyribonucleosides_salvage	3	0.17647058823529413	0.7351845453249971
PWY-6609:_adenine_and_adenosine_salvage_III	PWY-7220:_adenosine_deoxyribonucleotides_de_novo_biosynthesis_II	2	0.11764705882352941	0.8309359713163347
PWY-6609:_adenine_and_adenosine_salvage_III	PWY-7221:_guanosine_ribonucleotides_de_novo_biosynthesis	13	0.65	0.9255949882311756
PWY-6609:_adenine_and_adenosine_salvage_III	PWY-7222:_guanosine_deoxyribonucleotides_de_novo_biosynthesis_II	2	0.11764705882352941	0.8309359713163347
PWY-6609:_adenine_and_adenosine_salvage_III	PWY-7228:_superpathway_of_guanosine_nucleotides_de_novo_biosynthesis_I	3	0.17647058823529413	0.8383352171060395
PWY-6609:_adenine_and_adenosine_salvage_III	PWY-7229:_superpathway_of_adenosine_nucleotides_de_novo_biosynthesis_I	2	0.11764705882352941	0.7820039492129804
PWY-6609:_adenine_and_adenosine_salvage_III	PWY-7234:_inosine-5'-phosphate_biosynthesis_III	1	0.058823529411764705	0.09732783007850965
PWY-6609:_adenine_and_adenosine_salvage_III	PWY-7237:_myo-,_chiro-_and_scyllo-inositol_degradation	6	0.2857142857142857	0.19650755585695445
PWY-6609:_adenine_and_adenosine_salvage_III	PWY-7238:_sucrose_biosynthesis_II	10	0.5	0.23168750506337155
PWY-6609:_adenine_and_adenosine_salvage_III	PWY-7242:_D-fructuronate_degradation	1	0.058823529411764705	0.13825493568430758
PWY-6609:_adenine_and_adenosine_salvage_III	PWY-724:_superpathway_of_L-lysine,_L-threonine_and_L-methionine_biosynthesis_II	1	0.058823529411764705	0.072147884765691
PWY-6609:_adenine_and_adenosine_salvage_III	PWY-7357:_thiamine_phosphate_formation_from_pyrithiamine_and_oxythiamine_(yeast)	5	0.29411764705882354	0.17728261660257905
PWY-6609:_adenine_and_adenosine_salvage_III	PWY-7560:_methylerythritol_phosphate_pathway_II	2	0.11764705882352941	0.24224766584905566
PWY-6609:_adenine_and_adenosine_salvage_III	PWY-7663:_gondoate_biosynthesis_(anaerobic)	2	0.11764705882352941	0.7430613211169868
PWY-6609:_adenine_and_adenosine_salvage_III	PWY-7790:_UMP_biosynthesis_II	12	0.5454545454545454	0.890996320533021
PWY-6609:_adenine_and_adenosine_salvage_III	PWY-7791:_UMP_biosynthesis_III	12	0.5454545454545454	0.9146181475079865
PWY-6609:_adenine_and_adenosine_salvage_III	PWY-7851:_coenzyme_A_biosynthesis_II_(eukaryotic)	10	0.5555555555555556	0.8284760023745584
PWY-6609:_adenine_and_adenosine_salvage_III	PWY-7953:_UDP-N-acetylmuramoyl-pentapeptide_biosynthesis_III_(meso-diaminopimelate_containing)	9	0.45	0.8381730021953204
PWY-6609:_adenine_and_adenosine_salvage_III	PWY-7977:_L-methionine_biosynthesis_IV	6	0.35294117647058826	0.8522145443109592
PWY-6609:_adenine_and_adenosine_salvage_III	PWY-8178:_pentose_phosphate_pathway_(non-oxidative_branch)_II	5	0.2631578947368421	0.2635245767879715
PWY-6609:_adenine_and_adenosine_salvage_III	PWY0-1061:_superpathway_of_L-alanine_biosynthesis	2	0.11764705882352941	0.013448841930886357
PWY-6609:_adenine_and_adenosine_salvage_III	PWY0-1296:_purine_ribonucleosides_degradation	8	0.47058823529411764	0.22793661736284465
PWY-6609:_adenine_and_adenosine_salvage_III	PWY0-1319:_CDP-diacylglycerol_biosynthesis_II	7	0.3888888888888889	0.8493871651039545
PWY-6609:_adenine_and_adenosine_salvage_III	PWY0-1477:_ethanolamine_utilization	1	0.058823529411764705	0.01099126887645463
PWY-6609:_adenine_and_adenosine_salvage_III	PWY0-1586:_peptidoglycan_maturation_(meso-diaminopimelate_containing)	5	0.29411764705882354	0.7481836783791893
PWY-6609:_adenine_and_adenosine_salvage_III	PWY0-162:_superpathway_of_pyrimidine_ribonucleotides_de_novo_biosynthesis	1	0.058823529411764705	0.2106533146681786
PWY-6609:_adenine_and_adenosine_salvage_III	PWY0-845:_superpathway_of_pyridoxal_5'-phosphate_biosynthesis_and_salvage	1	0.058823529411764705	0.21532607035093354
PWY-6609:_adenine_and_adenosine_salvage_III	PWY66-429:_fatty_acid_biosynthesis_initiation_(mitochondria)	6	0.2857142857142857	0.840917228137295
PWY-6609:_adenine_and_adenosine_salvage_III	PYRIDNUCSYN-PWY:_NAD_de_novo_biosynthesis_I_(from_aspartate)	5	0.2777777777777778	0.8805477434024339
PWY-6609:_adenine_and_adenosine_salvage_III	PYRIDOXSYN-PWY:_pyridoxal_5'-phosphate_biosynthesis_I	1	0.058823529411764705	0.2151136346883059
PWY-6609:_adenine_and_adenosine_salvage_III	RHAMCAT-PWY:_L-rhamnose_degradation_I	3	0.16666666666666666	0.7769658857386572
PWY-6609:_adenine_and_adenosine_salvage_III	RIBOSYN2-PWY:_flavin_biosynthesis_I_(bacteria_and_plants)	6	0.3157894736842105	0.8999551343241119
PWY-6609:_adenine_and_adenosine_salvage_III	SALVADEHYPOX-PWY:_adenosine_nucleotides_degradation_II	1	0.058823529411764705	0.06597259618780915
PWY-6609:_adenine_and_adenosine_salvage_III	SER-GLYSYN-PWY:_superpathway_of_L-serine_and_glycine_biosynthesis_I	8	0.42105263157894735	0.7959421323180422
PWY-6609:_adenine_and_adenosine_salvage_III	THISYNARA-PWY:_superpathway_of_thiamine_diphosphate_biosynthesis_III_(eukaryotes)	3	0.17647058823529413	0.07209127563452267
PWY-6609:_adenine_and_adenosine_salvage_III	THRESYN-PWY:_superpathway_of_L-threonine_biosynthesis	3	0.17647058823529413	0.708186176860824
PWY-6609:_adenine_and_adenosine_salvage_III	TRNA-CHARGING-PWY:_tRNA_charging	7	0.4117647058823529	0.8824616821330995
PWY-6609:_adenine_and_adenosine_salvage_III	UDPNAGSYN-PWY:_UDP-N-acetyl-D-glucosamine_biosynthesis_I	2	0.09090909090909091	0.0217100573716964
PWY-6609:_adenine_and_adenosine_salvage_III	VALSYN-PWY:_L-valine_biosynthesis	12	0.4444444444444444	0.8579064647383596
PWY-6700:_queuosine_biosynthesis_I_(de_novo)	PWY-6703:_preQ0_biosynthesis	6	0.3157894736842105	0.8546356098280329
PWY-6700:_queuosine_biosynthesis_I_(de_novo)	PWY-6823:_molybdopterin_biosynthesis	6	0.3157894736842105	0.1430734758424922
PWY-6700:_queuosine_biosynthesis_I_(de_novo)	PWY-6897:_thiamine_diphosphate_salvage_II	2	0.10526315789473684	0.11624771845956983
PWY-6700:_queuosine_biosynthesis_I_(de_novo)	PWY-6902:_chitin_degradation_II_(Vibrio)	1	0.05263157894736842	0.1943077983395407
PWY-6700:_queuosine_biosynthesis_I_(de_novo)	PWY-6936:_seleno-amino_acid_biosynthesis_(plants)	4	0.19047619047619047	0.05878946944187846
PWY-6700:_queuosine_biosynthesis_I_(de_novo)	PWY-7111:_pyruvate_fermentation_to_isobutanol_(engineered)	6	0.3	0.09687448927046816
PWY-6700:_queuosine_biosynthesis_I_(de_novo)	PWY-7199:_pyrimidine_deoxyribonucleosides_salvage	3	0.16666666666666666	0.77036983382161
PWY-6700:_queuosine_biosynthesis_I_(de_novo)	PWY-7220:_adenosine_deoxyribonucleotides_de_novo_biosynthesis_II	2	0.1111111111111111	0.8888480697921246
PWY-6700:_queuosine_biosynthesis_I_(de_novo)	PWY-7221:_guanosine_ribonucleotides_de_novo_biosynthesis	11	0.4782608695652174	0.8665198655689621
PWY-6700:_queuosine_biosynthesis_I_(de_novo)	PWY-7222:_guanosine_deoxyribonucleotides_de_novo_biosynthesis_II	2	0.1111111111111111	0.8888480697921246
PWY-6700:_queuosine_biosynthesis_I_(de_novo)	PWY-7228:_superpathway_of_guanosine_nucleotides_de_novo_biosynthesis_I	2	0.10526315789473684	0.8865664477730663
PWY-6700:_queuosine_biosynthesis_I_(de_novo)	PWY-7229:_superpathway_of_adenosine_nucleotides_de_novo_biosynthesis_I	2	0.1111111111111111	0.8349155666731938
PWY-6700:_queuosine_biosynthesis_I_(de_novo)	PWY-7237:_myo-,_chiro-_and_scyllo-inositol_degradation	6	0.2727272727272727	0.17036633703529014
PWY-6700:_queuosine_biosynthesis_I_(de_novo)	PWY-7238:_sucrose_biosynthesis_II	11	0.55	0.21008909446044688
PWY-6700:_queuosine_biosynthesis_I_(de_novo)	PWY-7242:_D-fructuronate_degradation	1	0.05555555555555555	0.10996215620361371
PWY-6700:_queuosine_biosynthesis_I_(de_novo)	PWY-724:_superpathway_of_L-lysine,_L-threonine_and_L-methionine_biosynthesis_II	1	0.05555555555555555	0.07766617501247097
PWY-6700:_queuosine_biosynthesis_I_(de_novo)	PWY-7357:_thiamine_phosphate_formation_from_pyrithiamine_and_oxythiamine_(yeast)	4	0.21052631578947367	0.12963137122134916
PWY-6700:_queuosine_biosynthesis_I_(de_novo)	PWY-7456:_&beta;-(1,4)-mannan_degradation	1	0.05555555555555555	0.017131454346546948
PWY-6700:_queuosine_biosynthesis_I_(de_novo)	PWY-7560:_methylerythritol_phosphate_pathway_II	2	0.1111111111111111	0.25902811142109505
PWY-6700:_queuosine_biosynthesis_I_(de_novo)	PWY-7663:_gondoate_biosynthesis_(anaerobic)	2	0.1111111111111111	0.7770234682977547
PWY-6700:_queuosine_biosynthesis_I_(de_novo)	PWY-7790:_UMP_biosynthesis_II	13	0.5909090909090909	0.8475723012434648
PWY-6700:_queuosine_biosynthesis_I_(de_novo)	PWY-7791:_UMP_biosynthesis_III	13	0.5909090909090909	0.8732949328588776
PWY-6700:_queuosine_biosynthesis_I_(de_novo)	PWY-7851:_coenzyme_A_biosynthesis_II_(eukaryotic)	9	0.45	0.7920195642045414
PWY-6700:_queuosine_biosynthesis_I_(de_novo)	PWY-7953:_UDP-N-acetylmuramoyl-pentapeptide_biosynthesis_III_(meso-diaminopimelate_containing)	8	0.36363636363636365	0.810370392923657
PWY-6700:_queuosine_biosynthesis_I_(de_novo)	PWY-7977:_L-methionine_biosynthesis_IV	4	0.2	0.8170886077695764
PWY-6700:_queuosine_biosynthesis_I_(de_novo)	PWY-8178:_pentose_phosphate_pathway_(non-oxidative_branch)_II	6	0.3157894736842105	0.28666999231791346
PWY-6700:_queuosine_biosynthesis_I_(de_novo)	PWY0-1061:_superpathway_of_L-alanine_biosynthesis	2	0.1111111111111111	0.012494206181444145
PWY-6700:_queuosine_biosynthesis_I_(de_novo)	PWY0-1241:_ADP-L-glycero-&beta;-D-manno-heptose_biosynthesis	2	0.1111111111111111	0.00936285041190732
PWY-6700:_queuosine_biosynthesis_I_(de_novo)	PWY0-1296:_purine_ribonucleosides_degradation	7	0.3684210526315789	0.1787839169211417
PWY-6700:_queuosine_biosynthesis_I_(de_novo)	PWY0-1319:_CDP-diacylglycerol_biosynthesis_II	7	0.3684210526315789	0.8631029927313539
PWY-6700:_queuosine_biosynthesis_I_(de_novo)	PWY0-1586:_peptidoglycan_maturation_(meso-diaminopimelate_containing)	4	0.21052631578947367	0.7736921916016399
PWY-6700:_queuosine_biosynthesis_I_(de_novo)	PWY0-162:_superpathway_of_pyrimidine_ribonucleotides_de_novo_biosynthesis	1	0.05555555555555555	0.2255260229850341
PWY-6700:_queuosine_biosynthesis_I_(de_novo)	PWY0-845:_superpathway_of_pyridoxal_5'-phosphate_biosynthesis_and_salvage	1	0.05555555555555555	0.2330502745753431
PWY-6700:_queuosine_biosynthesis_I_(de_novo)	PWY66-429:_fatty_acid_biosynthesis_initiation_(mitochondria)	7	0.3333333333333333	0.9144986361941201
PWY-6700:_queuosine_biosynthesis_I_(de_novo)	PYRIDNUCSYN-PWY:_NAD_de_novo_biosynthesis_I_(from_aspartate)	4	0.2	0.8289265531357033
PWY-6700:_queuosine_biosynthesis_I_(de_novo)	PYRIDOXSYN-PWY:_pyridoxal_5'-phosphate_biosynthesis_I	1	0.05555555555555555	0.2328042249276806
PWY-6700:_queuosine_biosynthesis_I_(de_novo)	RHAMCAT-PWY:_L-rhamnose_degradation_I	4	0.2222222222222222	0.8169028854468212
PWY-6700:_queuosine_biosynthesis_I_(de_novo)	RIBOSYN2-PWY:_flavin_biosynthesis_I_(bacteria_and_plants)	8	0.4444444444444444	0.9358344736413441
PWY-6700:_queuosine_biosynthesis_I_(de_novo)	SALVADEHYPOX-PWY:_adenosine_nucleotides_degradation_II	1	0.05555555555555555	0.07103596816158209
PWY-6700:_queuosine_biosynthesis_I_(de_novo)	SER-GLYSYN-PWY:_superpathway_of_L-serine_and_glycine_biosynthesis_I	7	0.3333333333333333	0.7378157478270915
PWY-6700:_queuosine_biosynthesis_I_(de_novo)	THISYNARA-PWY:_superpathway_of_thiamine_diphosphate_biosynthesis_III_(eukaryotes)	3	0.16666666666666666	0.07574528715773632
PWY-6700:_queuosine_biosynthesis_I_(de_novo)	THRESYN-PWY:_superpathway_of_L-threonine_biosynthesis	2	0.10526315789473684	0.7393867062028332
PWY-6700:_queuosine_biosynthesis_I_(de_novo)	TRNA-CHARGING-PWY:_tRNA_charging	5	0.25	0.7999474350297072
PWY-6700:_queuosine_biosynthesis_I_(de_novo)	UDPNAGSYN-PWY:_UDP-N-acetyl-D-glucosamine_biosynthesis_I	5	0.25	0.035176716733408275
PWY-6700:_queuosine_biosynthesis_I_(de_novo)	VALSYN-PWY:_L-valine_biosynthesis	15	0.6	0.8743704060800912
PWY-6703:_preQ0_biosynthesis	PWY-6823:_molybdopterin_biosynthesis	1	0.07692307692307693	0.013230816498863152
PWY-6703:_preQ0_biosynthesis	PWY-6897:_thiamine_diphosphate_salvage_II	1	0.1111111111111111	0.008934089225723474
PWY-6703:_preQ0_biosynthesis	PWY-6902:_chitin_degradation_II_(Vibrio)	1	0.125	0.25575556485354356
PWY-6703:_preQ0_biosynthesis	PWY-6936:_seleno-amino_acid_biosynthesis_(plants)	3	0.2727272727272727	0.06047077790201538
PWY-6703:_preQ0_biosynthesis	PWY-7111:_pyruvate_fermentation_to_isobutanol_(engineered)	1	0.07142857142857142	0.04625953086207413
PWY-6703:_preQ0_biosynthesis	PWY-7199:_pyrimidine_deoxyribonucleosides_salvage	2	0.25	0.8542460539338936
PWY-6703:_preQ0_biosynthesis	PWY-7220:_adenosine_deoxyribonucleotides_de_novo_biosynthesis_II	2	0.2857142857142857	0.8928033765960709
PWY-6703:_preQ0_biosynthesis	PWY-7221:_guanosine_ribonucleotides_de_novo_biosynthesis	5	0.2777777777777778	0.8650617330171618
PWY-6703:_preQ0_biosynthesis	PWY-7222:_guanosine_deoxyribonucleotides_de_novo_biosynthesis_II	2	0.2857142857142857	0.8928033765960709
PWY-6703:_preQ0_biosynthesis	PWY-7228:_superpathway_of_guanosine_nucleotides_de_novo_biosynthesis_I	3	0.42857142857142855	0.9217697159763483
PWY-6703:_preQ0_biosynthesis	PWY-7229:_superpathway_of_adenosine_nucleotides_de_novo_biosynthesis_I	2	0.2857142857142857	0.8560354631379494
PWY-6703:_preQ0_biosynthesis	PWY-7237:_myo-,_chiro-_and_scyllo-inositol_degradation	1	0.0625	0.06544838834514843
PWY-6703:_preQ0_biosynthesis	PWY-7238:_sucrose_biosynthesis_II	2	0.1111111111111111	0.050495618595855274
PWY-6703:_preQ0_biosynthesis	PWY-7357:_thiamine_phosphate_formation_from_pyrithiamine_and_oxythiamine_(yeast)	1	0.09090909090909091	0.008263913526708744
PWY-6703:_preQ0_biosynthesis	PWY-7560:_methylerythritol_phosphate_pathway_II	2	0.2857142857142857	0.3035690125498721
PWY-6703:_preQ0_biosynthesis	PWY-7663:_gondoate_biosynthesis_(anaerobic)	2	0.2857142857142857	0.8803036224905666
PWY-6703:_preQ0_biosynthesis	PWY-7790:_UMP_biosynthesis_II	4	0.2	0.8220777841192629
PWY-6703:_preQ0_biosynthesis	PWY-7791:_UMP_biosynthesis_III	4	0.2	0.8431006769365109
PWY-6703:_preQ0_biosynthesis	PWY-7851:_coenzyme_A_biosynthesis_II_(eukaryotic)	4	0.2857142857142857	0.7667463569351894
PWY-6703:_preQ0_biosynthesis	PWY-7953:_UDP-N-acetylmuramoyl-pentapeptide_biosynthesis_III_(meso-diaminopimelate_containing)	6	0.46153846153846156	0.8847899921600406
PWY-6703:_preQ0_biosynthesis	PWY-7977:_L-methionine_biosynthesis_IV	3	0.3	0.8631396524404391
PWY-6703:_preQ0_biosynthesis	PWY-8178:_pentose_phosphate_pathway_(non-oxidative_branch)_II	2	0.16666666666666666	0.3231902873297495
PWY-6703:_preQ0_biosynthesis	PWY0-1241:_ADP-L-glycero-&beta;-D-manno-heptose_biosynthesis	2	0.2857142857142857	0.012925405747150731
PWY-6703:_preQ0_biosynthesis	PWY0-1296:_purine_ribonucleosides_degradation	2	0.15384615384615385	0.04725376813208981
PWY-6703:_preQ0_biosynthesis	PWY0-1319:_CDP-diacylglycerol_biosynthesis_II	3	0.25	0.8591737731738762
PWY-6703:_preQ0_biosynthesis	PWY0-1586:_peptidoglycan_maturation_(meso-diaminopimelate_containing)	2	0.2	0.8590562926460376
PWY-6703:_preQ0_biosynthesis	PWY0-162:_superpathway_of_pyrimidine_ribonucleotides_de_novo_biosynthesis	1	0.14285714285714285	0.26518359174497586
PWY-6703:_preQ0_biosynthesis	PWY0-845:_superpathway_of_pyridoxal_5'-phosphate_biosynthesis_and_salvage	1	0.14285714285714285	0.276279172716259
PWY-6703:_preQ0_biosynthesis	PWY66-429:_fatty_acid_biosynthesis_initiation_(mitochondria)	4	0.3076923076923077	0.9028412063047715
PWY-6703:_preQ0_biosynthesis	PYRIDNUCSYN-PWY:_NAD_de_novo_biosynthesis_I_(from_aspartate)	2	0.18181818181818182	0.8694256126504243
PWY-6703:_preQ0_biosynthesis	PYRIDOXSYN-PWY:_pyridoxal_5'-phosphate_biosynthesis_I	1	0.14285714285714285	0.2784166147553163
PWY-6703:_preQ0_biosynthesis	RHAMCAT-PWY:_L-rhamnose_degradation_I	3	0.375	0.9187056669493199
PWY-6703:_preQ0_biosynthesis	RIBOSYN2-PWY:_flavin_biosynthesis_I_(bacteria_and_plants)	5	0.5	0.874152656001171
PWY-6703:_preQ0_biosynthesis	SER-GLYSYN-PWY:_superpathway_of_L-serine_and_glycine_biosynthesis_I	4	0.3076923076923077	0.8010192235898521
PWY-6703:_preQ0_biosynthesis	THRESYN-PWY:_superpathway_of_L-threonine_biosynthesis	2	0.25	0.7880927879834408
PWY-6703:_preQ0_biosynthesis	TRNA-CHARGING-PWY:_tRNA_charging	2	0.16666666666666666	0.8064510761776724
PWY-6703:_preQ0_biosynthesis	UDPNAGSYN-PWY:_UDP-N-acetyl-D-glucosamine_biosynthesis_I	3	0.2727272727272727	0.02530497270663057
PWY-6703:_preQ0_biosynthesis	VALSYN-PWY:_L-valine_biosynthesis	5	0.20833333333333334	0.8543727734154233
PWY-6823:_molybdopterin_biosynthesis	PWY-6897:_thiamine_diphosphate_salvage_II	2	0.25	0.7766599406896337
PWY-6823:_molybdopterin_biosynthesis	PWY-6936:_seleno-amino_acid_biosynthesis_(plants)	1	0.07692307692307693	0.0806531215778491
PWY-6823:_molybdopterin_biosynthesis	PWY-7111:_pyruvate_fermentation_to_isobutanol_(engineered)	3	0.25	0.27647660960983755
PWY-6823:_molybdopterin_biosynthesis	PWY-7221:_guanosine_ribonucleotides_de_novo_biosynthesis	6	0.35294117647058826	0.15585733204138918
PWY-6823:_molybdopterin_biosynthesis	PWY-7237:_myo-,_chiro-_and_scyllo-inositol_degradation	3	0.21428571428571427	0.5832419290396385
PWY-6823:_molybdopterin_biosynthesis	PWY-7238:_sucrose_biosynthesis_II	4	0.25	0.4002987961900808
PWY-6823:_molybdopterin_biosynthesis	PWY-7242:_D-fructuronate_degradation	1	0.14285714285714285	0.7518436487336881
PWY-6823:_molybdopterin_biosynthesis	PWY-724:_superpathway_of_L-lysine,_L-threonine_and_L-methionine_biosynthesis_II	1	0.14285714285714285	0.574530276196591
PWY-6823:_molybdopterin_biosynthesis	PWY-7357:_thiamine_phosphate_formation_from_pyrithiamine_and_oxythiamine_(yeast)	4	0.5	0.7907655908120941
PWY-6823:_molybdopterin_biosynthesis	PWY-7790:_UMP_biosynthesis_II	5	0.2631578947368421	0.163191538479456
PWY-6823:_molybdopterin_biosynthesis	PWY-7791:_UMP_biosynthesis_III	5	0.2631578947368421	0.15526209858629203
PWY-6823:_molybdopterin_biosynthesis	PWY-7851:_coenzyme_A_biosynthesis_II_(eukaryotic)	3	0.2	0.15917451614584688
PWY-6823:_molybdopterin_biosynthesis	PWY-7953:_UDP-N-acetylmuramoyl-pentapeptide_biosynthesis_III_(meso-diaminopimelate_containing)	3	0.1875	0.0301702629849252
PWY-6823:_molybdopterin_biosynthesis	PWY-7977:_L-methionine_biosynthesis_IV	1	0.08333333333333333	0.10586511393352593
PWY-6823:_molybdopterin_biosynthesis	PWY-8178:_pentose_phosphate_pathway_(non-oxidative_branch)_II	3	0.2727272727272727	0.12079757833711324
PWY-6823:_molybdopterin_biosynthesis	PWY0-1061:_superpathway_of_L-alanine_biosynthesis	2	0.2857142857142857	0.13591164371982933
PWY-6823:_molybdopterin_biosynthesis	PWY0-1241:_ADP-L-glycero-&beta;-D-manno-heptose_biosynthesis	1	0.125	0.08272237029159712
PWY-6823:_molybdopterin_biosynthesis	PWY0-1296:_purine_ribonucleosides_degradation	4	0.36363636363636365	0.5855820132157912
PWY-6823:_molybdopterin_biosynthesis	PWY0-1319:_CDP-diacylglycerol_biosynthesis_II	2	0.15384615384615385	0.1624350323712035
PWY-6823:_molybdopterin_biosynthesis	PWY0-1586:_peptidoglycan_maturation_(meso-diaminopimelate_containing)	2	0.2	0.05215665760421273
PWY-6823:_molybdopterin_biosynthesis	PWY66-429:_fatty_acid_biosynthesis_initiation_(mitochondria)	1	0.0625	0.00551013989664606
PWY-6823:_molybdopterin_biosynthesis	PYRIDNUCSYN-PWY:_NAD_de_novo_biosynthesis_I_(from_aspartate)	1	0.08333333333333333	0.012570355549913259
PWY-6823:_molybdopterin_biosynthesis	RIBOSYN2-PWY:_flavin_biosynthesis_I_(bacteria_and_plants)	4	0.36363636363636365	0.15683189873286596
PWY-6823:_molybdopterin_biosynthesis	SALVADEHYPOX-PWY:_adenosine_nucleotides_degradation_II	1	0.14285714285714285	0.5373401817230528
PWY-6823:_molybdopterin_biosynthesis	SER-GLYSYN-PWY:_superpathway_of_L-serine_and_glycine_biosynthesis_I	2	0.13333333333333333	0.022140220691021728
PWY-6823:_molybdopterin_biosynthesis	THISYNARA-PWY:_superpathway_of_thiamine_diphosphate_biosynthesis_III_(eukaryotes)	3	0.42857142857142855	0.5741968890165756
PWY-6823:_molybdopterin_biosynthesis	THRESYN-PWY:_superpathway_of_L-threonine_biosynthesis	1	0.1111111111111111	0.08957516524354914
PWY-6823:_molybdopterin_biosynthesis	TRNA-CHARGING-PWY:_tRNA_charging	3	0.2727272727272727	0.1639482544679175
PWY-6823:_molybdopterin_biosynthesis	UDPNAGSYN-PWY:_UDP-N-acetyl-D-glucosamine_biosynthesis_I	2	0.16666666666666666	0.09984431476194433
PWY-6823:_molybdopterin_biosynthesis	VALSYN-PWY:_L-valine_biosynthesis	6	0.2608695652173913	0.16957927359503455
PWY-6876:_isopropanol_biosynthesis_(engineered)	PWY-7111:_pyruvate_fermentation_to_isobutanol_(engineered)	1	0.125	0.13159754427987314
PWY-6876:_isopropanol_biosynthesis_(engineered)	PWY-7237:_myo-,_chiro-_and_scyllo-inositol_degradation	1	0.1	0.04617222593056203
PWY-6876:_isopropanol_biosynthesis_(engineered)	PWY0-1319:_CDP-diacylglycerol_biosynthesis_II	1	0.125	0.007582363804483405
PWY-6876:_isopropanol_biosynthesis_(engineered)	PWY0-1477:_ethanolamine_utilization	1	1.0	0.9029468307406547
PWY-6876:_isopropanol_biosynthesis_(engineered)	VALSYN-PWY:_L-valine_biosynthesis	1	0.045454545454545456	0.009670413526531862
PWY-6897:_thiamine_diphosphate_salvage_II	PWY-7111:_pyruvate_fermentation_to_isobutanol_(engineered)	1	0.1	0.20676849929632357
PWY-6897:_thiamine_diphosphate_salvage_II	PWY-7221:_guanosine_ribonucleotides_de_novo_biosynthesis	3	0.1875	0.1549507316370996
PWY-6897:_thiamine_diphosphate_salvage_II	PWY-7228:_superpathway_of_guanosine_nucleotides_de_novo_biosynthesis_I	1	0.2	0.00883018921064116
PWY-6897:_thiamine_diphosphate_salvage_II	PWY-7237:_myo-,_chiro-_and_scyllo-inositol_degradation	2	0.18181818181818182	0.6282145151890979
PWY-6897:_thiamine_diphosphate_salvage_II	PWY-7238:_sucrose_biosynthesis_II	2	0.14285714285714285	0.39204207444555206
PWY-6897:_thiamine_diphosphate_salvage_II	PWY-7242:_D-fructuronate_degradation	1	0.3333333333333333	0.9338225858893426
PWY-6897:_thiamine_diphosphate_salvage_II	PWY-724:_superpathway_of_L-lysine,_L-threonine_and_L-methionine_biosynthesis_II	1	0.3333333333333333	0.6325742396068347
PWY-6897:_thiamine_diphosphate_salvage_II	PWY-7357:_thiamine_phosphate_formation_from_pyrithiamine_and_oxythiamine_(yeast)	3	0.6	0.871526329332788
PWY-6897:_thiamine_diphosphate_salvage_II	PWY-7790:_UMP_biosynthesis_II	2	0.1111111111111111	0.15465080044174817
PWY-6897:_thiamine_diphosphate_salvage_II	PWY-7791:_UMP_biosynthesis_III	2	0.1111111111111111	0.14705068705179103
PWY-6897:_thiamine_diphosphate_salvage_II	PWY-7851:_coenzyme_A_biosynthesis_II_(eukaryotic)	1	0.07692307692307693	0.13861438069153953
PWY-6897:_thiamine_diphosphate_salvage_II	PWY-7953:_UDP-N-acetylmuramoyl-pentapeptide_biosynthesis_III_(meso-diaminopimelate_containing)	2	0.15384615384615385	0.02046914614884343
PWY-6897:_thiamine_diphosphate_salvage_II	PWY-7977:_L-methionine_biosynthesis_IV	1	0.125	0.10734217282132641
PWY-6897:_thiamine_diphosphate_salvage_II	PWY-8178:_pentose_phosphate_pathway_(non-oxidative_branch)_II	1	0.1111111111111111	0.034162320430872195
PWY-6897:_thiamine_diphosphate_salvage_II	PWY0-1061:_superpathway_of_L-alanine_biosynthesis	1	0.25	0.10200568956037404
PWY-6897:_thiamine_diphosphate_salvage_II	PWY0-1296:_purine_ribonucleosides_degradation	2	0.2222222222222222	0.6093076818077827
PWY-6897:_thiamine_diphosphate_salvage_II	PWY0-1319:_CDP-diacylglycerol_biosynthesis_II	2	0.2222222222222222	0.1856135484704985
PWY-6897:_thiamine_diphosphate_salvage_II	PWY0-1586:_peptidoglycan_maturation_(meso-diaminopimelate_containing)	2	0.3333333333333333	0.050404641315921817
PWY-6897:_thiamine_diphosphate_salvage_II	PYRIDNUCSYN-PWY:_NAD_de_novo_biosynthesis_I_(from_aspartate)	1	0.125	0.010546875339778605
PWY-6897:_thiamine_diphosphate_salvage_II	RIBOSYN2-PWY:_flavin_biosynthesis_I_(bacteria_and_plants)	2	0.2222222222222222	0.1628728980223384
PWY-6897:_thiamine_diphosphate_salvage_II	SALVADEHYPOX-PWY:_adenosine_nucleotides_degradation_II	1	0.3333333333333333	0.5931904184391648
PWY-6897:_thiamine_diphosphate_salvage_II	SER-GLYSYN-PWY:_superpathway_of_L-serine_and_glycine_biosynthesis_I	1	0.08333333333333333	0.009942220745429164
PWY-6897:_thiamine_diphosphate_salvage_II	THISYNARA-PWY:_superpathway_of_thiamine_diphosphate_biosynthesis_III_(eukaryotes)	2	0.5	0.6093478562698094
PWY-6897:_thiamine_diphosphate_salvage_II	THRESYN-PWY:_superpathway_of_L-threonine_biosynthesis	2	0.5	0.10112528858568048
PWY-6897:_thiamine_diphosphate_salvage_II	TRNA-CHARGING-PWY:_tRNA_charging	2	0.25	0.17418363811899062
PWY-6897:_thiamine_diphosphate_salvage_II	UDPNAGSYN-PWY:_UDP-N-acetyl-D-glucosamine_biosynthesis_I	1	0.1111111111111111	0.06495563166774876
PWY-6897:_thiamine_diphosphate_salvage_II	VALSYN-PWY:_L-valine_biosynthesis	2	0.08695652173913043	0.15161580826292065
PWY-6902:_chitin_degradation_II_(Vibrio)	PWY-6936:_seleno-amino_acid_biosynthesis_(plants)	1	0.125	0.016189152688862785
PWY-6902:_chitin_degradation_II_(Vibrio)	PWY-7199:_pyrimidine_deoxyribonucleosides_salvage	1	0.25	0.23766586130074874
PWY-6902:_chitin_degradation_II_(Vibrio)	PWY-7220:_adenosine_deoxyribonucleotides_de_novo_biosynthesis_II	1	0.3333333333333333	0.21842427492958383
PWY-6902:_chitin_degradation_II_(Vibrio)	PWY-7221:_guanosine_ribonucleotides_de_novo_biosynthesis	2	0.125	0.2393334372068473
PWY-6902:_chitin_degradation_II_(Vibrio)	PWY-7222:_guanosine_deoxyribonucleotides_de_novo_biosynthesis_II	1	0.3333333333333333	0.21842427492958383
PWY-6902:_chitin_degradation_II_(Vibrio)	PWY-7228:_superpathway_of_guanosine_nucleotides_de_novo_biosynthesis_I	1	0.25	0.2492256329051884
PWY-6902:_chitin_degradation_II_(Vibrio)	PWY-7229:_superpathway_of_adenosine_nucleotides_de_novo_biosynthesis_I	1	0.3333333333333333	0.23657811463207656
PWY-6902:_chitin_degradation_II_(Vibrio)	PWY-7238:_sucrose_biosynthesis_II	1	0.07142857142857142	0.02664204155180694
PWY-6902:_chitin_degradation_II_(Vibrio)	PWY-7560:_methylerythritol_phosphate_pathway_II	1	0.3333333333333333	0.5026308018352503
PWY-6902:_chitin_degradation_II_(Vibrio)	PWY-7663:_gondoate_biosynthesis_(anaerobic)	1	0.3333333333333333	0.4208751172169941
PWY-6902:_chitin_degradation_II_(Vibrio)	PWY-7790:_UMP_biosynthesis_II	1	0.05555555555555555	0.20392522075654695
PWY-6902:_chitin_degradation_II_(Vibrio)	PWY-7791:_UMP_biosynthesis_III	1	0.05555555555555555	0.2040478263101806
PWY-6902:_chitin_degradation_II_(Vibrio)	PWY-7851:_coenzyme_A_biosynthesis_II_(eukaryotic)	1	0.08333333333333333	0.18061348324149396
PWY-6902:_chitin_degradation_II_(Vibrio)	PWY-7953:_UDP-N-acetylmuramoyl-pentapeptide_biosynthesis_III_(meso-diaminopimelate_containing)	1	0.07692307692307693	0.1965649419230865
PWY-6902:_chitin_degradation_II_(Vibrio)	PWY-7977:_L-methionine_biosynthesis_IV	1	0.14285714285714285	0.2527758330436066
PWY-6902:_chitin_degradation_II_(Vibrio)	PWY-8178:_pentose_phosphate_pathway_(non-oxidative_branch)_II	1	0.125	0.5157123043392114
PWY-6902:_chitin_degradation_II_(Vibrio)	PWY0-1296:_purine_ribonucleosides_degradation	1	0.1111111111111111	0.028415296901127984
PWY-6902:_chitin_degradation_II_(Vibrio)	PWY0-1319:_CDP-diacylglycerol_biosynthesis_II	1	0.1111111111111111	0.17172314380039
PWY-6902:_chitin_degradation_II_(Vibrio)	PWY0-1586:_peptidoglycan_maturation_(meso-diaminopimelate_containing)	1	0.16666666666666666	0.3209772172905383
PWY-6902:_chitin_degradation_II_(Vibrio)	PWY0-162:_superpathway_of_pyrimidine_ribonucleotides_de_novo_biosynthesis	1	0.5	0.522681297891461
PWY-6902:_chitin_degradation_II_(Vibrio)	PWY0-845:_superpathway_of_pyridoxal_5'-phosphate_biosynthesis_and_salvage	1	0.5	0.5411898399253519
PWY-6902:_chitin_degradation_II_(Vibrio)	PWY66-429:_fatty_acid_biosynthesis_initiation_(mitochondria)	2	0.2	0.23747122371252227
PWY-6902:_chitin_degradation_II_(Vibrio)	PYRIDNUCSYN-PWY:_NAD_de_novo_biosynthesis_I_(from_aspartate)	1	0.14285714285714285	0.1968809889634615
PWY-6902:_chitin_degradation_II_(Vibrio)	PYRIDOXSYN-PWY:_pyridoxal_5'-phosphate_biosynthesis_I	1	0.5	0.54472909300968
PWY-6902:_chitin_degradation_II_(Vibrio)	RHAMCAT-PWY:_L-rhamnose_degradation_I	1	0.2	0.3610839259039187
PWY-6902:_chitin_degradation_II_(Vibrio)	RIBOSYN2-PWY:_flavin_biosynthesis_I_(bacteria_and_plants)	1	0.1111111111111111	0.20454158855971716
PWY-6902:_chitin_degradation_II_(Vibrio)	SER-GLYSYN-PWY:_superpathway_of_L-serine_and_glycine_biosynthesis_I	1	0.09090909090909091	0.2008653564284023
PWY-6902:_chitin_degradation_II_(Vibrio)	TRNA-CHARGING-PWY:_tRNA_charging	1	0.125	0.22626274754152864
PWY-6902:_chitin_degradation_II_(Vibrio)	VALSYN-PWY:_L-valine_biosynthesis	2	0.09090909090909091	0.2240403925075808
PWY-6936:_seleno-amino_acid_biosynthesis_(plants)	PWY-7111:_pyruvate_fermentation_to_isobutanol_(engineered)	2	0.15384615384615385	0.36383389237372354
PWY-6936:_seleno-amino_acid_biosynthesis_(plants)	PWY-7221:_guanosine_ribonucleotides_de_novo_biosynthesis	3	0.15	0.046512081949458106
PWY-6936:_seleno-amino_acid_biosynthesis_(plants)	PWY-7237:_myo-,_chiro-_and_scyllo-inositol_degradation	2	0.13333333333333333	0.21223379701162182
PWY-6936:_seleno-amino_acid_biosynthesis_(plants)	PWY-7238:_sucrose_biosynthesis_II	3	0.17647058823529413	0.1526207278473437
PWY-6936:_seleno-amino_acid_biosynthesis_(plants)	PWY-7456:_&beta;-(1,4)-mannan_degradation	1	0.14285714285714285	0.3014308394543437
PWY-6936:_seleno-amino_acid_biosynthesis_(plants)	PWY-7560:_methylerythritol_phosphate_pathway_II	1	0.125	0.17434399658097255
PWY-6936:_seleno-amino_acid_biosynthesis_(plants)	PWY-7790:_UMP_biosynthesis_II	3	0.14285714285714285	0.05194237408623481
PWY-6936:_seleno-amino_acid_biosynthesis_(plants)	PWY-7791:_UMP_biosynthesis_III	3	0.14285714285714285	0.049308919998275136
PWY-6936:_seleno-amino_acid_biosynthesis_(plants)	PWY-7851:_coenzyme_A_biosynthesis_II_(eukaryotic)	2	0.125	0.04538095436851963
PWY-6936:_seleno-amino_acid_biosynthesis_(plants)	PWY-7953:_UDP-N-acetylmuramoyl-pentapeptide_biosynthesis_III_(meso-diaminopimelate_containing)	4	0.26666666666666666	0.0684935133488036
PWY-6936:_seleno-amino_acid_biosynthesis_(plants)	PWY-7977:_L-methionine_biosynthesis_IV	1	0.08333333333333333	0.03943944082235329
PWY-6936:_seleno-amino_acid_biosynthesis_(plants)	PWY-8178:_pentose_phosphate_pathway_(non-oxidative_branch)_II	1	0.07692307692307693	0.13543636900173994
PWY-6936:_seleno-amino_acid_biosynthesis_(plants)	PWY0-1241:_ADP-L-glycero-&beta;-D-manno-heptose_biosynthesis	2	0.2857142857142857	0.18647447009702878
PWY-6936:_seleno-amino_acid_biosynthesis_(plants)	PWY0-1296:_purine_ribonucleosides_degradation	2	0.15384615384615385	0.17519082510560868
PWY-6936:_seleno-amino_acid_biosynthesis_(plants)	PWY0-1319:_CDP-diacylglycerol_biosynthesis_II	1	0.07142857142857142	0.040725997961174154
PWY-6936:_seleno-amino_acid_biosynthesis_(plants)	PWY66-429:_fatty_acid_biosynthesis_initiation_(mitochondria)	4	0.3076923076923077	0.05039302054057837
PWY-6936:_seleno-amino_acid_biosynthesis_(plants)	PYRIDNUCSYN-PWY:_NAD_de_novo_biosynthesis_I_(from_aspartate)	1	0.08333333333333333	0.017691437793026177
PWY-6936:_seleno-amino_acid_biosynthesis_(plants)	RHAMCAT-PWY:_L-rhamnose_degradation_I	1	0.1	0.039571202787243576
PWY-6936:_seleno-amino_acid_biosynthesis_(plants)	RIBOSYN2-PWY:_flavin_biosynthesis_I_(bacteria_and_plants)	3	0.25	0.039689003268191914
PWY-6936:_seleno-amino_acid_biosynthesis_(plants)	SER-GLYSYN-PWY:_superpathway_of_L-serine_and_glycine_biosynthesis_I	1	0.0625	0.03968139673644955
PWY-6936:_seleno-amino_acid_biosynthesis_(plants)	UDPNAGSYN-PWY:_UDP-N-acetyl-D-glucosamine_biosynthesis_I	3	0.2727272727272727	0.4049104633031301
PWY-6936:_seleno-amino_acid_biosynthesis_(plants)	VALSYN-PWY:_L-valine_biosynthesis	7	0.3181818181818182	0.09279666906985429
PWY-7111:_pyruvate_fermentation_to_isobutanol_(engineered)	PWY-7221:_guanosine_ribonucleotides_de_novo_biosynthesis	5	0.2631578947368421	0.08731565873175451
PWY-7111:_pyruvate_fermentation_to_isobutanol_(engineered)	PWY-7237:_myo-,_chiro-_and_scyllo-inositol_degradation	6	0.5	0.42409251900858747
PWY-7111:_pyruvate_fermentation_to_isobutanol_(engineered)	PWY-7238:_sucrose_biosynthesis_II	6	0.4	0.2771464367791432
PWY-7111:_pyruvate_fermentation_to_isobutanol_(engineered)	PWY-7242:_D-fructuronate_degradation	1	0.125	0.21665424917713227
PWY-7111:_pyruvate_fermentation_to_isobutanol_(engineered)	PWY-724:_superpathway_of_L-lysine,_L-threonine_and_L-methionine_biosynthesis_II	1	0.125	0.29489856782480106
PWY-7111:_pyruvate_fermentation_to_isobutanol_(engineered)	PWY-7357:_thiamine_phosphate_formation_from_pyrithiamine_and_oxythiamine_(yeast)	3	0.3	0.2565478014425693
PWY-7111:_pyruvate_fermentation_to_isobutanol_(engineered)	PWY-7456:_&beta;-(1,4)-mannan_degradation	1	0.125	0.11880878514426596
PWY-7111:_pyruvate_fermentation_to_isobutanol_(engineered)	PWY-7560:_methylerythritol_phosphate_pathway_II	1	0.1111111111111111	0.19079013018187196
PWY-7111:_pyruvate_fermentation_to_isobutanol_(engineered)	PWY-7790:_UMP_biosynthesis_II	6	0.3157894736842105	0.10599536627622197
PWY-7111:_pyruvate_fermentation_to_isobutanol_(engineered)	PWY-7791:_UMP_biosynthesis_III	6	0.3157894736842105	0.10070399029396448
PWY-7111:_pyruvate_fermentation_to_isobutanol_(engineered)	PWY-7851:_coenzyme_A_biosynthesis_II_(eukaryotic)	4	0.26666666666666666	0.10090775123405171
PWY-7111:_pyruvate_fermentation_to_isobutanol_(engineered)	PWY-7953:_UDP-N-acetylmuramoyl-pentapeptide_biosynthesis_III_(meso-diaminopimelate_containing)	2	0.1111111111111111	0.037348090383461985
PWY-7111:_pyruvate_fermentation_to_isobutanol_(engineered)	PWY-7977:_L-methionine_biosynthesis_IV	2	0.16666666666666666	0.0777850008853409
PWY-7111:_pyruvate_fermentation_to_isobutanol_(engineered)	PWY-8178:_pentose_phosphate_pathway_(non-oxidative_branch)_II	5	0.5	0.2987855690714064
PWY-7111:_pyruvate_fermentation_to_isobutanol_(engineered)	PWY-I9:_L-cysteine_biosynthesis_VI_(from_L-methionine)	1	0.125	0.012858532647297749
PWY-7111:_pyruvate_fermentation_to_isobutanol_(engineered)	PWY0-1061:_superpathway_of_L-alanine_biosynthesis	1	0.1111111111111111	0.01887630505270954
PWY-7111:_pyruvate_fermentation_to_isobutanol_(engineered)	PWY0-1296:_purine_ribonucleosides_degradation	4	0.3333333333333333	0.3264677866138741
PWY-7111:_pyruvate_fermentation_to_isobutanol_(engineered)	PWY0-1319:_CDP-diacylglycerol_biosynthesis_II	4	0.3333333333333333	0.09720993824000868
PWY-7111:_pyruvate_fermentation_to_isobutanol_(engineered)	PWY0-1477:_ethanolamine_utilization	1	0.125	0.13868029258852654
PWY-7111:_pyruvate_fermentation_to_isobutanol_(engineered)	PWY0-1586:_peptidoglycan_maturation_(meso-diaminopimelate_containing)	1	0.08333333333333333	0.03882438458173143
PWY-7111:_pyruvate_fermentation_to_isobutanol_(engineered)	PWY66-429:_fatty_acid_biosynthesis_initiation_(mitochondria)	1	0.058823529411764705	0.04208979445781191
PWY-7111:_pyruvate_fermentation_to_isobutanol_(engineered)	PYRIDNUCSYN-PWY:_NAD_de_novo_biosynthesis_I_(from_aspartate)	1	0.07692307692307693	0.010049033990080392
PWY-7111:_pyruvate_fermentation_to_isobutanol_(engineered)	RHAMCAT-PWY:_L-rhamnose_degradation_I	2	0.2	0.05937105199341197
PWY-7111:_pyruvate_fermentation_to_isobutanol_(engineered)	RIBOSYN2-PWY:_flavin_biosynthesis_I_(bacteria_and_plants)	3	0.23076923076923078	0.06021604326202468
PWY-7111:_pyruvate_fermentation_to_isobutanol_(engineered)	SALVADEHYPOX-PWY:_adenosine_nucleotides_degradation_II	1	0.125	0.30479692791952395
PWY-7111:_pyruvate_fermentation_to_isobutanol_(engineered)	SER-GLYSYN-PWY:_superpathway_of_L-serine_and_glycine_biosynthesis_I	4	0.2857142857142857	0.07139584059423953
PWY-7111:_pyruvate_fermentation_to_isobutanol_(engineered)	THISYNARA-PWY:_superpathway_of_thiamine_diphosphate_biosynthesis_III_(eukaryotes)	2	0.2222222222222222	0.3081939989837943
PWY-7111:_pyruvate_fermentation_to_isobutanol_(engineered)	THRESYN-PWY:_superpathway_of_L-threonine_biosynthesis	1	0.1	0.04908647818083367
PWY-7111:_pyruvate_fermentation_to_isobutanol_(engineered)	TRNA-CHARGING-PWY:_tRNA_charging	2	0.15384615384615385	0.036167201760903045
PWY-7111:_pyruvate_fermentation_to_isobutanol_(engineered)	UDPNAGSYN-PWY:_UDP-N-acetyl-D-glucosamine_biosynthesis_I	1	0.07142857142857142	0.08636114697262853
PWY-7111:_pyruvate_fermentation_to_isobutanol_(engineered)	VALSYN-PWY:_L-valine_biosynthesis	8	0.36363636363636365	0.12721240371343734
PWY-7199:_pyrimidine_deoxyribonucleosides_salvage	PWY-7220:_adenosine_deoxyribonucleotides_de_novo_biosynthesis_II	2	0.6666666666666666	0.8462867239529441
PWY-7199:_pyrimidine_deoxyribonucleosides_salvage	PWY-7221:_guanosine_ribonucleotides_de_novo_biosynthesis	2	0.11764705882352941	0.7575361786007673
PWY-7199:_pyrimidine_deoxyribonucleosides_salvage	PWY-7222:_guanosine_deoxyribonucleotides_de_novo_biosynthesis_II	2	0.6666666666666666	0.8462867239529441
PWY-7199:_pyrimidine_deoxyribonucleosides_salvage	PWY-7228:_superpathway_of_guanosine_nucleotides_de_novo_biosynthesis_I	2	0.5	0.8479626929270248
PWY-7199:_pyrimidine_deoxyribonucleosides_salvage	PWY-7229:_superpathway_of_adenosine_nucleotides_de_novo_biosynthesis_I	2	0.6666666666666666	0.7823092409408574
PWY-7199:_pyrimidine_deoxyribonucleosides_salvage	PWY-7237:_myo-,_chiro-_and_scyllo-inositol_degradation	1	0.08333333333333333	0.010550669518101241
PWY-7199:_pyrimidine_deoxyribonucleosides_salvage	PWY-7560:_methylerythritol_phosphate_pathway_II	1	0.25	0.3020926614296958
PWY-7199:_pyrimidine_deoxyribonucleosides_salvage	PWY-7663:_gondoate_biosynthesis_(anaerobic)	2	0.6666666666666666	0.8562948249274835
PWY-7199:_pyrimidine_deoxyribonucleosides_salvage	PWY-7790:_UMP_biosynthesis_II	3	0.17647058823529413	0.776353175740357
PWY-7199:_pyrimidine_deoxyribonucleosides_salvage	PWY-7791:_UMP_biosynthesis_III	3	0.17647058823529413	0.7505249757907461
PWY-7199:_pyrimidine_deoxyribonucleosides_salvage	PWY-7851:_coenzyme_A_biosynthesis_II_(eukaryotic)	2	0.16666666666666666	0.8495898230707448
PWY-7199:_pyrimidine_deoxyribonucleosides_salvage	PWY-7953:_UDP-N-acetylmuramoyl-pentapeptide_biosynthesis_III_(meso-diaminopimelate_containing)	2	0.15384615384615385	0.8663820953276127
PWY-7199:_pyrimidine_deoxyribonucleosides_salvage	PWY-7977:_L-methionine_biosynthesis_IV	2	0.2857142857142857	0.8506467126410511
PWY-7199:_pyrimidine_deoxyribonucleosides_salvage	PWY-8178:_pentose_phosphate_pathway_(non-oxidative_branch)_II	1	0.1111111111111111	0.28114112185981954
PWY-7199:_pyrimidine_deoxyribonucleosides_salvage	PWY0-1319:_CDP-diacylglycerol_biosynthesis_II	2	0.2222222222222222	0.8437609533466806
PWY-7199:_pyrimidine_deoxyribonucleosides_salvage	PWY0-1586:_peptidoglycan_maturation_(meso-diaminopimelate_containing)	2	0.3333333333333333	0.9243372709683323
PWY-7199:_pyrimidine_deoxyribonucleosides_salvage	PWY0-162:_superpathway_of_pyrimidine_ribonucleotides_de_novo_biosynthesis	1	0.3333333333333333	0.3107754603689248
PWY-7199:_pyrimidine_deoxyribonucleosides_salvage	PWY0-845:_superpathway_of_pyridoxal_5'-phosphate_biosynthesis_and_salvage	1	0.3333333333333333	0.3082549836825148
PWY-7199:_pyrimidine_deoxyribonucleosides_salvage	PWY66-429:_fatty_acid_biosynthesis_initiation_(mitochondria)	2	0.18181818181818182	0.8049876831293136
PWY-7199:_pyrimidine_deoxyribonucleosides_salvage	PYRIDNUCSYN-PWY:_NAD_de_novo_biosynthesis_I_(from_aspartate)	2	0.2857142857142857	0.8351155669082464
PWY-7199:_pyrimidine_deoxyribonucleosides_salvage	PYRIDOXSYN-PWY:_pyridoxal_5'-phosphate_biosynthesis_I	1	0.3333333333333333	0.3077704403406122
PWY-7199:_pyrimidine_deoxyribonucleosides_salvage	RHAMCAT-PWY:_L-rhamnose_degradation_I	2	0.4	0.8523711950734305
PWY-7199:_pyrimidine_deoxyribonucleosides_salvage	RIBOSYN2-PWY:_flavin_biosynthesis_I_(bacteria_and_plants)	2	0.2222222222222222	0.8028572262997334
PWY-7199:_pyrimidine_deoxyribonucleosides_salvage	SER-GLYSYN-PWY:_superpathway_of_L-serine_and_glycine_biosynthesis_I	2	0.18181818181818182	0.8912181036627448
PWY-7199:_pyrimidine_deoxyribonucleosides_salvage	THRESYN-PWY:_superpathway_of_L-threonine_biosynthesis	1	0.2	0.8297846248540288
PWY-7199:_pyrimidine_deoxyribonucleosides_salvage	TRNA-CHARGING-PWY:_tRNA_charging	2	0.25	0.8331729064822626
PWY-7199:_pyrimidine_deoxyribonucleosides_salvage	VALSYN-PWY:_L-valine_biosynthesis	2	0.08695652173913043	0.7608208492538656
PWY-7220:_adenosine_deoxyribonucleotides_de_novo_biosynthesis_II	PWY-7221:_guanosine_ribonucleotides_de_novo_biosynthesis	2	0.125	0.8168198731365974
PWY-7220:_adenosine_deoxyribonucleotides_de_novo_biosynthesis_II	PWY-7222:_guanosine_deoxyribonucleotides_de_novo_biosynthesis_II	2	1.0	1.0
PWY-7220:_adenosine_deoxyribonucleotides_de_novo_biosynthesis_II	PWY-7228:_superpathway_of_guanosine_nucleotides_de_novo_biosynthesis_I	2	0.6666666666666666	0.9672989730058106
PWY-7220:_adenosine_deoxyribonucleotides_de_novo_biosynthesis_II	PWY-7229:_superpathway_of_adenosine_nucleotides_de_novo_biosynthesis_I	2	1.0	0.9334889853756025
PWY-7220:_adenosine_deoxyribonucleotides_de_novo_biosynthesis_II	PWY-7560:_methylerythritol_phosphate_pathway_II	1	0.3333333333333333	0.256893819849746
PWY-7220:_adenosine_deoxyribonucleotides_de_novo_biosynthesis_II	PWY-7663:_gondoate_biosynthesis_(anaerobic)	2	1.0	0.8483088376365564
PWY-7220:_adenosine_deoxyribonucleotides_de_novo_biosynthesis_II	PWY-7790:_UMP_biosynthesis_II	2	0.11764705882352941	0.7759308016196558
PWY-7220:_adenosine_deoxyribonucleotides_de_novo_biosynthesis_II	PWY-7791:_UMP_biosynthesis_III	2	0.11764705882352941	0.8058697669639687
PWY-7220:_adenosine_deoxyribonucleotides_de_novo_biosynthesis_II	PWY-7851:_coenzyme_A_biosynthesis_II_(eukaryotic)	2	0.18181818181818182	0.7356685252130053
PWY-7220:_adenosine_deoxyribonucleotides_de_novo_biosynthesis_II	PWY-7953:_UDP-N-acetylmuramoyl-pentapeptide_biosynthesis_III_(meso-diaminopimelate_containing)	2	0.16666666666666666	0.8445699277416425
PWY-7220:_adenosine_deoxyribonucleotides_de_novo_biosynthesis_II	PWY-7977:_L-methionine_biosynthesis_IV	2	0.3333333333333333	0.8100063178559069
PWY-7220:_adenosine_deoxyribonucleotides_de_novo_biosynthesis_II	PWY-8178:_pentose_phosphate_pathway_(non-oxidative_branch)_II	1	0.125	0.25011157035047415
PWY-7220:_adenosine_deoxyribonucleotides_de_novo_biosynthesis_II	PWY0-1319:_CDP-diacylglycerol_biosynthesis_II	2	0.25	0.8282573627542476
PWY-7220:_adenosine_deoxyribonucleotides_de_novo_biosynthesis_II	PWY0-1586:_peptidoglycan_maturation_(meso-diaminopimelate_containing)	2	0.4	0.8250586889413161
PWY-7220:_adenosine_deoxyribonucleotides_de_novo_biosynthesis_II	PWY0-162:_superpathway_of_pyrimidine_ribonucleotides_de_novo_biosynthesis	1	0.5	0.26144106182628135
PWY-7220:_adenosine_deoxyribonucleotides_de_novo_biosynthesis_II	PWY0-845:_superpathway_of_pyridoxal_5'-phosphate_biosynthesis_and_salvage	1	0.5	0.2688670295122232
PWY-7220:_adenosine_deoxyribonucleotides_de_novo_biosynthesis_II	PWY66-429:_fatty_acid_biosynthesis_initiation_(mitochondria)	2	0.2	0.9400686138895562
PWY-7220:_adenosine_deoxyribonucleotides_de_novo_biosynthesis_II	PYRIDNUCSYN-PWY:_NAD_de_novo_biosynthesis_I_(from_aspartate)	2	0.3333333333333333	0.8900313027083236
PWY-7220:_adenosine_deoxyribonucleotides_de_novo_biosynthesis_II	PYRIDOXSYN-PWY:_pyridoxal_5'-phosphate_biosynthesis_I	1	0.5	0.26853829986604294
PWY-7220:_adenosine_deoxyribonucleotides_de_novo_biosynthesis_II	RHAMCAT-PWY:_L-rhamnose_degradation_I	2	0.5	0.8617545248749063
PWY-7220:_adenosine_deoxyribonucleotides_de_novo_biosynthesis_II	RIBOSYN2-PWY:_flavin_biosynthesis_I_(bacteria_and_plants)	2	0.25	0.9221993166710555
PWY-7220:_adenosine_deoxyribonucleotides_de_novo_biosynthesis_II	SER-GLYSYN-PWY:_superpathway_of_L-serine_and_glycine_biosynthesis_I	2	0.2	0.768714802356345
PWY-7220:_adenosine_deoxyribonucleotides_de_novo_biosynthesis_II	THRESYN-PWY:_superpathway_of_L-threonine_biosynthesis	1	0.25	0.7759130244595864
PWY-7220:_adenosine_deoxyribonucleotides_de_novo_biosynthesis_II	TRNA-CHARGING-PWY:_tRNA_charging	2	0.2857142857142857	0.7914229268000822
PWY-7220:_adenosine_deoxyribonucleotides_de_novo_biosynthesis_II	VALSYN-PWY:_L-valine_biosynthesis	2	0.09090909090909091	0.7960193145081108
PWY-7221:_guanosine_ribonucleotides_de_novo_biosynthesis	PWY-7222:_guanosine_deoxyribonucleotides_de_novo_biosynthesis_II	2	0.125	0.8168198731365974
PWY-7221:_guanosine_ribonucleotides_de_novo_biosynthesis	PWY-7228:_superpathway_of_guanosine_nucleotides_de_novo_biosynthesis_I	3	0.1875	0.8462008050553329
PWY-7221:_guanosine_ribonucleotides_de_novo_biosynthesis	PWY-7229:_superpathway_of_adenosine_nucleotides_de_novo_biosynthesis_I	2	0.125	0.792608874070776
PWY-7221:_guanosine_ribonucleotides_de_novo_biosynthesis	PWY-7234:_inosine-5'-phosphate_biosynthesis_III	1	0.0625	0.10105550966041132
PWY-7221:_guanosine_ribonucleotides_de_novo_biosynthesis	PWY-7237:_myo-,_chiro-_and_scyllo-inositol_degradation	5	0.23809523809523808	0.1894748761098487
PWY-7221:_guanosine_ribonucleotides_de_novo_biosynthesis	PWY-7238:_sucrose_biosynthesis_II	9	0.45	0.21301644653753393
PWY-7221:_guanosine_ribonucleotides_de_novo_biosynthesis	PWY-7242:_D-fructuronate_degradation	1	0.0625	0.14219148043471008
PWY-7221:_guanosine_ribonucleotides_de_novo_biosynthesis	PWY-724:_superpathway_of_L-lysine,_L-threonine_and_L-methionine_biosynthesis_II	1	0.0625	0.07636684494608637
PWY-7221:_guanosine_ribonucleotides_de_novo_biosynthesis	PWY-7357:_thiamine_phosphate_formation_from_pyrithiamine_and_oxythiamine_(yeast)	5	0.3125	0.16643083282258808
PWY-7221:_guanosine_ribonucleotides_de_novo_biosynthesis	PWY-7560:_methylerythritol_phosphate_pathway_II	2	0.125	0.25509728891697847
PWY-7221:_guanosine_ribonucleotides_de_novo_biosynthesis	PWY-7663:_gondoate_biosynthesis_(anaerobic)	2	0.125	0.7992432889274868
PWY-7221:_guanosine_ribonucleotides_de_novo_biosynthesis	PWY-7790:_UMP_biosynthesis_II	12	0.5714285714285714	0.9060222601200415
PWY-7221:_guanosine_ribonucleotides_de_novo_biosynthesis	PWY-7791:_UMP_biosynthesis_III	12	0.5714285714285714	0.9348793244937808
PWY-7221:_guanosine_ribonucleotides_de_novo_biosynthesis	PWY-7851:_coenzyme_A_biosynthesis_II_(eukaryotic)	9	0.5	0.8403333986121101
PWY-7221:_guanosine_ribonucleotides_de_novo_biosynthesis	PWY-7953:_UDP-N-acetylmuramoyl-pentapeptide_biosynthesis_III_(meso-diaminopimelate_containing)	10	0.5555555555555556	0.8690634557113612
PWY-7221:_guanosine_ribonucleotides_de_novo_biosynthesis	PWY-7977:_L-methionine_biosynthesis_IV	6	0.375	0.901856669309564
PWY-7221:_guanosine_ribonucleotides_de_novo_biosynthesis	PWY-8178:_pentose_phosphate_pathway_(non-oxidative_branch)_II	6	0.35294117647058826	0.3035978737468469
PWY-7221:_guanosine_ribonucleotides_de_novo_biosynthesis	PWY0-1061:_superpathway_of_L-alanine_biosynthesis	2	0.125	0.011583236062041702
PWY-7221:_guanosine_ribonucleotides_de_novo_biosynthesis	PWY0-1241:_ADP-L-glycero-&beta;-D-manno-heptose_biosynthesis	1	0.058823529411764705	0.007824353109698423
PWY-7221:_guanosine_ribonucleotides_de_novo_biosynthesis	PWY0-1296:_purine_ribonucleosides_degradation	6	0.3333333333333333	0.1936615002070886
PWY-7221:_guanosine_ribonucleotides_de_novo_biosynthesis	PWY0-1319:_CDP-diacylglycerol_biosynthesis_II	7	0.4117647058823529	0.8747816325224431
PWY-7221:_guanosine_ribonucleotides_de_novo_biosynthesis	PWY0-1586:_peptidoglycan_maturation_(meso-diaminopimelate_containing)	5	0.3125	0.8034580308606577
PWY-7221:_guanosine_ribonucleotides_de_novo_biosynthesis	PWY0-162:_superpathway_of_pyrimidine_ribonucleotides_de_novo_biosynthesis	1	0.0625	0.22203876347881524
PWY-7221:_guanosine_ribonucleotides_de_novo_biosynthesis	PWY0-845:_superpathway_of_pyridoxal_5'-phosphate_biosynthesis_and_salvage	1	0.0625	0.23157008505412557
PWY-7221:_guanosine_ribonucleotides_de_novo_biosynthesis	PWY66-429:_fatty_acid_biosynthesis_initiation_(mitochondria)	6	0.3	0.8387913784348016
PWY-7221:_guanosine_ribonucleotides_de_novo_biosynthesis	PYRIDNUCSYN-PWY:_NAD_de_novo_biosynthesis_I_(from_aspartate)	5	0.29411764705882354	0.8748696573350048
PWY-7221:_guanosine_ribonucleotides_de_novo_biosynthesis	PYRIDOXSYN-PWY:_pyridoxal_5'-phosphate_biosynthesis_I	1	0.0625	0.23340847118922436
PWY-7221:_guanosine_ribonucleotides_de_novo_biosynthesis	RHAMCAT-PWY:_L-rhamnose_degradation_I	4	0.25	0.8393314426615874
PWY-7221:_guanosine_ribonucleotides_de_novo_biosynthesis	RIBOSYN2-PWY:_flavin_biosynthesis_I_(bacteria_and_plants)	7	0.4117647058823529	0.8882103607066713
PWY-7221:_guanosine_ribonucleotides_de_novo_biosynthesis	SALVADEHYPOX-PWY:_adenosine_nucleotides_degradation_II	1	0.0625	0.06984352925337167
PWY-7221:_guanosine_ribonucleotides_de_novo_biosynthesis	SER-GLYSYN-PWY:_superpathway_of_L-serine_and_glycine_biosynthesis_I	9	0.5294117647058824	0.8102304360777961
PWY-7221:_guanosine_ribonucleotides_de_novo_biosynthesis	THISYNARA-PWY:_superpathway_of_thiamine_diphosphate_biosynthesis_III_(eukaryotes)	3	0.1875	0.07380457811729801
PWY-7221:_guanosine_ribonucleotides_de_novo_biosynthesis	THRESYN-PWY:_superpathway_of_L-threonine_biosynthesis	3	0.1875	0.7354104690511867
PWY-7221:_guanosine_ribonucleotides_de_novo_biosynthesis	TRNA-CHARGING-PWY:_tRNA_charging	7	0.4375	0.8930383798091966
PWY-7221:_guanosine_ribonucleotides_de_novo_biosynthesis	UDPNAGSYN-PWY:_UDP-N-acetyl-D-glucosamine_biosynthesis_I	4	0.21052631578947367	0.03364046680678723
PWY-7221:_guanosine_ribonucleotides_de_novo_biosynthesis	VALSYN-PWY:_L-valine_biosynthesis	13	0.52	0.8907463512841888
PWY-7222:_guanosine_deoxyribonucleotides_de_novo_biosynthesis_II	PWY-7228:_superpathway_of_guanosine_nucleotides_de_novo_biosynthesis_I	2	0.6666666666666666	0.9672989730058106
PWY-7222:_guanosine_deoxyribonucleotides_de_novo_biosynthesis_II	PWY-7229:_superpathway_of_adenosine_nucleotides_de_novo_biosynthesis_I	2	1.0	0.9334889853756025
PWY-7222:_guanosine_deoxyribonucleotides_de_novo_biosynthesis_II	PWY-7560:_methylerythritol_phosphate_pathway_II	1	0.3333333333333333	0.256893819849746
PWY-7222:_guanosine_deoxyribonucleotides_de_novo_biosynthesis_II	PWY-7663:_gondoate_biosynthesis_(anaerobic)	2	1.0	0.8483088376365564
PWY-7222:_guanosine_deoxyribonucleotides_de_novo_biosynthesis_II	PWY-7790:_UMP_biosynthesis_II	2	0.11764705882352941	0.7759308016196558
PWY-7222:_guanosine_deoxyribonucleotides_de_novo_biosynthesis_II	PWY-7791:_UMP_biosynthesis_III	2	0.11764705882352941	0.8058697669639687
PWY-7222:_guanosine_deoxyribonucleotides_de_novo_biosynthesis_II	PWY-7851:_coenzyme_A_biosynthesis_II_(eukaryotic)	2	0.18181818181818182	0.7356685252130053
PWY-7222:_guanosine_deoxyribonucleotides_de_novo_biosynthesis_II	PWY-7953:_UDP-N-acetylmuramoyl-pentapeptide_biosynthesis_III_(meso-diaminopimelate_containing)	2	0.16666666666666666	0.8445699277416425
PWY-7222:_guanosine_deoxyribonucleotides_de_novo_biosynthesis_II	PWY-7977:_L-methionine_biosynthesis_IV	2	0.3333333333333333	0.8100063178559069
PWY-7222:_guanosine_deoxyribonucleotides_de_novo_biosynthesis_II	PWY-8178:_pentose_phosphate_pathway_(non-oxidative_branch)_II	1	0.125	0.25011157035047415
PWY-7222:_guanosine_deoxyribonucleotides_de_novo_biosynthesis_II	PWY0-1319:_CDP-diacylglycerol_biosynthesis_II	2	0.25	0.8282573627542476
PWY-7222:_guanosine_deoxyribonucleotides_de_novo_biosynthesis_II	PWY0-1586:_peptidoglycan_maturation_(meso-diaminopimelate_containing)	2	0.4	0.8250586889413161
PWY-7222:_guanosine_deoxyribonucleotides_de_novo_biosynthesis_II	PWY0-162:_superpathway_of_pyrimidine_ribonucleotides_de_novo_biosynthesis	1	0.5	0.26144106182628135
PWY-7222:_guanosine_deoxyribonucleotides_de_novo_biosynthesis_II	PWY0-845:_superpathway_of_pyridoxal_5'-phosphate_biosynthesis_and_salvage	1	0.5	0.2688670295122232
PWY-7222:_guanosine_deoxyribonucleotides_de_novo_biosynthesis_II	PWY66-429:_fatty_acid_biosynthesis_initiation_(mitochondria)	2	0.2	0.9400686138895562
PWY-7222:_guanosine_deoxyribonucleotides_de_novo_biosynthesis_II	PYRIDNUCSYN-PWY:_NAD_de_novo_biosynthesis_I_(from_aspartate)	2	0.3333333333333333	0.8900313027083236
PWY-7222:_guanosine_deoxyribonucleotides_de_novo_biosynthesis_II	PYRIDOXSYN-PWY:_pyridoxal_5'-phosphate_biosynthesis_I	1	0.5	0.26853829986604294
PWY-7222:_guanosine_deoxyribonucleotides_de_novo_biosynthesis_II	RHAMCAT-PWY:_L-rhamnose_degradation_I	2	0.5	0.8617545248749063
PWY-7222:_guanosine_deoxyribonucleotides_de_novo_biosynthesis_II	RIBOSYN2-PWY:_flavin_biosynthesis_I_(bacteria_and_plants)	2	0.25	0.9221993166710555
PWY-7222:_guanosine_deoxyribonucleotides_de_novo_biosynthesis_II	SER-GLYSYN-PWY:_superpathway_of_L-serine_and_glycine_biosynthesis_I	2	0.2	0.768714802356345
PWY-7222:_guanosine_deoxyribonucleotides_de_novo_biosynthesis_II	THRESYN-PWY:_superpathway_of_L-threonine_biosynthesis	1	0.25	0.7759130244595864
PWY-7222:_guanosine_deoxyribonucleotides_de_novo_biosynthesis_II	TRNA-CHARGING-PWY:_tRNA_charging	2	0.2857142857142857	0.7914229268000822
PWY-7222:_guanosine_deoxyribonucleotides_de_novo_biosynthesis_II	VALSYN-PWY:_L-valine_biosynthesis	2	0.09090909090909091	0.7960193145081108
PWY-7228:_superpathway_of_guanosine_nucleotides_de_novo_biosynthesis_I	PWY-7229:_superpathway_of_adenosine_nucleotides_de_novo_biosynthesis_I	2	0.6666666666666666	0.9229778576451062
PWY-7228:_superpathway_of_guanosine_nucleotides_de_novo_biosynthesis_I	PWY-7357:_thiamine_phosphate_formation_from_pyrithiamine_and_oxythiamine_(yeast)	1	0.14285714285714285	0.0081703519891827
PWY-7228:_superpathway_of_guanosine_nucleotides_de_novo_biosynthesis_I	PWY-7560:_methylerythritol_phosphate_pathway_II	1	0.25	0.25764832110004743
PWY-7228:_superpathway_of_guanosine_nucleotides_de_novo_biosynthesis_I	PWY-7663:_gondoate_biosynthesis_(anaerobic)	2	0.6666666666666666	0.871563742040713
PWY-7228:_superpathway_of_guanosine_nucleotides_de_novo_biosynthesis_I	PWY-7790:_UMP_biosynthesis_II	2	0.1111111111111111	0.7836508234103481
PWY-7228:_superpathway_of_guanosine_nucleotides_de_novo_biosynthesis_I	PWY-7791:_UMP_biosynthesis_III	2	0.1111111111111111	0.8195118057401285
PWY-7228:_superpathway_of_guanosine_nucleotides_de_novo_biosynthesis_I	PWY-7851:_coenzyme_A_biosynthesis_II_(eukaryotic)	2	0.16666666666666666	0.7369900851446498
PWY-7228:_superpathway_of_guanosine_nucleotides_de_novo_biosynthesis_I	PWY-7953:_UDP-N-acetylmuramoyl-pentapeptide_biosynthesis_III_(meso-diaminopimelate_containing)	3	0.25	0.8511126257091233
PWY-7228:_superpathway_of_guanosine_nucleotides_de_novo_biosynthesis_I	PWY-7977:_L-methionine_biosynthesis_IV	2	0.2857142857142857	0.8330610750392922
PWY-7228:_superpathway_of_guanosine_nucleotides_de_novo_biosynthesis_I	PWY-8178:_pentose_phosphate_pathway_(non-oxidative_branch)_II	1	0.1111111111111111	0.27821767075512915
PWY-7228:_superpathway_of_guanosine_nucleotides_de_novo_biosynthesis_I	PWY0-1319:_CDP-diacylglycerol_biosynthesis_II	2	0.2222222222222222	0.8297169085868544
PWY-7228:_superpathway_of_guanosine_nucleotides_de_novo_biosynthesis_I	PWY0-1586:_peptidoglycan_maturation_(meso-diaminopimelate_containing)	2	0.3333333333333333	0.8498642954726872
PWY-7228:_superpathway_of_guanosine_nucleotides_de_novo_biosynthesis_I	PWY0-162:_superpathway_of_pyrimidine_ribonucleotides_de_novo_biosynthesis	1	0.3333333333333333	0.2622260990445294
PWY-7228:_superpathway_of_guanosine_nucleotides_de_novo_biosynthesis_I	PWY0-845:_superpathway_of_pyridoxal_5'-phosphate_biosynthesis_and_salvage	1	0.3333333333333333	0.2732174238398355
PWY-7228:_superpathway_of_guanosine_nucleotides_de_novo_biosynthesis_I	PWY66-429:_fatty_acid_biosynthesis_initiation_(mitochondria)	2	0.18181818181818182	0.944212176898811
PWY-7228:_superpathway_of_guanosine_nucleotides_de_novo_biosynthesis_I	PYRIDNUCSYN-PWY:_NAD_de_novo_biosynthesis_I_(from_aspartate)	2	0.2857142857142857	0.8915488348809453
PWY-7228:_superpathway_of_guanosine_nucleotides_de_novo_biosynthesis_I	PYRIDOXSYN-PWY:_pyridoxal_5'-phosphate_biosynthesis_I	1	0.3333333333333333	0.2753349622110356
PWY-7228:_superpathway_of_guanosine_nucleotides_de_novo_biosynthesis_I	RHAMCAT-PWY:_L-rhamnose_degradation_I	2	0.4	0.8849398568329377
PWY-7228:_superpathway_of_guanosine_nucleotides_de_novo_biosynthesis_I	RIBOSYN2-PWY:_flavin_biosynthesis_I_(bacteria_and_plants)	2	0.2222222222222222	0.9234508305209754
PWY-7228:_superpathway_of_guanosine_nucleotides_de_novo_biosynthesis_I	SER-GLYSYN-PWY:_superpathway_of_L-serine_and_glycine_biosynthesis_I	3	0.3	0.7756842610112982
PWY-7228:_superpathway_of_guanosine_nucleotides_de_novo_biosynthesis_I	THRESYN-PWY:_superpathway_of_L-threonine_biosynthesis	2	0.5	0.7821518012017017
PWY-7228:_superpathway_of_guanosine_nucleotides_de_novo_biosynthesis_I	TRNA-CHARGING-PWY:_tRNA_charging	2	0.25	0.8013544016725787
PWY-7228:_superpathway_of_guanosine_nucleotides_de_novo_biosynthesis_I	UDPNAGSYN-PWY:_UDP-N-acetyl-D-glucosamine_biosynthesis_I	1	0.1111111111111111	0.014415201875714212
PWY-7228:_superpathway_of_guanosine_nucleotides_de_novo_biosynthesis_I	VALSYN-PWY:_L-valine_biosynthesis	2	0.08695652173913043	0.8167597477990649
PWY-7229:_superpathway_of_adenosine_nucleotides_de_novo_biosynthesis_I	PWY-7560:_methylerythritol_phosphate_pathway_II	1	0.3333333333333333	0.22913029393727513
PWY-7229:_superpathway_of_adenosine_nucleotides_de_novo_biosynthesis_I	PWY-7663:_gondoate_biosynthesis_(anaerobic)	2	1.0	0.8194220116733008
PWY-7229:_superpathway_of_adenosine_nucleotides_de_novo_biosynthesis_I	PWY-7790:_UMP_biosynthesis_II	2	0.11764705882352941	0.7341991976588769
PWY-7229:_superpathway_of_adenosine_nucleotides_de_novo_biosynthesis_I	PWY-7791:_UMP_biosynthesis_III	2	0.11764705882352941	0.7692283265460247
PWY-7229:_superpathway_of_adenosine_nucleotides_de_novo_biosynthesis_I	PWY-7851:_coenzyme_A_biosynthesis_II_(eukaryotic)	2	0.18181818181818182	0.6848545660960832
PWY-7229:_superpathway_of_adenosine_nucleotides_de_novo_biosynthesis_I	PWY-7953:_UDP-N-acetylmuramoyl-pentapeptide_biosynthesis_III_(meso-diaminopimelate_containing)	2	0.16666666666666666	0.7871000226301095
PWY-7229:_superpathway_of_adenosine_nucleotides_de_novo_biosynthesis_I	PWY-7977:_L-methionine_biosynthesis_IV	2	0.3333333333333333	0.7777921001303777
PWY-7229:_superpathway_of_adenosine_nucleotides_de_novo_biosynthesis_I	PWY-8178:_pentose_phosphate_pathway_(non-oxidative_branch)_II	1	0.125	0.2489426836972367
PWY-7229:_superpathway_of_adenosine_nucleotides_de_novo_biosynthesis_I	PWY0-1319:_CDP-diacylglycerol_biosynthesis_II	2	0.25	0.7720621259484699
PWY-7229:_superpathway_of_adenosine_nucleotides_de_novo_biosynthesis_I	PWY0-1586:_peptidoglycan_maturation_(meso-diaminopimelate_containing)	2	0.4	0.7959970679037727
PWY-7229:_superpathway_of_adenosine_nucleotides_de_novo_biosynthesis_I	PWY0-162:_superpathway_of_pyrimidine_ribonucleotides_de_novo_biosynthesis	1	0.5	0.23262526259392413
PWY-7229:_superpathway_of_adenosine_nucleotides_de_novo_biosynthesis_I	PWY0-845:_superpathway_of_pyridoxal_5'-phosphate_biosynthesis_and_salvage	1	0.5	0.24254902970093162
PWY-7229:_superpathway_of_adenosine_nucleotides_de_novo_biosynthesis_I	PWY66-429:_fatty_acid_biosynthesis_initiation_(mitochondria)	2	0.2	0.8972147964375728
PWY-7229:_superpathway_of_adenosine_nucleotides_de_novo_biosynthesis_I	PYRIDNUCSYN-PWY:_NAD_de_novo_biosynthesis_I_(from_aspartate)	2	0.3333333333333333	0.8314715007819966
PWY-7229:_superpathway_of_adenosine_nucleotides_de_novo_biosynthesis_I	PYRIDOXSYN-PWY:_pyridoxal_5'-phosphate_biosynthesis_I	1	0.5	0.24446252668952229
PWY-7229:_superpathway_of_adenosine_nucleotides_de_novo_biosynthesis_I	RHAMCAT-PWY:_L-rhamnose_degradation_I	2	0.5	0.8320756950674659
PWY-7229:_superpathway_of_adenosine_nucleotides_de_novo_biosynthesis_I	RIBOSYN2-PWY:_flavin_biosynthesis_I_(bacteria_and_plants)	2	0.25	0.8634476144304375
PWY-7229:_superpathway_of_adenosine_nucleotides_de_novo_biosynthesis_I	SER-GLYSYN-PWY:_superpathway_of_L-serine_and_glycine_biosynthesis_I	2	0.2	0.7143795298108154
PWY-7229:_superpathway_of_adenosine_nucleotides_de_novo_biosynthesis_I	THRESYN-PWY:_superpathway_of_L-threonine_biosynthesis	1	0.25	0.7159119344891602
PWY-7229:_superpathway_of_adenosine_nucleotides_de_novo_biosynthesis_I	TRNA-CHARGING-PWY:_tRNA_charging	2	0.2857142857142857	0.747457308889983
PWY-7229:_superpathway_of_adenosine_nucleotides_de_novo_biosynthesis_I	VALSYN-PWY:_L-valine_biosynthesis	2	0.09090909090909091	0.7657807682034631
PWY-7234:_inosine-5'-phosphate_biosynthesis_III	PWY-7790:_UMP_biosynthesis_II	1	0.058823529411764705	0.1057647691652166
PWY-7234:_inosine-5'-phosphate_biosynthesis_III	PWY-7791:_UMP_biosynthesis_III	1	0.058823529411764705	0.10041534660753715
PWY-7234:_inosine-5'-phosphate_biosynthesis_III	PWY-7851:_coenzyme_A_biosynthesis_II_(eukaryotic)	1	0.09090909090909091	0.1325491505401062
PWY-7234:_inosine-5'-phosphate_biosynthesis_III	PWY-7953:_UDP-N-acetylmuramoyl-pentapeptide_biosynthesis_III_(meso-diaminopimelate_containing)	1	0.08333333333333333	0.11580742161664426
PWY-7234:_inosine-5'-phosphate_biosynthesis_III	PWY-7977:_L-methionine_biosynthesis_IV	1	0.16666666666666666	0.11335011967542985
PWY-7234:_inosine-5'-phosphate_biosynthesis_III	PYRIDNUCSYN-PWY:_NAD_de_novo_biosynthesis_I_(from_aspartate)	1	0.16666666666666666	0.12003990264317133
PWY-7234:_inosine-5'-phosphate_biosynthesis_III	SER-GLYSYN-PWY:_superpathway_of_L-serine_and_glycine_biosynthesis_I	1	0.1	0.13918939031079602
PWY-7234:_inosine-5'-phosphate_biosynthesis_III	TRNA-CHARGING-PWY:_tRNA_charging	1	0.14285714285714285	0.11958763382690507
PWY-7237:_myo-,_chiro-_and_scyllo-inositol_degradation	PWY-7238:_sucrose_biosynthesis_II	5	0.2777777777777778	0.49011867352806027
PWY-7237:_myo-,_chiro-_and_scyllo-inositol_degradation	PWY-7242:_D-fructuronate_degradation	1	0.1	0.6219237220988019
PWY-7237:_myo-,_chiro-_and_scyllo-inositol_degradation	PWY-724:_superpathway_of_L-lysine,_L-threonine_and_L-methionine_biosynthesis_II	1	0.1	0.3705830481176505
PWY-7237:_myo-,_chiro-_and_scyllo-inositol_degradation	PWY-7357:_thiamine_phosphate_formation_from_pyrithiamine_and_oxythiamine_(yeast)	3	0.25	0.6297021988026373
PWY-7237:_myo-,_chiro-_and_scyllo-inositol_degradation	PWY-7560:_methylerythritol_phosphate_pathway_II	1	0.09090909090909091	0.12936240410391076
PWY-7237:_myo-,_chiro-_and_scyllo-inositol_degradation	PWY-7790:_UMP_biosynthesis_II	8	0.42105263157894735	0.2508654243268231
PWY-7237:_myo-,_chiro-_and_scyllo-inositol_degradation	PWY-7791:_UMP_biosynthesis_III	8	0.42105263157894735	0.23944781152838746
PWY-7237:_myo-,_chiro-_and_scyllo-inositol_degradation	PWY-7851:_coenzyme_A_biosynthesis_II_(eukaryotic)	3	0.16666666666666666	0.17168629171191696
PWY-7237:_myo-,_chiro-_and_scyllo-inositol_degradation	PWY-7953:_UDP-N-acetylmuramoyl-pentapeptide_biosynthesis_III_(meso-diaminopimelate_containing)	4	0.2222222222222222	0.06226510516571604
PWY-7237:_myo-,_chiro-_and_scyllo-inositol_degradation	PWY-7977:_L-methionine_biosynthesis_IV	2	0.14285714285714285	0.13532508739875648
PWY-7237:_myo-,_chiro-_and_scyllo-inositol_degradation	PWY-8178:_pentose_phosphate_pathway_(non-oxidative_branch)_II	5	0.4166666666666667	0.22547680629153
PWY-7237:_myo-,_chiro-_and_scyllo-inositol_degradation	PWY-I9:_L-cysteine_biosynthesis_VI_(from_L-methionine)	1	0.1	0.005065973157513337
PWY-7237:_myo-,_chiro-_and_scyllo-inositol_degradation	PWY0-1061:_superpathway_of_L-alanine_biosynthesis	2	0.2	0.07903300079428388
PWY-7237:_myo-,_chiro-_and_scyllo-inositol_degradation	PWY0-1296:_purine_ribonucleosides_degradation	4	0.2857142857142857	0.625010072650905
PWY-7237:_myo-,_chiro-_and_scyllo-inositol_degradation	PWY0-1319:_CDP-diacylglycerol_biosynthesis_II	5	0.38461538461538464	0.2302725442728274
PWY-7237:_myo-,_chiro-_and_scyllo-inositol_degradation	PWY0-1477:_ethanolamine_utilization	1	0.1	0.04590678846012708
PWY-7237:_myo-,_chiro-_and_scyllo-inositol_degradation	PWY0-1586:_peptidoglycan_maturation_(meso-diaminopimelate_containing)	2	0.15384615384615385	0.050557129434844916
PWY-7237:_myo-,_chiro-_and_scyllo-inositol_degradation	PWY66-429:_fatty_acid_biosynthesis_initiation_(mitochondria)	1	0.05263157894736842	0.04282306092677879
PWY-7237:_myo-,_chiro-_and_scyllo-inositol_degradation	PYRIDNUCSYN-PWY:_NAD_de_novo_biosynthesis_I_(from_aspartate)	1	0.06666666666666667	0.01413096402438796
PWY-7237:_myo-,_chiro-_and_scyllo-inositol_degradation	RHAMCAT-PWY:_L-rhamnose_degradation_I	2	0.16666666666666666	0.05096307990800131
PWY-7237:_myo-,_chiro-_and_scyllo-inositol_degradation	RIBOSYN2-PWY:_flavin_biosynthesis_I_(bacteria_and_plants)	4	0.2857142857142857	0.1851619812497125
PWY-7237:_myo-,_chiro-_and_scyllo-inositol_degradation	SALVADEHYPOX-PWY:_adenosine_nucleotides_degradation_II	1	0.1	0.3434142452465325
PWY-7237:_myo-,_chiro-_and_scyllo-inositol_degradation	SER-GLYSYN-PWY:_superpathway_of_L-serine_and_glycine_biosynthesis_I	3	0.17647058823529413	0.05116868481041914
PWY-7237:_myo-,_chiro-_and_scyllo-inositol_degradation	THISYNARA-PWY:_superpathway_of_thiamine_diphosphate_biosynthesis_III_(eukaryotes)	3	0.3	0.3703372606682006
PWY-7237:_myo-,_chiro-_and_scyllo-inositol_degradation	THRESYN-PWY:_superpathway_of_L-threonine_biosynthesis	1	0.08333333333333333	0.0805647793868588
PWY-7237:_myo-,_chiro-_and_scyllo-inositol_degradation	TRNA-CHARGING-PWY:_tRNA_charging	3	0.21428571428571427	0.17878476005797894
PWY-7237:_myo-,_chiro-_and_scyllo-inositol_degradation	VALSYN-PWY:_L-valine_biosynthesis	8	0.3333333333333333	0.23891494711582406
PWY-7238:_sucrose_biosynthesis_II	PWY-7242:_D-fructuronate_degradation	1	0.07692307692307693	0.38410256440036905
PWY-7238:_sucrose_biosynthesis_II	PWY-724:_superpathway_of_L-lysine,_L-threonine_and_L-methionine_biosynthesis_II	1	0.07692307692307693	0.21395184339781148
PWY-7238:_sucrose_biosynthesis_II	PWY-7357:_thiamine_phosphate_formation_from_pyrithiamine_and_oxythiamine_(yeast)	4	0.2857142857142857	0.4833074370481837
PWY-7238:_sucrose_biosynthesis_II	PWY-7456:_&beta;-(1,4)-mannan_degradation	1	0.07692307692307693	0.051140275916429334
PWY-7238:_sucrose_biosynthesis_II	PWY-7560:_methylerythritol_phosphate_pathway_II	1	0.07142857142857142	0.08687776366149425
PWY-7238:_sucrose_biosynthesis_II	PWY-7790:_UMP_biosynthesis_II	10	0.5	0.27932215010924977
PWY-7238:_sucrose_biosynthesis_II	PWY-7791:_UMP_biosynthesis_III	10	0.5	0.2680778269971996
PWY-7238:_sucrose_biosynthesis_II	PWY-7851:_coenzyme_A_biosynthesis_II_(eukaryotic)	7	0.4117647058823529	0.20919651756168633
PWY-7238:_sucrose_biosynthesis_II	PWY-7953:_UDP-N-acetylmuramoyl-pentapeptide_biosynthesis_III_(meso-diaminopimelate_containing)	5	0.25	0.07022109793793208
PWY-7238:_sucrose_biosynthesis_II	PWY-7977:_L-methionine_biosynthesis_IV	2	0.11764705882352941	0.11693894741099053
PWY-7238:_sucrose_biosynthesis_II	PWY-8178:_pentose_phosphate_pathway_(non-oxidative_branch)_II	5	0.3333333333333333	0.18890133038501056
PWY-7238:_sucrose_biosynthesis_II	PWY0-1061:_superpathway_of_L-alanine_biosynthesis	2	0.15384615384615385	0.042420666588029565
PWY-7238:_sucrose_biosynthesis_II	PWY0-1296:_purine_ribonucleosides_degradation	8	0.6153846153846154	0.7105812742657139
PWY-7238:_sucrose_biosynthesis_II	PWY0-1319:_CDP-diacylglycerol_biosynthesis_II	5	0.3125	0.21131598870542878
PWY-7238:_sucrose_biosynthesis_II	PWY0-1586:_peptidoglycan_maturation_(meso-diaminopimelate_containing)	3	0.2	0.06237971192970715
PWY-7238:_sucrose_biosynthesis_II	PWY66-429:_fatty_acid_biosynthesis_initiation_(mitochondria)	5	0.2777777777777778	0.08286258986699757
PWY-7238:_sucrose_biosynthesis_II	PYRIDNUCSYN-PWY:_NAD_de_novo_biosynthesis_I_(from_aspartate)	2	0.11764705882352941	0.026937945145445674
PWY-7238:_sucrose_biosynthesis_II	RHAMCAT-PWY:_L-rhamnose_degradation_I	2	0.13333333333333333	0.044420896105282215
PWY-7238:_sucrose_biosynthesis_II	RIBOSYN2-PWY:_flavin_biosynthesis_I_(bacteria_and_plants)	4	0.23529411764705882	0.16206060397184952
PWY-7238:_sucrose_biosynthesis_II	SALVADEHYPOX-PWY:_adenosine_nucleotides_degradation_II	1	0.07692307692307693	0.19687875876115002
PWY-7238:_sucrose_biosynthesis_II	SER-GLYSYN-PWY:_superpathway_of_L-serine_and_glycine_biosynthesis_I	5	0.2777777777777778	0.06528799328043233
PWY-7238:_sucrose_biosynthesis_II	THISYNARA-PWY:_superpathway_of_thiamine_diphosphate_biosynthesis_III_(eukaryotes)	3	0.23076923076923078	0.21379631008132272
PWY-7238:_sucrose_biosynthesis_II	THRESYN-PWY:_superpathway_of_L-threonine_biosynthesis	1	0.06666666666666667	0.06672308495588108
PWY-7238:_sucrose_biosynthesis_II	TRNA-CHARGING-PWY:_tRNA_charging	3	0.17647058823529413	0.1621374845641096
PWY-7238:_sucrose_biosynthesis_II	UDPNAGSYN-PWY:_UDP-N-acetyl-D-glucosamine_biosynthesis_I	3	0.17647058823529413	0.11594489210335912
PWY-7238:_sucrose_biosynthesis_II	VALSYN-PWY:_L-valine_biosynthesis	12	0.5217391304347826	0.31213128041509175
PWY-7242:_D-fructuronate_degradation	PWY-724:_superpathway_of_L-lysine,_L-threonine_and_L-methionine_biosynthesis_II	1	1.0	0.6701706120958162
PWY-7242:_D-fructuronate_degradation	PWY-7357:_thiamine_phosphate_formation_from_pyrithiamine_and_oxythiamine_(yeast)	1	0.2	0.8316903891564112
PWY-7242:_D-fructuronate_degradation	PWY-7790:_UMP_biosynthesis_II	1	0.058823529411764705	0.14996005146302638
PWY-7242:_D-fructuronate_degradation	PWY-7791:_UMP_biosynthesis_III	1	0.058823529411764705	0.14254350952461303
PWY-7242:_D-fructuronate_degradation	PWY-7851:_coenzyme_A_biosynthesis_II_(eukaryotic)	1	0.09090909090909091	0.13977182418712686
PWY-7242:_D-fructuronate_degradation	PWY-7977:_L-methionine_biosynthesis_IV	1	0.16666666666666666	0.10818029926616379
PWY-7242:_D-fructuronate_degradation	PWY0-1296:_purine_ribonucleosides_degradation	1	0.125	0.6027020332451629
PWY-7242:_D-fructuronate_degradation	PWY0-1319:_CDP-diacylglycerol_biosynthesis_II	1	0.125	0.17937581001960767
PWY-7242:_D-fructuronate_degradation	PWY0-1586:_peptidoglycan_maturation_(meso-diaminopimelate_containing)	1	0.2	0.038317569928259854
PWY-7242:_D-fructuronate_degradation	RIBOSYN2-PWY:_flavin_biosynthesis_I_(bacteria_and_plants)	1	0.125	0.15954290602642396
PWY-7242:_D-fructuronate_degradation	SALVADEHYPOX-PWY:_adenosine_nucleotides_degradation_II	1	1.0	0.6295236631678549
PWY-7242:_D-fructuronate_degradation	THISYNARA-PWY:_superpathway_of_thiamine_diphosphate_biosynthesis_III_(eukaryotes)	1	0.3333333333333333	0.5662823470234144
PWY-7242:_D-fructuronate_degradation	THRESYN-PWY:_superpathway_of_L-threonine_biosynthesis	1	0.3333333333333333	0.09225057752431631
PWY-7242:_D-fructuronate_degradation	TRNA-CHARGING-PWY:_tRNA_charging	1	0.14285714285714285	0.16904352959805868
PWY-7242:_D-fructuronate_degradation	VALSYN-PWY:_L-valine_biosynthesis	1	0.045454545454545456	0.14699777994848462
PWY-724:_superpathway_of_L-lysine,_L-threonine_and_L-methionine_biosynthesis_II	PWY-7357:_thiamine_phosphate_formation_from_pyrithiamine_and_oxythiamine_(yeast)	1	0.2	0.5280600205023405
PWY-724:_superpathway_of_L-lysine,_L-threonine_and_L-methionine_biosynthesis_II	PWY-7790:_UMP_biosynthesis_II	1	0.058823529411764705	0.07849212667014427
PWY-724:_superpathway_of_L-lysine,_L-threonine_and_L-methionine_biosynthesis_II	PWY-7791:_UMP_biosynthesis_III	1	0.058823529411764705	0.07446788467285503
PWY-724:_superpathway_of_L-lysine,_L-threonine_and_L-methionine_biosynthesis_II	PWY-7851:_coenzyme_A_biosynthesis_II_(eukaryotic)	1	0.09090909090909091	0.09872983550258552
PWY-724:_superpathway_of_L-lysine,_L-threonine_and_L-methionine_biosynthesis_II	PWY-7977:_L-methionine_biosynthesis_IV	1	0.16666666666666666	0.09202973853230156
PWY-724:_superpathway_of_L-lysine,_L-threonine_and_L-methionine_biosynthesis_II	PWY0-1296:_purine_ribonucleosides_degradation	1	0.125	0.35711645550543525
PWY-724:_superpathway_of_L-lysine,_L-threonine_and_L-methionine_biosynthesis_II	PWY0-1319:_CDP-diacylglycerol_biosynthesis_II	1	0.125	0.09507492755323876
PWY-724:_superpathway_of_L-lysine,_L-threonine_and_L-methionine_biosynthesis_II	PWY0-1586:_peptidoglycan_maturation_(meso-diaminopimelate_containing)	1	0.2	0.04031939711741339
PWY-724:_superpathway_of_L-lysine,_L-threonine_and_L-methionine_biosynthesis_II	RIBOSYN2-PWY:_flavin_biosynthesis_I_(bacteria_and_plants)	1	0.125	0.08371464407155427
PWY-724:_superpathway_of_L-lysine,_L-threonine_and_L-methionine_biosynthesis_II	SALVADEHYPOX-PWY:_adenosine_nucleotides_degradation_II	1	1.0	0.9536948389965733
PWY-724:_superpathway_of_L-lysine,_L-threonine_and_L-methionine_biosynthesis_II	THISYNARA-PWY:_superpathway_of_thiamine_diphosphate_biosynthesis_III_(eukaryotes)	1	0.3333333333333333	0.8450958347940611
PWY-724:_superpathway_of_L-lysine,_L-threonine_and_L-methionine_biosynthesis_II	THRESYN-PWY:_superpathway_of_L-threonine_biosynthesis	1	0.3333333333333333	0.098053224566085
PWY-724:_superpathway_of_L-lysine,_L-threonine_and_L-methionine_biosynthesis_II	TRNA-CHARGING-PWY:_tRNA_charging	1	0.14285714285714285	0.0889179261123938
PWY-724:_superpathway_of_L-lysine,_L-threonine_and_L-methionine_biosynthesis_II	VALSYN-PWY:_L-valine_biosynthesis	1	0.045454545454545456	0.07688294470181622
PWY-7357:_thiamine_phosphate_formation_from_pyrithiamine_and_oxythiamine_(yeast)	PWY-7790:_UMP_biosynthesis_II	4	0.2222222222222222	0.19736880975032034
PWY-7357:_thiamine_phosphate_formation_from_pyrithiamine_and_oxythiamine_(yeast)	PWY-7791:_UMP_biosynthesis_III	4	0.2222222222222222	0.1878812664692564
PWY-7357:_thiamine_phosphate_formation_from_pyrithiamine_and_oxythiamine_(yeast)	PWY-7851:_coenzyme_A_biosynthesis_II_(eukaryotic)	3	0.23076923076923078	0.15672480793273602
PWY-7357:_thiamine_phosphate_formation_from_pyrithiamine_and_oxythiamine_(yeast)	PWY-7953:_UDP-N-acetylmuramoyl-pentapeptide_biosynthesis_III_(meso-diaminopimelate_containing)	3	0.21428571428571427	0.027141522279632735
PWY-7357:_thiamine_phosphate_formation_from_pyrithiamine_and_oxythiamine_(yeast)	PWY-7977:_L-methionine_biosynthesis_IV	1	0.1	0.10448621435439853
PWY-7357:_thiamine_phosphate_formation_from_pyrithiamine_and_oxythiamine_(yeast)	PWY-8178:_pentose_phosphate_pathway_(non-oxidative_branch)_II	3	0.3333333333333333	0.1036055232875076
PWY-7357:_thiamine_phosphate_formation_from_pyrithiamine_and_oxythiamine_(yeast)	PWY0-1061:_superpathway_of_L-alanine_biosynthesis	2	0.4	0.12188509367775191
PWY-7357:_thiamine_phosphate_formation_from_pyrithiamine_and_oxythiamine_(yeast)	PWY0-1296:_purine_ribonucleosides_degradation	4	0.4444444444444444	0.7178517794644068
PWY-7357:_thiamine_phosphate_formation_from_pyrithiamine_and_oxythiamine_(yeast)	PWY0-1319:_CDP-diacylglycerol_biosynthesis_II	2	0.18181818181818182	0.18664921470556584
PWY-7357:_thiamine_phosphate_formation_from_pyrithiamine_and_oxythiamine_(yeast)	PWY0-1586:_peptidoglycan_maturation_(meso-diaminopimelate_containing)	2	0.25	0.05185674916385885
PWY-7357:_thiamine_phosphate_formation_from_pyrithiamine_and_oxythiamine_(yeast)	PYRIDNUCSYN-PWY:_NAD_de_novo_biosynthesis_I_(from_aspartate)	1	0.1	0.012815885595670595
PWY-7357:_thiamine_phosphate_formation_from_pyrithiamine_and_oxythiamine_(yeast)	RIBOSYN2-PWY:_flavin_biosynthesis_I_(bacteria_and_plants)	3	0.3	0.17213049525381563
PWY-7357:_thiamine_phosphate_formation_from_pyrithiamine_and_oxythiamine_(yeast)	SALVADEHYPOX-PWY:_adenosine_nucleotides_degradation_II	1	0.2	0.49283800087188956
PWY-7357:_thiamine_phosphate_formation_from_pyrithiamine_and_oxythiamine_(yeast)	SER-GLYSYN-PWY:_superpathway_of_L-serine_and_glycine_biosynthesis_I	3	0.25	0.030738036273395553
PWY-7357:_thiamine_phosphate_formation_from_pyrithiamine_and_oxythiamine_(yeast)	THISYNARA-PWY:_superpathway_of_thiamine_diphosphate_biosynthesis_III_(eukaryotes)	3	0.6	0.5277436156374764
PWY-7357:_thiamine_phosphate_formation_from_pyrithiamine_and_oxythiamine_(yeast)	THRESYN-PWY:_superpathway_of_L-threonine_biosynthesis	2	0.3333333333333333	0.09749600397183933
PWY-7357:_thiamine_phosphate_formation_from_pyrithiamine_and_oxythiamine_(yeast)	TRNA-CHARGING-PWY:_tRNA_charging	3	0.3333333333333333	0.19495861034040285
PWY-7357:_thiamine_phosphate_formation_from_pyrithiamine_and_oxythiamine_(yeast)	UDPNAGSYN-PWY:_UDP-N-acetyl-D-glucosamine_biosynthesis_I	1	0.09090909090909091	0.05144428202641149
PWY-7357:_thiamine_phosphate_formation_from_pyrithiamine_and_oxythiamine_(yeast)	VALSYN-PWY:_L-valine_biosynthesis	4	0.17391304347826086	0.19358266826050063
PWY-7456:_&beta;-(1,4)-mannan_degradation	PYRIDNUCSYN-PWY:_NAD_de_novo_biosynthesis_I_(from_aspartate)	1	0.16666666666666666	0.0185669781845077
PWY-7456:_&beta;-(1,4)-mannan_degradation	UDPNAGSYN-PWY:_UDP-N-acetyl-D-glucosamine_biosynthesis_I	1	0.14285714285714285	0.3859597465064447
PWY-7456:_&beta;-(1,4)-mannan_degradation	VALSYN-PWY:_L-valine_biosynthesis	1	0.045454545454545456	0.018303367747648847
PWY-7560:_methylerythritol_phosphate_pathway_II	PWY-7663:_gondoate_biosynthesis_(anaerobic)	1	0.3333333333333333	0.2614208352800754
PWY-7560:_methylerythritol_phosphate_pathway_II	PWY-7790:_UMP_biosynthesis_II	2	0.11764705882352941	0.26152039263301063
PWY-7560:_methylerythritol_phosphate_pathway_II	PWY-7791:_UMP_biosynthesis_III	2	0.11764705882352941	0.24933001746865002
PWY-7560:_methylerythritol_phosphate_pathway_II	PWY-7851:_coenzyme_A_biosynthesis_II_(eukaryotic)	2	0.18181818181818182	0.2619106657570417
PWY-7560:_methylerythritol_phosphate_pathway_II	PWY-7953:_UDP-N-acetylmuramoyl-pentapeptide_biosynthesis_III_(meso-diaminopimelate_containing)	2	0.16666666666666666	0.2726899202754547
PWY-7560:_methylerythritol_phosphate_pathway_II	PWY-7977:_L-methionine_biosynthesis_IV	2	0.3333333333333333	0.2974886824042866
PWY-7560:_methylerythritol_phosphate_pathway_II	PWY-8178:_pentose_phosphate_pathway_(non-oxidative_branch)_II	2	0.2857142857142857	0.8372286484817592
PWY-7560:_methylerythritol_phosphate_pathway_II	PWY0-1296:_purine_ribonucleosides_degradation	1	0.1111111111111111	0.1190181806284254
PWY-7560:_methylerythritol_phosphate_pathway_II	PWY0-1319:_CDP-diacylglycerol_biosynthesis_II	2	0.25	0.25051474831852893
PWY-7560:_methylerythritol_phosphate_pathway_II	PWY0-1586:_peptidoglycan_maturation_(meso-diaminopimelate_containing)	1	0.16666666666666666	0.2936295487728978
PWY-7560:_methylerythritol_phosphate_pathway_II	PWY0-162:_superpathway_of_pyrimidine_ribonucleotides_de_novo_biosynthesis	1	0.5	0.9213818010336561
PWY-7560:_methylerythritol_phosphate_pathway_II	PWY0-845:_superpathway_of_pyridoxal_5'-phosphate_biosynthesis_and_salvage	1	0.5	0.9053052576993956
PWY-7560:_methylerythritol_phosphate_pathway_II	PWY66-429:_fatty_acid_biosynthesis_initiation_(mitochondria)	2	0.2	0.27822891694864316
PWY-7560:_methylerythritol_phosphate_pathway_II	PYRIDNUCSYN-PWY:_NAD_de_novo_biosynthesis_I_(from_aspartate)	1	0.14285714285714285	0.23775457401423628
PWY-7560:_methylerythritol_phosphate_pathway_II	PYRIDOXSYN-PWY:_pyridoxal_5'-phosphate_biosynthesis_I	1	0.5	0.9014770595744984
PWY-7560:_methylerythritol_phosphate_pathway_II	RHAMCAT-PWY:_L-rhamnose_degradation_I	2	0.5	0.30195026217265397
PWY-7560:_methylerythritol_phosphate_pathway_II	RIBOSYN2-PWY:_flavin_biosynthesis_I_(bacteria_and_plants)	2	0.25	0.2620126357435333
PWY-7560:_methylerythritol_phosphate_pathway_II	SER-GLYSYN-PWY:_superpathway_of_L-serine_and_glycine_biosynthesis_I	2	0.2	0.2838955317597832
PWY-7560:_methylerythritol_phosphate_pathway_II	TRNA-CHARGING-PWY:_tRNA_charging	1	0.125	0.25103946010934985
PWY-7560:_methylerythritol_phosphate_pathway_II	VALSYN-PWY:_L-valine_biosynthesis	2	0.09090909090909091	0.2566601162377762
PWY-7663:_gondoate_biosynthesis_(anaerobic)	PWY-7790:_UMP_biosynthesis_II	2	0.11764705882352941	0.7876708833462788
PWY-7663:_gondoate_biosynthesis_(anaerobic)	PWY-7791:_UMP_biosynthesis_III	2	0.11764705882352941	0.7704210976854443
PWY-7663:_gondoate_biosynthesis_(anaerobic)	PWY-7851:_coenzyme_A_biosynthesis_II_(eukaryotic)	2	0.18181818181818182	0.7435530643860355
PWY-7663:_gondoate_biosynthesis_(anaerobic)	PWY-7953:_UDP-N-acetylmuramoyl-pentapeptide_biosynthesis_III_(meso-diaminopimelate_containing)	2	0.16666666666666666	0.848493202865466
PWY-7663:_gondoate_biosynthesis_(anaerobic)	PWY-7977:_L-methionine_biosynthesis_IV	2	0.3333333333333333	0.8420713459240473
PWY-7663:_gondoate_biosynthesis_(anaerobic)	PWY-8178:_pentose_phosphate_pathway_(non-oxidative_branch)_II	1	0.125	0.282063571413425
PWY-7663:_gondoate_biosynthesis_(anaerobic)	PWY0-1319:_CDP-diacylglycerol_biosynthesis_II	2	0.25	0.8286977989700218
PWY-7663:_gondoate_biosynthesis_(anaerobic)	PWY0-1586:_peptidoglycan_maturation_(meso-diaminopimelate_containing)	2	0.4	0.8882059648367244
PWY-7663:_gondoate_biosynthesis_(anaerobic)	PWY0-162:_superpathway_of_pyrimidine_ribonucleotides_de_novo_biosynthesis	1	0.5	0.26615283703042336
PWY-7663:_gondoate_biosynthesis_(anaerobic)	PWY0-845:_superpathway_of_pyridoxal_5'-phosphate_biosynthesis_and_salvage	1	0.5	0.2772824903639628
PWY-7663:_gondoate_biosynthesis_(anaerobic)	PWY66-429:_fatty_acid_biosynthesis_initiation_(mitochondria)	2	0.2	0.830174379811884
PWY-7663:_gondoate_biosynthesis_(anaerobic)	PYRIDNUCSYN-PWY:_NAD_de_novo_biosynthesis_I_(from_aspartate)	2	0.3333333333333333	0.8254006592941446
PWY-7663:_gondoate_biosynthesis_(anaerobic)	PYRIDOXSYN-PWY:_pyridoxal_5'-phosphate_biosynthesis_I	1	0.5	0.27942643629690245
PWY-7663:_gondoate_biosynthesis_(anaerobic)	RHAMCAT-PWY:_L-rhamnose_degradation_I	2	0.5	0.9547317702622
PWY-7663:_gondoate_biosynthesis_(anaerobic)	RIBOSYN2-PWY:_flavin_biosynthesis_I_(bacteria_and_plants)	2	0.25	0.8095109304671638
PWY-7663:_gondoate_biosynthesis_(anaerobic)	SER-GLYSYN-PWY:_superpathway_of_L-serine_and_glycine_biosynthesis_I	2	0.2	0.7771626178505135
PWY-7663:_gondoate_biosynthesis_(anaerobic)	THRESYN-PWY:_superpathway_of_L-threonine_biosynthesis	1	0.25	0.7853194705718342
PWY-7663:_gondoate_biosynthesis_(anaerobic)	TRNA-CHARGING-PWY:_tRNA_charging	2	0.2857142857142857	0.8081106169035653
PWY-7663:_gondoate_biosynthesis_(anaerobic)	VALSYN-PWY:_L-valine_biosynthesis	2	0.09090909090909091	0.7916202085276525
PWY-7790:_UMP_biosynthesis_II	PWY-7791:_UMP_biosynthesis_III	17	1.0	0.9726455793851738
PWY-7790:_UMP_biosynthesis_II	PWY-7851:_coenzyme_A_biosynthesis_II_(eukaryotic)	10	0.5555555555555556	0.8685338775153599
PWY-7790:_UMP_biosynthesis_II	PWY-7953:_UDP-N-acetylmuramoyl-pentapeptide_biosynthesis_III_(meso-diaminopimelate_containing)	10	0.5263157894736842	0.8832919742399217
PWY-7790:_UMP_biosynthesis_II	PWY-7977:_L-methionine_biosynthesis_IV	5	0.2777777777777778	0.8833232429721807
PWY-7790:_UMP_biosynthesis_II	PWY-8178:_pentose_phosphate_pathway_(non-oxidative_branch)_II	7	0.4117647058823529	0.32101985662036026
PWY-7790:_UMP_biosynthesis_II	PWY-I9:_L-cysteine_biosynthesis_VI_(from_L-methionine)	1	0.058823529411764705	0.000911794382104647
PWY-7790:_UMP_biosynthesis_II	PWY0-1061:_superpathway_of_L-alanine_biosynthesis	2	0.11764705882352941	0.014670729925077342
PWY-7790:_UMP_biosynthesis_II	PWY0-1241:_ADP-L-glycero-&beta;-D-manno-heptose_biosynthesis	1	0.05555555555555555	0.0052699249189271935
PWY-7790:_UMP_biosynthesis_II	PWY0-1296:_purine_ribonucleosides_degradation	6	0.3157894736842105	0.2470424185340523
PWY-7790:_UMP_biosynthesis_II	PWY0-1319:_CDP-diacylglycerol_biosynthesis_II	7	0.3888888888888889	0.8913775650175093
PWY-7790:_UMP_biosynthesis_II	PWY0-1586:_peptidoglycan_maturation_(meso-diaminopimelate_containing)	5	0.29411764705882354	0.7998818491564008
PWY-7790:_UMP_biosynthesis_II	PWY0-162:_superpathway_of_pyrimidine_ribonucleotides_de_novo_biosynthesis	1	0.058823529411764705	0.22773812473986843
PWY-7790:_UMP_biosynthesis_II	PWY0-845:_superpathway_of_pyridoxal_5'-phosphate_biosynthesis_and_salvage	1	0.058823529411764705	0.23748142111434012
PWY-7790:_UMP_biosynthesis_II	PWY66-429:_fatty_acid_biosynthesis_initiation_(mitochondria)	7	0.35	0.8003567743200799
PWY-7790:_UMP_biosynthesis_II	PYRIDNUCSYN-PWY:_NAD_de_novo_biosynthesis_I_(from_aspartate)	4	0.21052631578947367	0.8254220871760513
PWY-7790:_UMP_biosynthesis_II	PYRIDOXSYN-PWY:_pyridoxal_5'-phosphate_biosynthesis_I	1	0.058823529411764705	0.23936038419123695
PWY-7790:_UMP_biosynthesis_II	RHAMCAT-PWY:_L-rhamnose_degradation_I	4	0.23529411764705882	0.8155875996370072
PWY-7790:_UMP_biosynthesis_II	RIBOSYN2-PWY:_flavin_biosynthesis_I_(bacteria_and_plants)	7	0.3888888888888889	0.853019754936489
PWY-7790:_UMP_biosynthesis_II	SALVADEHYPOX-PWY:_adenosine_nucleotides_degradation_II	1	0.058823529411764705	0.07179404332430639
PWY-7790:_UMP_biosynthesis_II	SER-GLYSYN-PWY:_superpathway_of_L-serine_and_glycine_biosynthesis_I	8	0.42105263157894735	0.8108589935228105
PWY-7790:_UMP_biosynthesis_II	THISYNARA-PWY:_superpathway_of_thiamine_diphosphate_biosynthesis_III_(eukaryotes)	3	0.17647058823529413	0.07843074219371737
PWY-7790:_UMP_biosynthesis_II	THRESYN-PWY:_superpathway_of_L-threonine_biosynthesis	2	0.1111111111111111	0.7445070657732158
PWY-7790:_UMP_biosynthesis_II	TRNA-CHARGING-PWY:_tRNA_charging	6	0.3333333333333333	0.9025654542231042
PWY-7790:_UMP_biosynthesis_II	UDPNAGSYN-PWY:_UDP-N-acetyl-D-glucosamine_biosynthesis_I	3	0.14285714285714285	0.03029509933482266
PWY-7790:_UMP_biosynthesis_II	VALSYN-PWY:_L-valine_biosynthesis	15	0.625	0.9179301868576174
PWY-7791:_UMP_biosynthesis_III	PWY-7851:_coenzyme_A_biosynthesis_II_(eukaryotic)	10	0.5555555555555556	0.8420251165025819
PWY-7791:_UMP_biosynthesis_III	PWY-7953:_UDP-N-acetylmuramoyl-pentapeptide_biosynthesis_III_(meso-diaminopimelate_containing)	10	0.5263157894736842	0.8590037280302514
PWY-7791:_UMP_biosynthesis_III	PWY-7977:_L-methionine_biosynthesis_IV	5	0.2777777777777778	0.863335003921256
PWY-7791:_UMP_biosynthesis_III	PWY-8178:_pentose_phosphate_pathway_(non-oxidative_branch)_II	7	0.4117647058823529	0.3159515722487606
PWY-7791:_UMP_biosynthesis_III	PWY-I9:_L-cysteine_biosynthesis_VI_(from_L-methionine)	1	0.058823529411764705	0.0008632603202612943
PWY-7791:_UMP_biosynthesis_III	PWY0-1061:_superpathway_of_L-alanine_biosynthesis	2	0.11764705882352941	0.013894909564029279
PWY-7791:_UMP_biosynthesis_III	PWY0-1241:_ADP-L-glycero-&beta;-D-manno-heptose_biosynthesis	1	0.05555555555555555	0.004990735404899915
PWY-7791:_UMP_biosynthesis_III	PWY0-1296:_purine_ribonucleosides_degradation	6	0.3157894736842105	0.2358739298854583
PWY-7791:_UMP_biosynthesis_III	PWY0-1319:_CDP-diacylglycerol_biosynthesis_II	7	0.3888888888888889	0.8698279968851008
PWY-7791:_UMP_biosynthesis_III	PWY0-1586:_peptidoglycan_maturation_(meso-diaminopimelate_containing)	5	0.29411764705882354	0.7812004793923502
PWY-7791:_UMP_biosynthesis_III	PWY0-162:_superpathway_of_pyrimidine_ribonucleotides_de_novo_biosynthesis	1	0.058823529411764705	0.21692596777306183
PWY-7791:_UMP_biosynthesis_III	PWY0-845:_superpathway_of_pyridoxal_5'-phosphate_biosynthesis_and_salvage	1	0.058823529411764705	0.22626574604551142
PWY-7791:_UMP_biosynthesis_III	PWY66-429:_fatty_acid_biosynthesis_initiation_(mitochondria)	7	0.35	0.83431320743674
PWY-7791:_UMP_biosynthesis_III	PYRIDNUCSYN-PWY:_NAD_de_novo_biosynthesis_I_(from_aspartate)	4	0.21052631578947367	0.8536103413518991
PWY-7791:_UMP_biosynthesis_III	PYRIDOXSYN-PWY:_pyridoxal_5'-phosphate_biosynthesis_I	1	0.058823529411764705	0.2280674529153811
PWY-7791:_UMP_biosynthesis_III	RHAMCAT-PWY:_L-rhamnose_degradation_I	4	0.23529411764705882	0.8105386296379989
PWY-7791:_UMP_biosynthesis_III	RIBOSYN2-PWY:_flavin_biosynthesis_I_(bacteria_and_plants)	7	0.3888888888888889	0.879570267193214
PWY-7791:_UMP_biosynthesis_III	SALVADEHYPOX-PWY:_adenosine_nucleotides_degradation_II	1	0.058823529411764705	0.06810103702278025
PWY-7791:_UMP_biosynthesis_III	SER-GLYSYN-PWY:_superpathway_of_L-serine_and_glycine_biosynthesis_I	8	0.42105263157894735	0.7855587685824569
PWY-7791:_UMP_biosynthesis_III	THISYNARA-PWY:_superpathway_of_thiamine_diphosphate_biosynthesis_III_(eukaryotes)	3	0.17647058823529413	0.0744095254682372
PWY-7791:_UMP_biosynthesis_III	THRESYN-PWY:_superpathway_of_L-threonine_biosynthesis	2	0.1111111111111111	0.7191983637795736
PWY-7791:_UMP_biosynthesis_III	TRNA-CHARGING-PWY:_tRNA_charging	6	0.3333333333333333	0.8777852707328353
PWY-7791:_UMP_biosynthesis_III	UDPNAGSYN-PWY:_UDP-N-acetyl-D-glucosamine_biosynthesis_I	3	0.14285714285714285	0.028739928201628073
PWY-7791:_UMP_biosynthesis_III	VALSYN-PWY:_L-valine_biosynthesis	15	0.625	0.9249604718574556
PWY-7851:_coenzyme_A_biosynthesis_II_(eukaryotic)	PWY-7953:_UDP-N-acetylmuramoyl-pentapeptide_biosynthesis_III_(meso-diaminopimelate_containing)	8	0.5333333333333333	0.8604028944047759
PWY-7851:_coenzyme_A_biosynthesis_II_(eukaryotic)	PWY-7977:_L-methionine_biosynthesis_IV	5	0.4166666666666667	0.8863091702251823
PWY-7851:_coenzyme_A_biosynthesis_II_(eukaryotic)	PWY-8178:_pentose_phosphate_pathway_(non-oxidative_branch)_II	4	0.2857142857142857	0.26791300517626404
PWY-7851:_coenzyme_A_biosynthesis_II_(eukaryotic)	PWY0-1061:_superpathway_of_L-alanine_biosynthesis	1	0.08333333333333333	0.006319538791274115
PWY-7851:_coenzyme_A_biosynthesis_II_(eukaryotic)	PWY0-1241:_ADP-L-glycero-&beta;-D-manno-heptose_biosynthesis	1	0.08333333333333333	0.0026511986526295273
PWY-7851:_coenzyme_A_biosynthesis_II_(eukaryotic)	PWY0-1296:_purine_ribonucleosides_degradation	5	0.35714285714285715	0.19870783113580792
PWY-7851:_coenzyme_A_biosynthesis_II_(eukaryotic)	PWY0-1319:_CDP-diacylglycerol_biosynthesis_II	5	0.35714285714285715	0.8596979925617156
PWY-7851:_coenzyme_A_biosynthesis_II_(eukaryotic)	PWY0-1586:_peptidoglycan_maturation_(meso-diaminopimelate_containing)	4	0.3333333333333333	0.8247807405129614
PWY-7851:_coenzyme_A_biosynthesis_II_(eukaryotic)	PWY0-162:_superpathway_of_pyrimidine_ribonucleotides_de_novo_biosynthesis	1	0.09090909090909091	0.22693347181844403
PWY-7851:_coenzyme_A_biosynthesis_II_(eukaryotic)	PWY0-845:_superpathway_of_pyridoxal_5'-phosphate_biosynthesis_and_salvage	1	0.09090909090909091	0.22539697615141785
PWY-7851:_coenzyme_A_biosynthesis_II_(eukaryotic)	PWY66-429:_fatty_acid_biosynthesis_initiation_(mitochondria)	5	0.3125	0.7457801993950346
PWY-7851:_coenzyme_A_biosynthesis_II_(eukaryotic)	PYRIDNUCSYN-PWY:_NAD_de_novo_biosynthesis_I_(from_aspartate)	3	0.21428571428571427	0.8035570231496911
PWY-7851:_coenzyme_A_biosynthesis_II_(eukaryotic)	PYRIDOXSYN-PWY:_pyridoxal_5'-phosphate_biosynthesis_I	1	0.09090909090909091	0.22510112027690066
PWY-7851:_coenzyme_A_biosynthesis_II_(eukaryotic)	RHAMCAT-PWY:_L-rhamnose_degradation_I	3	0.25	0.7636175634355247
PWY-7851:_coenzyme_A_biosynthesis_II_(eukaryotic)	RIBOSYN2-PWY:_flavin_biosynthesis_I_(bacteria_and_plants)	6	0.46153846153846156	0.792442100841156
PWY-7851:_coenzyme_A_biosynthesis_II_(eukaryotic)	SALVADEHYPOX-PWY:_adenosine_nucleotides_degradation_II	1	0.09090909090909091	0.09038601348856568
PWY-7851:_coenzyme_A_biosynthesis_II_(eukaryotic)	SER-GLYSYN-PWY:_superpathway_of_L-serine_and_glycine_biosynthesis_I	6	0.4	0.9035943455381945
PWY-7851:_coenzyme_A_biosynthesis_II_(eukaryotic)	THISYNARA-PWY:_superpathway_of_thiamine_diphosphate_biosynthesis_III_(eukaryotes)	2	0.16666666666666666	0.08697491964876236
PWY-7851:_coenzyme_A_biosynthesis_II_(eukaryotic)	THRESYN-PWY:_superpathway_of_L-threonine_biosynthesis	2	0.16666666666666666	0.7670272794935304
PWY-7851:_coenzyme_A_biosynthesis_II_(eukaryotic)	TRNA-CHARGING-PWY:_tRNA_charging	5	0.38461538461538464	0.8788380173456625
PWY-7851:_coenzyme_A_biosynthesis_II_(eukaryotic)	UDPNAGSYN-PWY:_UDP-N-acetyl-D-glucosamine_biosynthesis_I	2	0.125	0.016462024962601185
PWY-7851:_coenzyme_A_biosynthesis_II_(eukaryotic)	VALSYN-PWY:_L-valine_biosynthesis	10	0.43478260869565216	0.7995164191079033
PWY-7953:_UDP-N-acetylmuramoyl-pentapeptide_biosynthesis_III_(meso-diaminopimelate_containing)	PWY-7977:_L-methionine_biosynthesis_IV	4	0.2857142857142857	0.8888560605217073
PWY-7953:_UDP-N-acetylmuramoyl-pentapeptide_biosynthesis_III_(meso-diaminopimelate_containing)	PWY-8178:_pentose_phosphate_pathway_(non-oxidative_branch)_II	4	0.26666666666666666	0.2740457136181784
PWY-7953:_UDP-N-acetylmuramoyl-pentapeptide_biosynthesis_III_(meso-diaminopimelate_containing)	PWY0-1061:_superpathway_of_L-alanine_biosynthesis	2	0.16666666666666666	0.017510897517253432
PWY-7953:_UDP-N-acetylmuramoyl-pentapeptide_biosynthesis_III_(meso-diaminopimelate_containing)	PWY0-1241:_ADP-L-glycero-&beta;-D-manno-heptose_biosynthesis	2	0.16666666666666666	0.013358560172661682
PWY-7953:_UDP-N-acetylmuramoyl-pentapeptide_biosynthesis_III_(meso-diaminopimelate_containing)	PWY0-1296:_purine_ribonucleosides_degradation	3	0.17647058823529413	0.04881509528257222
PWY-7953:_UDP-N-acetylmuramoyl-pentapeptide_biosynthesis_III_(meso-diaminopimelate_containing)	PWY0-1319:_CDP-diacylglycerol_biosynthesis_II	5	0.3333333333333333	0.883050766367337
PWY-7953:_UDP-N-acetylmuramoyl-pentapeptide_biosynthesis_III_(meso-diaminopimelate_containing)	PWY0-1586:_peptidoglycan_maturation_(meso-diaminopimelate_containing)	4	0.3076923076923077	0.8403566706938131
PWY-7953:_UDP-N-acetylmuramoyl-pentapeptide_biosynthesis_III_(meso-diaminopimelate_containing)	PWY0-162:_superpathway_of_pyrimidine_ribonucleotides_de_novo_biosynthesis	1	0.08333333333333333	0.24555364707617988
PWY-7953:_UDP-N-acetylmuramoyl-pentapeptide_biosynthesis_III_(meso-diaminopimelate_containing)	PWY0-845:_superpathway_of_pyridoxal_5'-phosphate_biosynthesis_and_salvage	1	0.08333333333333333	0.24393767534903033
PWY-7953:_UDP-N-acetylmuramoyl-pentapeptide_biosynthesis_III_(meso-diaminopimelate_containing)	PWY66-429:_fatty_acid_biosynthesis_initiation_(mitochondria)	5	0.29411764705882354	0.8370500271105574
PWY-7953:_UDP-N-acetylmuramoyl-pentapeptide_biosynthesis_III_(meso-diaminopimelate_containing)	PYRIDNUCSYN-PWY:_NAD_de_novo_biosynthesis_I_(from_aspartate)	4	0.2857142857142857	0.9017784287264423
PWY-7953:_UDP-N-acetylmuramoyl-pentapeptide_biosynthesis_III_(meso-diaminopimelate_containing)	PYRIDOXSYN-PWY:_pyridoxal_5'-phosphate_biosynthesis_I	1	0.08333333333333333	0.24362644527504262
PWY-7953:_UDP-N-acetylmuramoyl-pentapeptide_biosynthesis_III_(meso-diaminopimelate_containing)	RHAMCAT-PWY:_L-rhamnose_degradation_I	3	0.23076923076923078	0.8690168850304258
PWY-7953:_UDP-N-acetylmuramoyl-pentapeptide_biosynthesis_III_(meso-diaminopimelate_containing)	RIBOSYN2-PWY:_flavin_biosynthesis_I_(bacteria_and_plants)	7	0.5384615384615384	0.83560776802641
PWY-7953:_UDP-N-acetylmuramoyl-pentapeptide_biosynthesis_III_(meso-diaminopimelate_containing)	SER-GLYSYN-PWY:_superpathway_of_L-serine_and_glycine_biosynthesis_I	6	0.375	0.8821662673487163
PWY-7953:_UDP-N-acetylmuramoyl-pentapeptide_biosynthesis_III_(meso-diaminopimelate_containing)	THISYNARA-PWY:_superpathway_of_thiamine_diphosphate_biosynthesis_III_(eukaryotes)	2	0.15384615384615385	0.014773533344740852
PWY-7953:_UDP-N-acetylmuramoyl-pentapeptide_biosynthesis_III_(meso-diaminopimelate_containing)	THRESYN-PWY:_superpathway_of_L-threonine_biosynthesis	2	0.15384615384615385	0.8034099904300716
PWY-7953:_UDP-N-acetylmuramoyl-pentapeptide_biosynthesis_III_(meso-diaminopimelate_containing)	TRNA-CHARGING-PWY:_tRNA_charging	5	0.35714285714285715	0.8599746509040301
PWY-7953:_UDP-N-acetylmuramoyl-pentapeptide_biosynthesis_III_(meso-diaminopimelate_containing)	UDPNAGSYN-PWY:_UDP-N-acetyl-D-glucosamine_biosynthesis_I	4	0.26666666666666666	0.038378460630976274
PWY-7953:_UDP-N-acetylmuramoyl-pentapeptide_biosynthesis_III_(meso-diaminopimelate_containing)	VALSYN-PWY:_L-valine_biosynthesis	10	0.4166666666666667	0.8259768127823929
PWY-7977:_L-methionine_biosynthesis_IV	PWY-8178:_pentose_phosphate_pathway_(non-oxidative_branch)_II	2	0.18181818181818182	0.31594220987803245
PWY-7977:_L-methionine_biosynthesis_IV	PWY0-1296:_purine_ribonucleosides_degradation	2	0.16666666666666666	0.13423793047950794
PWY-7977:_L-methionine_biosynthesis_IV	PWY0-1319:_CDP-diacylglycerol_biosynthesis_II	4	0.4	0.8730936405070722
PWY-7977:_L-methionine_biosynthesis_IV	PWY0-1586:_peptidoglycan_maturation_(meso-diaminopimelate_containing)	3	0.375	0.8740721294862833
PWY-7977:_L-methionine_biosynthesis_IV	PWY0-162:_superpathway_of_pyrimidine_ribonucleotides_de_novo_biosynthesis	1	0.16666666666666666	0.26348665783040826
PWY-7977:_L-methionine_biosynthesis_IV	PWY0-845:_superpathway_of_pyridoxal_5'-phosphate_biosynthesis_and_salvage	1	0.16666666666666666	0.27452247267811014
PWY-7977:_L-methionine_biosynthesis_IV	PWY66-429:_fatty_acid_biosynthesis_initiation_(mitochondria)	3	0.23076923076923078	0.8152876654063941
PWY-7977:_L-methionine_biosynthesis_IV	PYRIDNUCSYN-PWY:_NAD_de_novo_biosynthesis_I_(from_aspartate)	4	0.5	0.8671524135634219
PWY-7977:_L-methionine_biosynthesis_IV	PYRIDOXSYN-PWY:_pyridoxal_5'-phosphate_biosynthesis_I	1	0.16666666666666666	0.27664850520388085
PWY-7977:_L-methionine_biosynthesis_IV	RHAMCAT-PWY:_L-rhamnose_degradation_I	3	0.42857142857142855	0.8614832862108582
PWY-7977:_L-methionine_biosynthesis_IV	RIBOSYN2-PWY:_flavin_biosynthesis_I_(bacteria_and_plants)	4	0.4	0.844216725473995
PWY-7977:_L-methionine_biosynthesis_IV	SALVADEHYPOX-PWY:_adenosine_nucleotides_degradation_II	1	0.16666666666666666	0.08422706831040072
PWY-7977:_L-methionine_biosynthesis_IV	SER-GLYSYN-PWY:_superpathway_of_L-serine_and_glycine_biosynthesis_I	5	0.45454545454545453	0.8773810708037386
PWY-7977:_L-methionine_biosynthesis_IV	THISYNARA-PWY:_superpathway_of_thiamine_diphosphate_biosynthesis_III_(eukaryotes)	1	0.125	0.07774520793693229
PWY-7977:_L-methionine_biosynthesis_IV	THRESYN-PWY:_superpathway_of_L-threonine_biosynthesis	2	0.2857142857142857	0.8128923167969608
PWY-7977:_L-methionine_biosynthesis_IV	TRNA-CHARGING-PWY:_tRNA_charging	5	0.625	0.9410514494351643
PWY-7977:_L-methionine_biosynthesis_IV	VALSYN-PWY:_L-valine_biosynthesis	4	0.16666666666666666	0.831379264456778
PWY-8178:_pentose_phosphate_pathway_(non-oxidative_branch)_II	PWY-I9:_L-cysteine_biosynthesis_VI_(from_L-methionine)	1	0.14285714285714285	0.004356740205765375
PWY-8178:_pentose_phosphate_pathway_(non-oxidative_branch)_II	PWY0-1061:_superpathway_of_L-alanine_biosynthesis	2	0.2857142857142857	0.06832308458737413
PWY-8178:_pentose_phosphate_pathway_(non-oxidative_branch)_II	PWY0-1296:_purine_ribonucleosides_degradation	4	0.36363636363636365	0.19047940602235236
PWY-8178:_pentose_phosphate_pathway_(non-oxidative_branch)_II	PWY0-1319:_CDP-diacylglycerol_biosynthesis_II	4	0.36363636363636365	0.26115471488668196
PWY-8178:_pentose_phosphate_pathway_(non-oxidative_branch)_II	PWY0-1586:_peptidoglycan_maturation_(meso-diaminopimelate_containing)	2	0.2	0.3355676162548782
PWY-8178:_pentose_phosphate_pathway_(non-oxidative_branch)_II	PWY0-162:_superpathway_of_pyrimidine_ribonucleotides_de_novo_biosynthesis	1	0.14285714285714285	0.76166043104709
PWY-8178:_pentose_phosphate_pathway_(non-oxidative_branch)_II	PWY0-845:_superpathway_of_pyridoxal_5'-phosphate_biosynthesis_and_salvage	1	0.14285714285714285	0.7841396673896533
PWY-8178:_pentose_phosphate_pathway_(non-oxidative_branch)_II	PWY66-429:_fatty_acid_biosynthesis_initiation_(mitochondria)	2	0.13333333333333333	0.2975967429308719
PWY-8178:_pentose_phosphate_pathway_(non-oxidative_branch)_II	PYRIDNUCSYN-PWY:_NAD_de_novo_biosynthesis_I_(from_aspartate)	2	0.18181818181818182	0.2399918825012416
PWY-8178:_pentose_phosphate_pathway_(non-oxidative_branch)_II	PYRIDOXSYN-PWY:_pyridoxal_5'-phosphate_biosynthesis_I	1	0.14285714285714285	0.7884090745415538
PWY-8178:_pentose_phosphate_pathway_(non-oxidative_branch)_II	RHAMCAT-PWY:_L-rhamnose_degradation_I	3	0.375	0.33181296558934115
PWY-8178:_pentose_phosphate_pathway_(non-oxidative_branch)_II	RIBOSYN2-PWY:_flavin_biosynthesis_I_(bacteria_and_plants)	4	0.36363636363636365	0.2688779272102677
PWY-8178:_pentose_phosphate_pathway_(non-oxidative_branch)_II	SER-GLYSYN-PWY:_superpathway_of_L-serine_and_glycine_biosynthesis_I	5	0.4166666666666667	0.2986373526686318
PWY-8178:_pentose_phosphate_pathway_(non-oxidative_branch)_II	THISYNARA-PWY:_superpathway_of_thiamine_diphosphate_biosynthesis_III_(eukaryotes)	2	0.25	0.05052088326934545
PWY-8178:_pentose_phosphate_pathway_(non-oxidative_branch)_II	TRNA-CHARGING-PWY:_tRNA_charging	3	0.2727272727272727	0.2811284541910536
PWY-8178:_pentose_phosphate_pathway_(non-oxidative_branch)_II	VALSYN-PWY:_L-valine_biosynthesis	7	0.3181818181818182	0.332068567947741
PWY-I9:_L-cysteine_biosynthesis_VI_(from_L-methionine)	VALSYN-PWY:_L-valine_biosynthesis	1	0.045454545454545456	0.0008923628773918058
PWY0-1061:_superpathway_of_L-alanine_biosynthesis	PWY0-1296:_purine_ribonucleosides_degradation	2	0.25	0.07566901899662781
PWY0-1061:_superpathway_of_L-alanine_biosynthesis	PWY0-1319:_CDP-diacylglycerol_biosynthesis_II	1	0.1111111111111111	0.011819632093719945
PWY0-1061:_superpathway_of_L-alanine_biosynthesis	PWY0-1586:_peptidoglycan_maturation_(meso-diaminopimelate_containing)	1	0.16666666666666666	0.013259201174634971
PWY0-1061:_superpathway_of_L-alanine_biosynthesis	PYRIDNUCSYN-PWY:_NAD_de_novo_biosynthesis_I_(from_aspartate)	1	0.14285714285714285	0.011069258489805889
PWY0-1061:_superpathway_of_L-alanine_biosynthesis	RIBOSYN2-PWY:_flavin_biosynthesis_I_(bacteria_and_plants)	2	0.25	0.014371127255075278
PWY0-1061:_superpathway_of_L-alanine_biosynthesis	SER-GLYSYN-PWY:_superpathway_of_L-serine_and_glycine_biosynthesis_I	1	0.09090909090909091	0.006656470461241737
PWY0-1061:_superpathway_of_L-alanine_biosynthesis	THISYNARA-PWY:_superpathway_of_thiamine_diphosphate_biosynthesis_III_(eukaryotes)	2	0.6666666666666666	0.2617340009654584
PWY0-1061:_superpathway_of_L-alanine_biosynthesis	TRNA-CHARGING-PWY:_tRNA_charging	2	0.2857142857142857	0.016693029971345807
PWY0-1061:_superpathway_of_L-alanine_biosynthesis	VALSYN-PWY:_L-valine_biosynthesis	2	0.09090909090909091	0.01436018421315266
PWY0-1241:_ADP-L-glycero-&beta;-D-manno-heptose_biosynthesis	PWY66-429:_fatty_acid_biosynthesis_initiation_(mitochondria)	1	0.09090909090909091	0.006074364007197852
PWY0-1241:_ADP-L-glycero-&beta;-D-manno-heptose_biosynthesis	RIBOSYN2-PWY:_flavin_biosynthesis_I_(bacteria_and_plants)	2	0.25	0.011627858241126221
PWY0-1241:_ADP-L-glycero-&beta;-D-manno-heptose_biosynthesis	UDPNAGSYN-PWY:_UDP-N-acetyl-D-glucosamine_biosynthesis_I	2	0.2857142857142857	0.2184085848795323
PWY0-1241:_ADP-L-glycero-&beta;-D-manno-heptose_biosynthesis	VALSYN-PWY:_L-valine_biosynthesis	2	0.09090909090909091	0.010646260985818334
PWY0-1296:_purine_ribonucleosides_degradation	PWY0-1319:_CDP-diacylglycerol_biosynthesis_II	3	0.23076923076923078	0.21511736004296012
PWY0-1296:_purine_ribonucleosides_degradation	PWY0-1586:_peptidoglycan_maturation_(meso-diaminopimelate_containing)	2	0.18181818181818182	0.050579818645097085
PWY0-1296:_purine_ribonucleosides_degradation	PWY66-429:_fatty_acid_biosynthesis_initiation_(mitochondria)	3	0.2	0.05973742314774977
PWY0-1296:_purine_ribonucleosides_degradation	PYRIDNUCSYN-PWY:_NAD_de_novo_biosynthesis_I_(from_aspartate)	1	0.07692307692307693	0.014435589643549185
PWY0-1296:_purine_ribonucleosides_degradation	RHAMCAT-PWY:_L-rhamnose_degradation_I	1	0.09090909090909091	0.039028495865197965
PWY0-1296:_purine_ribonucleosides_degradation	RIBOSYN2-PWY:_flavin_biosynthesis_I_(bacteria_and_plants)	4	0.3333333333333333	0.18415210211769184
PWY0-1296:_purine_ribonucleosides_degradation	SALVADEHYPOX-PWY:_adenosine_nucleotides_degradation_II	1	0.125	0.33073454150664594
PWY0-1296:_purine_ribonucleosides_degradation	SER-GLYSYN-PWY:_superpathway_of_L-serine_and_glycine_biosynthesis_I	3	0.2	0.050391086115890826
PWY0-1296:_purine_ribonucleosides_degradation	THISYNARA-PWY:_superpathway_of_thiamine_diphosphate_biosynthesis_III_(eukaryotes)	3	0.375	0.35687764348385387
PWY0-1296:_purine_ribonucleosides_degradation	THRESYN-PWY:_superpathway_of_L-threonine_biosynthesis	1	0.1	0.07971299850171554
PWY0-1296:_purine_ribonucleosides_degradation	TRNA-CHARGING-PWY:_tRNA_charging	3	0.25	0.1845309107358235
PWY0-1296:_purine_ribonucleosides_degradation	VALSYN-PWY:_L-valine_biosynthesis	7	0.30434782608695654	0.25482006984440975
PWY0-1319:_CDP-diacylglycerol_biosynthesis_II	PWY0-1477:_ethanolamine_utilization	1	0.125	0.0075725491019901225
PWY0-1319:_CDP-diacylglycerol_biosynthesis_II	PWY0-1586:_peptidoglycan_maturation_(meso-diaminopimelate_containing)	4	0.4444444444444444	0.835254052905794
PWY0-1319:_CDP-diacylglycerol_biosynthesis_II	PWY0-162:_superpathway_of_pyrimidine_ribonucleotides_de_novo_biosynthesis	1	0.125	0.21428370065739777
PWY0-1319:_CDP-diacylglycerol_biosynthesis_II	PWY0-845:_superpathway_of_pyridoxal_5'-phosphate_biosynthesis_and_salvage	1	0.125	0.21288127158608783
PWY0-1319:_CDP-diacylglycerol_biosynthesis_II	PWY66-429:_fatty_acid_biosynthesis_initiation_(mitochondria)	3	0.2	0.814842127439882
PWY0-1319:_CDP-diacylglycerol_biosynthesis_II	PYRIDNUCSYN-PWY:_NAD_de_novo_biosynthesis_I_(from_aspartate)	3	0.2727272727272727	0.828159085127151
PWY0-1319:_CDP-diacylglycerol_biosynthesis_II	PYRIDOXSYN-PWY:_pyridoxal_5'-phosphate_biosynthesis_I	1	0.125	0.2126111572855729
PWY0-1319:_CDP-diacylglycerol_biosynthesis_II	RHAMCAT-PWY:_L-rhamnose_degradation_I	4	0.5	0.8620296506131763
PWY0-1319:_CDP-diacylglycerol_biosynthesis_II	RIBOSYN2-PWY:_flavin_biosynthesis_I_(bacteria_and_plants)	5	0.45454545454545453	0.9020594352900206
PWY0-1319:_CDP-diacylglycerol_biosynthesis_II	SALVADEHYPOX-PWY:_adenosine_nucleotides_degradation_II	1	0.125	0.08702584955695192
PWY0-1319:_CDP-diacylglycerol_biosynthesis_II	SER-GLYSYN-PWY:_superpathway_of_L-serine_and_glycine_biosynthesis_I	4	0.2857142857142857	0.798759085035806
PWY0-1319:_CDP-diacylglycerol_biosynthesis_II	THISYNARA-PWY:_superpathway_of_thiamine_diphosphate_biosynthesis_III_(eukaryotes)	2	0.2222222222222222	0.0915640030720416
PWY0-1319:_CDP-diacylglycerol_biosynthesis_II	THRESYN-PWY:_superpathway_of_L-threonine_biosynthesis	2	0.2222222222222222	0.8399023209478665
PWY0-1319:_CDP-diacylglycerol_biosynthesis_II	TRNA-CHARGING-PWY:_tRNA_charging	4	0.36363636363636365	0.87419183775943
PWY0-1319:_CDP-diacylglycerol_biosynthesis_II	VALSYN-PWY:_L-valine_biosynthesis	8	0.36363636363636365	0.8895100017401164
PWY0-1477:_ethanolamine_utilization	VALSYN-PWY:_L-valine_biosynthesis	1	0.045454545454545456	0.01173706102621519
PWY0-1586:_peptidoglycan_maturation_(meso-diaminopimelate_containing)	PWY0-162:_superpathway_of_pyrimidine_ribonucleotides_de_novo_biosynthesis	1	0.2	0.2997833571984049
PWY0-1586:_peptidoglycan_maturation_(meso-diaminopimelate_containing)	PWY0-845:_superpathway_of_pyridoxal_5'-phosphate_biosynthesis_and_salvage	1	0.2	0.31206621416087965
PWY0-1586:_peptidoglycan_maturation_(meso-diaminopimelate_containing)	PWY66-429:_fatty_acid_biosynthesis_initiation_(mitochondria)	3	0.25	0.8137505077823521
PWY0-1586:_peptidoglycan_maturation_(meso-diaminopimelate_containing)	PYRIDNUCSYN-PWY:_NAD_de_novo_biosynthesis_I_(from_aspartate)	3	0.375	0.8110775958529716
PWY0-1586:_peptidoglycan_maturation_(meso-diaminopimelate_containing)	PYRIDOXSYN-PWY:_pyridoxal_5'-phosphate_biosynthesis_I	1	0.2	0.314430019327784
PWY0-1586:_peptidoglycan_maturation_(meso-diaminopimelate_containing)	RHAMCAT-PWY:_L-rhamnose_degradation_I	2	0.2857142857142857	0.8843802383221177
PWY0-1586:_peptidoglycan_maturation_(meso-diaminopimelate_containing)	RIBOSYN2-PWY:_flavin_biosynthesis_I_(bacteria_and_plants)	4	0.4444444444444444	0.8086350175116558
PWY0-1586:_peptidoglycan_maturation_(meso-diaminopimelate_containing)	SALVADEHYPOX-PWY:_adenosine_nucleotides_degradation_II	1	0.2	0.04050970411509902
PWY0-1586:_peptidoglycan_maturation_(meso-diaminopimelate_containing)	SER-GLYSYN-PWY:_superpathway_of_L-serine_and_glycine_biosynthesis_I	2	0.15384615384615385	0.8342289183207523
PWY0-1586:_peptidoglycan_maturation_(meso-diaminopimelate_containing)	THISYNARA-PWY:_superpathway_of_thiamine_diphosphate_biosynthesis_III_(eukaryotes)	2	0.3333333333333333	0.05287754235007425
PWY0-1586:_peptidoglycan_maturation_(meso-diaminopimelate_containing)	THRESYN-PWY:_superpathway_of_L-threonine_biosynthesis	2	0.3333333333333333	0.807260776061506
PWY0-1586:_peptidoglycan_maturation_(meso-diaminopimelate_containing)	TRNA-CHARGING-PWY:_tRNA_charging	4	0.5	0.8500293875924715
PWY0-1586:_peptidoglycan_maturation_(meso-diaminopimelate_containing)	UDPNAGSYN-PWY:_UDP-N-acetyl-D-glucosamine_biosynthesis_I	1	0.09090909090909091	0.014992267502629053
PWY0-1586:_peptidoglycan_maturation_(meso-diaminopimelate_containing)	VALSYN-PWY:_L-valine_biosynthesis	5	0.22727272727272727	0.8029068384290532
PWY0-162:_superpathway_of_pyrimidine_ribonucleotides_de_novo_biosynthesis	PWY0-845:_superpathway_of_pyridoxal_5'-phosphate_biosynthesis_and_salvage	1	1.0	0.9763015230246032
PWY0-162:_superpathway_of_pyrimidine_ribonucleotides_de_novo_biosynthesis	PWY66-429:_fatty_acid_biosynthesis_initiation_(mitochondria)	1	0.1	0.2425894800281545
PWY0-162:_superpathway_of_pyrimidine_ribonucleotides_de_novo_biosynthesis	PYRIDNUCSYN-PWY:_NAD_de_novo_biosynthesis_I_(from_aspartate)	1	0.16666666666666666	0.24295303202527152
PWY0-162:_superpathway_of_pyrimidine_ribonucleotides_de_novo_biosynthesis	PYRIDOXSYN-PWY:_pyridoxal_5'-phosphate_biosynthesis_I	1	1.0	0.9718307683514759
PWY0-162:_superpathway_of_pyrimidine_ribonucleotides_de_novo_biosynthesis	RHAMCAT-PWY:_L-rhamnose_degradation_I	1	0.25	0.2642987463036689
PWY0-162:_superpathway_of_pyrimidine_ribonucleotides_de_novo_biosynthesis	RIBOSYN2-PWY:_flavin_biosynthesis_I_(bacteria_and_plants)	1	0.125	0.24164202534746038
PWY0-162:_superpathway_of_pyrimidine_ribonucleotides_de_novo_biosynthesis	SER-GLYSYN-PWY:_superpathway_of_L-serine_and_glycine_biosynthesis_I	1	0.1	0.25474545297163964
PWY0-162:_superpathway_of_pyrimidine_ribonucleotides_de_novo_biosynthesis	TRNA-CHARGING-PWY:_tRNA_charging	1	0.14285714285714285	0.2553532600120363
PWY0-162:_superpathway_of_pyrimidine_ribonucleotides_de_novo_biosynthesis	VALSYN-PWY:_L-valine_biosynthesis	1	0.045454545454545456	0.22342499392684467
PWY0-845:_superpathway_of_pyridoxal_5'-phosphate_biosynthesis_and_salvage	PWY66-429:_fatty_acid_biosynthesis_initiation_(mitochondria)	1	0.1	0.2528774997899478
PWY0-845:_superpathway_of_pyridoxal_5'-phosphate_biosynthesis_and_salvage	PYRIDNUCSYN-PWY:_NAD_de_novo_biosynthesis_I_(from_aspartate)	1	0.16666666666666666	0.24145117705794272
PWY0-845:_superpathway_of_pyridoxal_5'-phosphate_biosynthesis_and_salvage	PYRIDOXSYN-PWY:_pyridoxal_5'-phosphate_biosynthesis_I	1	1.0	0.9955262588009106
PWY0-845:_superpathway_of_pyridoxal_5'-phosphate_biosynthesis_and_salvage	RHAMCAT-PWY:_L-rhamnose_degradation_I	1	0.25	0.2753631809022309
PWY0-845:_superpathway_of_pyridoxal_5'-phosphate_biosynthesis_and_salvage	RIBOSYN2-PWY:_flavin_biosynthesis_I_(bacteria_and_plants)	1	0.125	0.24822189117688254
PWY0-845:_superpathway_of_pyridoxal_5'-phosphate_biosynthesis_and_salvage	SER-GLYSYN-PWY:_superpathway_of_L-serine_and_glycine_biosynthesis_I	1	0.1	0.25294198172962956
PWY0-845:_superpathway_of_pyridoxal_5'-phosphate_biosynthesis_and_salvage	TRNA-CHARGING-PWY:_tRNA_charging	1	0.14285714285714285	0.2661006192966716
PWY0-845:_superpathway_of_pyridoxal_5'-phosphate_biosynthesis_and_salvage	VALSYN-PWY:_L-valine_biosynthesis	1	0.045454545454545456	0.2330080229139624
PWY66-429:_fatty_acid_biosynthesis_initiation_(mitochondria)	PYRIDNUCSYN-PWY:_NAD_de_novo_biosynthesis_I_(from_aspartate)	2	0.14285714285714285	0.8523710722605473
PWY66-429:_fatty_acid_biosynthesis_initiation_(mitochondria)	PYRIDOXSYN-PWY:_pyridoxal_5'-phosphate_biosynthesis_I	1	0.1	0.2548606628952228
PWY66-429:_fatty_acid_biosynthesis_initiation_(mitochondria)	RHAMCAT-PWY:_L-rhamnose_degradation_I	3	0.2727272727272727	0.8668146841763967
PWY66-429:_fatty_acid_biosynthesis_initiation_(mitochondria)	RIBOSYN2-PWY:_flavin_biosynthesis_I_(bacteria_and_plants)	4	0.2857142857142857	0.9015605101444925
PWY66-429:_fatty_acid_biosynthesis_initiation_(mitochondria)	SER-GLYSYN-PWY:_superpathway_of_L-serine_and_glycine_biosynthesis_I	4	0.25	0.7585314991992993
PWY66-429:_fatty_acid_biosynthesis_initiation_(mitochondria)	THRESYN-PWY:_superpathway_of_L-threonine_biosynthesis	1	0.08333333333333333	0.7371551050824462
PWY66-429:_fatty_acid_biosynthesis_initiation_(mitochondria)	TRNA-CHARGING-PWY:_tRNA_charging	2	0.13333333333333333	0.7662085877142604
PWY66-429:_fatty_acid_biosynthesis_initiation_(mitochondria)	UDPNAGSYN-PWY:_UDP-N-acetyl-D-glucosamine_biosynthesis_I	3	0.21428571428571427	0.030677343907380417
PWY66-429:_fatty_acid_biosynthesis_initiation_(mitochondria)	VALSYN-PWY:_L-valine_biosynthesis	9	0.391304347826087	0.8395544415005838
PYRIDNUCSYN-PWY:_NAD_de_novo_biosynthesis_I_(from_aspartate)	PYRIDOXSYN-PWY:_pyridoxal_5'-phosphate_biosynthesis_I	1	0.16666666666666666	0.24116178678925293
PYRIDNUCSYN-PWY:_NAD_de_novo_biosynthesis_I_(from_aspartate)	RHAMCAT-PWY:_L-rhamnose_degradation_I	2	0.25	0.8387808010439226
PYRIDNUCSYN-PWY:_NAD_de_novo_biosynthesis_I_(from_aspartate)	RIBOSYN2-PWY:_flavin_biosynthesis_I_(bacteria_and_plants)	3	0.2727272727272727	0.85512629373494
PYRIDNUCSYN-PWY:_NAD_de_novo_biosynthesis_I_(from_aspartate)	SER-GLYSYN-PWY:_superpathway_of_L-serine_and_glycine_biosynthesis_I	4	0.3333333333333333	0.8660925285237819
PYRIDNUCSYN-PWY:_NAD_de_novo_biosynthesis_I_(from_aspartate)	THISYNARA-PWY:_superpathway_of_thiamine_diphosphate_biosynthesis_III_(eukaryotes)	1	0.125	0.01055827794536257
PYRIDNUCSYN-PWY:_NAD_de_novo_biosynthesis_I_(from_aspartate)	THRESYN-PWY:_superpathway_of_L-threonine_biosynthesis	1	0.125	0.765419963144361
PYRIDNUCSYN-PWY:_NAD_de_novo_biosynthesis_I_(from_aspartate)	TRNA-CHARGING-PWY:_tRNA_charging	5	0.625	0.8736847037366499
PYRIDNUCSYN-PWY:_NAD_de_novo_biosynthesis_I_(from_aspartate)	UDPNAGSYN-PWY:_UDP-N-acetyl-D-glucosamine_biosynthesis_I	1	0.08333333333333333	0.017956910829454942
PYRIDNUCSYN-PWY:_NAD_de_novo_biosynthesis_I_(from_aspartate)	VALSYN-PWY:_L-valine_biosynthesis	4	0.16666666666666666	0.7931580377925335
PYRIDOXSYN-PWY:_pyridoxal_5'-phosphate_biosynthesis_I	RHAMCAT-PWY:_L-rhamnose_degradation_I	1	0.25	0.2774946771854182
PYRIDOXSYN-PWY:_pyridoxal_5'-phosphate_biosynthesis_I	RIBOSYN2-PWY:_flavin_biosynthesis_I_(bacteria_and_plants)	1	0.125	0.2479412266634724
PYRIDOXSYN-PWY:_pyridoxal_5'-phosphate_biosynthesis_I	SER-GLYSYN-PWY:_superpathway_of_L-serine_and_glycine_biosynthesis_I	1	0.1	0.25259484783025143
PYRIDOXSYN-PWY:_pyridoxal_5'-phosphate_biosynthesis_I	TRNA-CHARGING-PWY:_tRNA_charging	1	0.14285714285714285	0.2681715658382813
PYRIDOXSYN-PWY:_pyridoxal_5'-phosphate_biosynthesis_I	VALSYN-PWY:_L-valine_biosynthesis	1	0.045454545454545456	0.23485630850146633
RHAMCAT-PWY:_L-rhamnose_degradation_I	RIBOSYN2-PWY:_flavin_biosynthesis_I_(bacteria_and_plants)	3	0.3333333333333333	0.8372501744311812
RHAMCAT-PWY:_L-rhamnose_degradation_I	SER-GLYSYN-PWY:_superpathway_of_L-serine_and_glycine_biosynthesis_I	4	0.4	0.8012852057495867
RHAMCAT-PWY:_L-rhamnose_degradation_I	THRESYN-PWY:_superpathway_of_L-threonine_biosynthesis	1	0.16666666666666666	0.7816310583466592
RHAMCAT-PWY:_L-rhamnose_degradation_I	TRNA-CHARGING-PWY:_tRNA_charging	2	0.2222222222222222	0.8049314187437304
RHAMCAT-PWY:_L-rhamnose_degradation_I	VALSYN-PWY:_L-valine_biosynthesis	4	0.18181818181818182	0.8330858242970521
RIBOSYN2-PWY:_flavin_biosynthesis_I_(bacteria_and_plants)	SALVADEHYPOX-PWY:_adenosine_nucleotides_degradation_II	1	0.125	0.07658866344009818
RIBOSYN2-PWY:_flavin_biosynthesis_I_(bacteria_and_plants)	SER-GLYSYN-PWY:_superpathway_of_L-serine_and_glycine_biosynthesis_I	4	0.2857142857142857	0.750812170366347
RIBOSYN2-PWY:_flavin_biosynthesis_I_(bacteria_and_plants)	THISYNARA-PWY:_superpathway_of_thiamine_diphosphate_biosynthesis_III_(eukaryotes)	3	0.375	0.08248394042879525
RIBOSYN2-PWY:_flavin_biosynthesis_I_(bacteria_and_plants)	THRESYN-PWY:_superpathway_of_L-threonine_biosynthesis	2	0.2222222222222222	0.7760327574858986
RIBOSYN2-PWY:_flavin_biosynthesis_I_(bacteria_and_plants)	TRNA-CHARGING-PWY:_tRNA_charging	5	0.5	0.8556128204863258
RIBOSYN2-PWY:_flavin_biosynthesis_I_(bacteria_and_plants)	UDPNAGSYN-PWY:_UDP-N-acetyl-D-glucosamine_biosynthesis_I	2	0.15384615384615385	0.010858291557610644
RIBOSYN2-PWY:_flavin_biosynthesis_I_(bacteria_and_plants)	VALSYN-PWY:_L-valine_biosynthesis	8	0.36363636363636365	0.8753458102311306
SALVADEHYPOX-PWY:_adenosine_nucleotides_degradation_II	THISYNARA-PWY:_superpathway_of_thiamine_diphosphate_biosynthesis_III_(eukaryotes)	1	0.3333333333333333	0.8842448042367881
SALVADEHYPOX-PWY:_adenosine_nucleotides_degradation_II	THRESYN-PWY:_superpathway_of_L-threonine_biosynthesis	1	0.3333333333333333	0.09861098721656814
SALVADEHYPOX-PWY:_adenosine_nucleotides_degradation_II	TRNA-CHARGING-PWY:_tRNA_charging	1	0.14285714285714285	0.08136783702061612
SALVADEHYPOX-PWY:_adenosine_nucleotides_degradation_II	VALSYN-PWY:_L-valine_biosynthesis	1	0.045454545454545456	0.07031715488584422
SER-GLYSYN-PWY:_superpathway_of_L-serine_and_glycine_biosynthesis_I	THISYNARA-PWY:_superpathway_of_thiamine_diphosphate_biosynthesis_III_(eukaryotes)	1	0.08333333333333333	0.0037515757708148634
SER-GLYSYN-PWY:_superpathway_of_L-serine_and_glycine_biosynthesis_I	THRESYN-PWY:_superpathway_of_L-threonine_biosynthesis	2	0.18181818181818182	0.7544137189602613
SER-GLYSYN-PWY:_superpathway_of_L-serine_and_glycine_biosynthesis_I	TRNA-CHARGING-PWY:_tRNA_charging	5	0.4166666666666667	0.8623138219055397
SER-GLYSYN-PWY:_superpathway_of_L-serine_and_glycine_biosynthesis_I	UDPNAGSYN-PWY:_UDP-N-acetyl-D-glucosamine_biosynthesis_I	2	0.13333333333333333	0.023903182332019157
SER-GLYSYN-PWY:_superpathway_of_L-serine_and_glycine_biosynthesis_I	VALSYN-PWY:_L-valine_biosynthesis	7	0.28	0.7369056263222417
THISYNARA-PWY:_superpathway_of_thiamine_diphosphate_biosynthesis_III_(eukaryotes)	THRESYN-PWY:_superpathway_of_L-threonine_biosynthesis	1	0.2	0.09805832508051016
THISYNARA-PWY:_superpathway_of_thiamine_diphosphate_biosynthesis_III_(eukaryotes)	TRNA-CHARGING-PWY:_tRNA_charging	3	0.42857142857142855	0.08884876518662066
THISYNARA-PWY:_superpathway_of_thiamine_diphosphate_biosynthesis_III_(eukaryotes)	VALSYN-PWY:_L-valine_biosynthesis	3	0.13636363636363635	0.07682276836657598
THRESYN-PWY:_superpathway_of_L-threonine_biosynthesis	TRNA-CHARGING-PWY:_tRNA_charging	2	0.25	0.791024095476275
THRESYN-PWY:_superpathway_of_L-threonine_biosynthesis	UDPNAGSYN-PWY:_UDP-N-acetyl-D-glucosamine_biosynthesis_I	1	0.1111111111111111	0.010602080302659966
THRESYN-PWY:_superpathway_of_L-threonine_biosynthesis	VALSYN-PWY:_L-valine_biosynthesis	2	0.08695652173913043	0.7344962188011908
TRNA-CHARGING-PWY:_tRNA_charging	VALSYN-PWY:_L-valine_biosynthesis	5	0.20833333333333334	0.8335927303244228
UDPNAGSYN-PWY:_UDP-N-acetyl-D-glucosamine_biosynthesis_I	VALSYN-PWY:_L-valine_biosynthesis	6	0.2608695652173913	0.06037278770700971
